Source,Location ID,City,State,Country,Latitude,Longitude,Time Zone,Elevation,Local Time Zone,Clearsky DHI Units,Clearsky DNI Units,Clearsky GHI Units,Dew Point Units,DHI Units,DNI Units,GHI Units,Solar Zenith Angle Units,Temperature Units,Pressure Units,Relative Humidity Units,Precipitable Water Units,Wind Direction Units,Wind Speed,Cloud Type -15,Cloud Type 0,Cloud Type 1,Cloud Type 2,Cloud Type 3,Cloud Type 4,Cloud Type 5,Cloud Type 6,Cloud Type 7,Cloud Type 8,Cloud Type 9,Cloud Type 10,Cloud Type 11,Cloud Type 12,Fill Flag 0,Fill Flag 1,Fill Flag 2,Fill Flag 3,Fill Flag 4,Fill Flag 5,Surface Albedo Units,Version
NSRDB,2828279,-,-,-,18.1,-65.95,-4,305,-4,w/m2,w/m2,w/m2,c,w/m2,w/m2,w/m2,Degree,c,mbar,%,cm,Degrees,m/s,N/A,Clear,Probably Clear,Fog,Water,Super-Cooled Water,Mixed,Opaque Ice,Cirrus,Overlapping,Overshooting,Unknown,Dust,Smoke,N/A,Missing Image,Low Irradiance,Exceeds Clearsky,Missing CLoud Properties,Rayleigh Violation,N/A,3.2.0
Year,Month,Day,Hour,Minute,GHI,DNI,Wind Speed,Temperature,Relative Humidity
2020,1,1,0,0,0,0,2.3000000000000003,24.6,94.31
2020,1,1,0,15,0,0,2.3000000000000003,24.6,94.31
2020,1,1,0,30,0,0,2.3000000000000003,24.5,94.87
2020,1,1,0,45,0,0,2.4000000000000004,24.5,94.88
2020,1,1,1,0,0,0,2.4000000000000004,24.5,94.78
2020,1,1,1,15,0,0,2.4000000000000004,24.5,94.78
2020,1,1,1,30,0,0,2.5,24.5,94.78
2020,1,1,1,45,0,0,2.5,24.400000000000002,95.18
2020,1,1,2,0,0,0,2.5,24.400000000000002,95.18
2020,1,1,2,15,0,0,2.6,24.400000000000002,95.18
2020,1,1,2,30,0,0,2.6,24.400000000000002,95.18
2020,1,1,2,45,0,0,2.7,24.400000000000002,95.06
2020,1,1,3,0,0,0,2.7,24.400000000000002,94.96000000000001
2020,1,1,3,15,0,0,2.8000000000000003,24.400000000000002,94.96000000000001
2020,1,1,3,30,0,0,2.8000000000000003,24.400000000000002,94.96000000000001
2020,1,1,3,45,0,0,2.9000000000000004,24.400000000000002,94.76
2020,1,1,4,0,0,0,3,24.3,95.33
2020,1,1,4,15,0,0,3,24.3,95.33
2020,1,1,4,30,0,0,3,24.3,95.33
2020,1,1,4,45,0,0,3.1,24.3,95.04
2020,1,1,5,0,0,0,3.1,24.3,95.04
2020,1,1,5,15,0,0,3.2,24.3,95.04
2020,1,1,5,30,0,0,3.2,24.3,95.04
2020,1,1,5,45,0,0,3.2,24.3,94.67
2020,1,1,6,0,0,0,3.2,24.3,94.67
2020,1,1,6,15,0,0,3.3000000000000003,24.400000000000002,94.11
2020,1,1,6,30,0,0,3.3000000000000003,24.5,93.55
2020,1,1,6,45,0,0,3.3000000000000003,24.6,93.83
2020,1,1,7,0,0,0,3.4000000000000004,24.700000000000003,93.37
2020,1,1,7,15,38,253,3.4000000000000004,24.900000000000002,92.27
2020,1,1,7,30,80,402,3.4000000000000004,25,91.72
2020,1,1,7,45,130,516,3.5,25.200000000000003,90.71000000000001
2020,1,1,8,0,182,598,3.5,25.3,90.17
2020,1,1,8,15,236,661,3.5,25.6,88.68
2020,1,1,8,30,290,710,3.5,25.8,87.63
2020,1,1,8,45,342,745,3.5,26,84.71000000000001
2020,1,1,9,0,394,778,3.5,26.200000000000003,83.72
2020,1,1,9,15,444,805,3.5,26.400000000000002,82.74
2020,1,1,9,30,491,828,3.5,26.6,81.78
2020,1,1,9,45,536,842,3.4000000000000004,26.8,79.10000000000001
2020,1,1,10,0,577,858,3.4000000000000004,27,78.18
2020,1,1,10,15,616,873,3.4000000000000004,27.1,77.72
2020,1,1,10,30,651,883,3.4000000000000004,27.3,76.82000000000001
2020,1,1,10,45,683,899,3.3000000000000003,27.400000000000002,75.94
2020,1,1,11,0,711,907,3.3000000000000003,27.6,75.06
2020,1,1,11,15,734,914,3.3000000000000003,27.700000000000003,74.55
2020,1,1,11,30,753,919,3.3000000000000003,27.8,74.11
2020,1,1,11,45,767,918,3.2,27.900000000000002,73.55
2020,1,1,12,0,777,920,3.2,28,73.12
2020,1,1,12,15,784,922,3.2,28,73.05
2020,1,1,12,30,247,11,3.1,28,73.05
2020,1,1,12,45,395,63,3.1,28.1,72.51
2020,1,1,13,0,772,912,3,28.1,72.51
2020,1,1,13,15,760,909,3,28.1,72.44
2020,1,1,13,30,743,904,2.9000000000000004,28.1,72.44
2020,1,1,13,45,224,9,2.9000000000000004,28.1,72.37
2020,1,1,14,0,697,889,2.8000000000000003,28.1,72.37
2020,1,1,14,15,137,0,2.8000000000000003,28.1,72.37
2020,1,1,14,30,636,869,2.7,28,72.79
2020,1,1,14,45,599,853,2.7,28,72.77
2020,1,1,15,0,559,839,2.6,27.900000000000002,73.19
2020,1,1,15,15,121,0,2.5,27.8,73.62
2020,1,1,15,30,101,0,2.5,27.700000000000003,74.05
2020,1,1,15,45,422,771,2.4000000000000004,27.6,75.11
2020,1,1,16,0,371,740,2.4000000000000004,27.400000000000002,75.99
2020,1,1,16,15,22,0,2.2,27.200000000000003,76.96000000000001
2020,1,1,16,30,265,657,2.1,27,77.86
2020,1,1,16,45,211,597,2,26.8,80.09
2020,1,1,17,0,158,525,1.9000000000000001,26.6,81.03
2020,1,1,17,15,107,430,1.8,26.400000000000002,81.99
2020,1,1,17,30,61,304,1.7000000000000002,26.200000000000003,82.96000000000001
2020,1,1,17,45,24,147,1.6,26,85.43
2020,1,1,18,0,0,0,1.5,25.8,86.53
2020,1,1,18,15,0,0,1.5,25.700000000000003,87.04
2020,1,1,18,30,0,0,1.5,25.6,87.56
2020,1,1,18,45,0,0,1.4000000000000001,25.6,87.57000000000001
2020,1,1,19,0,0,0,1.4000000000000001,25.5,88.09
2020,1,1,19,15,0,0,1.4000000000000001,25.5,88.09
2020,1,1,19,30,0,0,1.4000000000000001,25.5,88.09
2020,1,1,19,45,0,0,1.4000000000000001,25.5,88.09
2020,1,1,20,0,0,0,1.4000000000000001,25.200000000000003,89.72
2020,1,1,20,15,0,0,1.4000000000000001,25.200000000000003,89.72
2020,1,1,20,30,0,0,1.4000000000000001,25.1,90.25
2020,1,1,20,45,0,0,1.4000000000000001,25.1,90.07000000000001
2020,1,1,21,0,0,0,1.4000000000000001,25,90.61
2020,1,1,21,15,0,0,1.4000000000000001,25,90.61
2020,1,1,21,30,0,0,1.4000000000000001,25,90.7
2020,1,1,21,45,0,0,1.5,24.900000000000002,91.07000000000001
2020,1,1,22,0,0,0,1.5,24.900000000000002,91.07000000000001
2020,1,1,22,15,0,0,1.5,24.8,91.61
2020,1,1,22,30,0,0,1.5,24.8,91.61
2020,1,1,22,45,0,0,1.6,24.8,91.74
2020,1,1,23,0,0,0,1.6,24.700000000000003,92.2
2020,1,1,23,15,0,0,1.6,24.700000000000003,92.2
2020,1,1,23,30,0,0,1.7000000000000002,24.700000000000003,92.2
2020,1,1,23,45,0,0,1.7000000000000002,24.6,93.10000000000001
2020,1,2,0,0,0,0,1.8,24.6,93.10000000000001
2020,1,2,0,15,0,0,1.8,24.6,93.10000000000001
2020,1,2,0,30,0,0,1.8,24.6,93.10000000000001
2020,1,2,0,45,0,0,1.9000000000000001,24.5,94.08
2020,1,2,1,0,0,0,1.9000000000000001,24.5,94.08
2020,1,2,1,15,0,0,2,24.5,94.08
2020,1,2,1,30,0,0,2,24.400000000000002,94.65
2020,1,2,1,45,0,0,2.1,24.400000000000002,94.91
2020,1,2,2,0,0,0,2.1,24.400000000000002,94.82000000000001
2020,1,2,2,15,0,0,2.2,24.3,95.38
2020,1,2,2,30,0,0,2.2,24.3,95.38
2020,1,2,2,45,0,0,2.3000000000000003,24.3,95.3
2020,1,2,3,0,0,0,2.4000000000000004,24.3,95.3
2020,1,2,3,15,0,0,2.4000000000000004,24.3,95.3
2020,1,2,3,30,0,0,2.5,24.3,95.3
2020,1,2,3,45,0,0,2.5,24.200000000000003,95.59
2020,1,2,4,0,0,0,2.6,24.200000000000003,95.59
2020,1,2,4,15,0,0,2.6,24.200000000000003,95.59
2020,1,2,4,30,0,0,2.7,24.200000000000003,95.59
2020,1,2,4,45,0,0,2.7,24.200000000000003,95.08
2020,1,2,5,0,0,0,2.7,24.200000000000003,95.08
2020,1,2,5,15,0,0,2.8000000000000003,24.200000000000003,95.08
2020,1,2,5,30,0,0,2.8000000000000003,24.1,95.64
2020,1,2,5,45,0,0,2.8000000000000003,24.1,95.13
2020,1,2,6,0,0,0,2.9000000000000004,24.1,95.13
2020,1,2,6,15,0,0,2.9000000000000004,24.200000000000003,94.56
2020,1,2,6,30,0,0,3,24.3,94
2020,1,2,6,45,0,0,3.1,24.400000000000002,93.67
2020,1,2,7,0,0,0,3.2,24.5,93.21000000000001
2020,1,2,7,15,12,0,3.3000000000000003,24.6,92.66
2020,1,2,7,30,80,424,3.3000000000000003,24.8,91.56
2020,1,2,7,45,129,528,3.4000000000000004,24.900000000000002,90.38
2020,1,2,8,0,182,609,3.4000000000000004,25.1,89.41
2020,1,2,8,15,235,670,3.4000000000000004,25.3,88.35000000000001
2020,1,2,8,30,289,719,3.4000000000000004,25.6,86.8
2020,1,2,8,45,342,752,3.4000000000000004,25.8,83.99
2020,1,2,9,0,394,786,3.4000000000000004,26,83.01
2020,1,2,9,15,444,813,3.4000000000000004,26.200000000000003,82.04
2020,1,2,9,30,492,835,3.4000000000000004,26.400000000000002,81.08
2020,1,2,9,45,536,851,3.4000000000000004,26.6,79.07000000000001
2020,1,2,10,0,579,867,3.4000000000000004,26.8,78.15
2020,1,2,10,15,617,881,3.4000000000000004,27,77.24
2020,1,2,10,30,221,10,3.3000000000000003,27.1,76.79
2020,1,2,10,45,296,33,3.3000000000000003,27.200000000000003,75.84
2020,1,2,11,0,382,82,3.3000000000000003,27.400000000000002,74.96000000000001
2020,1,2,11,15,249,13,3.3000000000000003,27.5,74.45
2020,1,2,11,30,753,912,3.3000000000000003,27.6,74.02
2020,1,2,11,45,767,914,3.3000000000000003,27.6,74.01
2020,1,2,12,0,778,917,3.3000000000000003,27.700000000000003,73.58
2020,1,2,12,15,784,919,3.3000000000000003,27.8,73.16
2020,1,2,12,30,786,919,3.3000000000000003,27.8,73.08
2020,1,2,12,45,783,918,3.3000000000000003,27.8,73.13
2020,1,2,13,0,272,16,3.4000000000000004,27.8,73.13
2020,1,2,13,15,241,11,3.4000000000000004,27.8,73.13
2020,1,2,13,30,86,0,3.4000000000000004,27.8,73.06
2020,1,2,13,45,222,9,3.4000000000000004,27.700000000000003,73.81
2020,1,2,14,0,164,1,3.4000000000000004,27.700000000000003,73.81
2020,1,2,14,15,227,11,3.5,27.5,74.68
2020,1,2,14,30,638,866,3.5,27.400000000000002,75.11
2020,1,2,14,45,194,6,3.5,27.3,76
2020,1,2,15,0,195,8,3.5,27.200000000000003,76.45
2020,1,2,15,15,188,9,3.5,27.1,76.89
2020,1,2,15,30,159,1,3.5,26.900000000000002,77.8
2020,1,2,15,45,424,770,3.5,26.700000000000003,79.31
2020,1,2,16,0,95,0,3.5,26.6,79.77
2020,1,2,16,15,321,702,3.5,26.400000000000002,80.71000000000001
2020,1,2,16,30,10,0,3.4000000000000004,26.200000000000003,81.75
2020,1,2,16,45,214,601,3.4000000000000004,26,83.52
2020,1,2,17,0,161,529,3.4000000000000004,25.900000000000002,84.02
2020,1,2,17,15,110,436,3.4000000000000004,25.700000000000003,85.02
2020,1,2,17,30,63,311,3.3000000000000003,25.6,85.52
2020,1,2,17,45,26,155,3.3000000000000003,25.400000000000002,87.8
2020,1,2,18,0,0,0,3.3000000000000003,25.3,88.41
2020,1,2,18,15,0,0,3.3000000000000003,25.200000000000003,88.93
2020,1,2,18,30,0,0,3.3000000000000003,25.200000000000003,88.93
2020,1,2,18,45,0,0,3.4000000000000004,25.1,90.39
2020,1,2,19,0,0,0,3.4000000000000004,25,90.93
2020,1,2,19,15,0,0,3.4000000000000004,25,90.93
2020,1,2,19,30,0,0,3.4000000000000004,25,90.93
2020,1,2,19,45,0,0,3.4000000000000004,25,90.93
2020,1,2,20,0,0,0,3.4000000000000004,24.8,92.82000000000001
2020,1,2,20,15,0,0,3.4000000000000004,24.8,92.82000000000001
2020,1,2,20,30,0,0,3.3000000000000003,24.700000000000003,93.37
2020,1,2,20,45,0,0,3.3000000000000003,24.700000000000003,93.95
2020,1,2,21,0,0,0,3.3000000000000003,24.6,94.51
2020,1,2,21,15,0,0,3.2,24.6,94.51
2020,1,2,21,30,0,0,3.2,24.6,94.51
2020,1,2,21,45,0,0,3.1,24.5,95.18
2020,1,2,22,0,0,0,3.1,24.5,95.18
2020,1,2,22,15,0,0,3.1,24.5,95.18
2020,1,2,22,30,0,0,3,24.400000000000002,95.75
2020,1,2,22,45,0,0,3,24.400000000000002,95.81
2020,1,2,23,0,0,0,3,24.400000000000002,95.81
2020,1,2,23,15,0,0,3,24.3,96.38
2020,1,2,23,30,0,0,3,24.3,96.28
2020,1,2,23,45,0,0,3,24.3,96.4
2020,1,3,0,0,0,0,3,24.3,96.4
2020,1,3,0,15,0,0,3,24.3,96.4
2020,1,3,0,30,0,0,3,24.200000000000003,96.98
2020,1,3,0,45,0,0,3,24.200000000000003,96.98
2020,1,3,1,0,0,0,3,24.200000000000003,96.98
2020,1,3,1,15,0,0,3,24.200000000000003,96.98
2020,1,3,1,30,0,0,3,24.200000000000003,96.88
2020,1,3,1,45,0,0,3,24.200000000000003,96.99000000000001
2020,1,3,2,0,0,0,3,24.200000000000003,96.99000000000001
2020,1,3,2,15,0,0,3,24.200000000000003,96.99000000000001
2020,1,3,2,30,0,0,3,24.200000000000003,96.99000000000001
2020,1,3,2,45,0,0,3,24.200000000000003,97.06
2020,1,3,3,0,0,0,3.1,24.1,97.64
2020,1,3,3,15,0,0,3.1,24.200000000000003,97.06
2020,1,3,3,30,0,0,3.2,24.200000000000003,97.06
2020,1,3,3,45,0,0,3.2,24.200000000000003,97.3
2020,1,3,4,0,0,0,3.3000000000000003,24.200000000000003,97.3
2020,1,3,4,15,0,0,3.3000000000000003,24.200000000000003,97.4
2020,1,3,4,30,0,0,3.3000000000000003,24.200000000000003,97.4
2020,1,3,4,45,0,0,3.4000000000000004,24.200000000000003,97.68
2020,1,3,5,0,0,0,3.4000000000000004,24.200000000000003,97.68
2020,1,3,5,15,0,0,3.4000000000000004,24.3,97.10000000000001
2020,1,3,5,30,0,0,3.4000000000000004,24.3,97.10000000000001
2020,1,3,5,45,0,0,3.4000000000000004,24.3,97.32000000000001
2020,1,3,6,0,0,0,3.5,24.3,97.32000000000001
2020,1,3,6,15,0,0,3.5,24.3,97.41
2020,1,3,6,30,0,0,3.6,24.400000000000002,96.83
2020,1,3,6,45,0,0,3.7,24.400000000000002,97.84
2020,1,3,7,0,0,0,3.7,24.5,97.26
2020,1,3,7,15,36,240,3.8000000000000003,24.6,96.68
2020,1,3,7,30,78,392,3.9000000000000004,24.700000000000003,96.2
2020,1,3,7,45,127,503,4,24.8,96.29
2020,1,3,8,0,180,587,4,24.900000000000002,95.72
2020,1,3,8,15,13,0,4.1000000000000005,25,95.15
2020,1,3,8,30,288,702,4.2,25.200000000000003,94.03
2020,1,3,8,45,341,741,4.2,25.3,92.05
2020,1,3,9,0,393,774,4.3,25.400000000000002,91.60000000000001
2020,1,3,9,15,108,0,4.4,25.6,90.52
2020,1,3,9,30,54,0,4.4,25.8,89.46000000000001
2020,1,3,9,45,205,14,4.5,25.900000000000002,86.44
2020,1,3,10,0,160,0,4.5,26.1,85.43
2020,1,3,10,15,161,0,4.6000000000000005,26.3,84.35000000000001
2020,1,3,10,30,654,887,4.6000000000000005,26.400000000000002,83.85000000000001
2020,1,3,10,45,170,1,4.7,26.6,80.63
2020,1,3,11,0,234,11,4.7,26.8,79.69
2020,1,3,11,15,734,897,4.800000000000001,26.8,79.69
2020,1,3,11,30,388,68,4.800000000000001,26.900000000000002,79.23
2020,1,3,11,45,769,907,4.800000000000001,27,77.60000000000001
2020,1,3,12,0,780,910,4.800000000000001,27.1,77.07000000000001
2020,1,3,12,15,245,11,4.800000000000001,27.1,77.07000000000001
2020,1,3,12,30,788,912,4.800000000000001,27.1,77.07000000000001
2020,1,3,12,45,787,913,4.800000000000001,27.1,76.38
2020,1,3,13,0,779,911,4.800000000000001,27.1,76.38
2020,1,3,13,15,236,10,4.800000000000001,27,76.82000000000001
2020,1,3,13,30,174,3,4.800000000000001,27,76.75
2020,1,3,13,45,241,12,4.800000000000001,27,76.08
2020,1,3,14,0,206,6,4.800000000000001,26.900000000000002,76.53
2020,1,3,14,15,94,0,4.800000000000001,26.900000000000002,76.53
2020,1,3,14,30,299,44,4.800000000000001,26.8,76.98
2020,1,3,14,45,294,52,4.800000000000001,26.700000000000003,76.94
2020,1,3,15,0,571,856,4.800000000000001,26.700000000000003,76.94
2020,1,3,15,15,22,0,4.800000000000001,26.6,77.39
2020,1,3,15,30,77,0,4.800000000000001,26.400000000000002,78.3
2020,1,3,15,45,48,0,4.800000000000001,26.3,78.77
2020,1,3,16,0,83,0,4.800000000000001,26.200000000000003,79.23
2020,1,3,16,15,330,729,4.7,26.1,79.7
2020,1,3,16,30,276,686,4.6000000000000005,25.900000000000002,80.64
2020,1,3,16,45,223,640,4.6000000000000005,25.700000000000003,81.91
2020,1,3,17,0,168,571,4.5,25.5,82.89
2020,1,3,17,15,116,480,4.4,25.400000000000002,83.38
2020,1,3,17,30,68,359,4.3,25.200000000000003,84.46000000000001
2020,1,3,17,45,28,203,4.3,25.1,85.67
2020,1,3,18,0,0,0,4.2,24.900000000000002,86.7
2020,1,3,18,15,0,0,4.2,24.900000000000002,86.7
2020,1,3,18,30,0,0,4.1000000000000005,24.8,87.21000000000001
2020,1,3,18,45,0,0,4.1000000000000005,24.8,87.25
2020,1,3,19,0,0,0,4.1000000000000005,24.700000000000003,87.77
2020,1,3,19,15,0,0,4.1000000000000005,24.700000000000003,87.77
2020,1,3,19,30,0,0,4.1000000000000005,24.700000000000003,87.77
2020,1,3,19,45,0,0,4.1000000000000005,24.700000000000003,87.77
2020,1,3,20,0,0,0,4,24.6,87.57000000000001
2020,1,3,20,15,0,0,4,24.6,87.57000000000001
2020,1,3,20,30,0,0,4,24.6,87.57000000000001
2020,1,3,20,45,0,0,4,24.5,86.92
2020,1,3,21,0,0,0,4,24.5,86.92
2020,1,3,21,15,0,0,4,24.5,86.92
2020,1,3,21,30,0,0,4,24.5,86.92
2020,1,3,21,45,0,0,4,24.5,85.8
2020,1,3,22,0,0,0,4,24.5,85.8
2020,1,3,22,15,0,0,4,24.400000000000002,86.31
2020,1,3,22,30,0,0,4,24.400000000000002,86.31
2020,1,3,22,45,0,0,4,24.400000000000002,85
2020,1,3,23,0,0,0,4,24.400000000000002,85
2020,1,3,23,15,0,0,4,24.400000000000002,85
2020,1,3,23,30,0,0,4,24.400000000000002,85
2020,1,3,23,45,0,0,4,24.3,84.67
2020,1,4,0,0,0,0,4,24.3,84.67
2020,1,4,0,15,0,0,4,24.3,84.67
2020,1,4,0,30,0,0,4,24.3,84.67
2020,1,4,0,45,0,0,4,24.200000000000003,84.51
2020,1,4,1,0,0,0,4,24.200000000000003,84.51
2020,1,4,1,15,0,0,4,24.200000000000003,84.51
2020,1,4,1,30,0,0,4,24.1,85.02
2020,1,4,1,45,0,0,4,24.1,84.75
2020,1,4,2,0,0,0,4,24.1,84.75
2020,1,4,2,15,0,0,4,24.1,84.75
2020,1,4,2,30,0,0,4,24,85.25
2020,1,4,2,45,0,0,4,24,85.32000000000001
2020,1,4,3,0,0,0,4,24,85.23
2020,1,4,3,15,0,0,4,24,85.23
2020,1,4,3,30,0,0,4,24,85.23
2020,1,4,3,45,0,0,4,24,85.42
2020,1,4,4,0,0,0,4,24,85.42
2020,1,4,4,15,0,0,4,24,85.51
2020,1,4,4,30,0,0,4,24,85.51
2020,1,4,4,45,0,0,4,24,85.55
2020,1,4,5,0,0,0,4,23.900000000000002,86.07000000000001
2020,1,4,5,15,0,0,4,23.900000000000002,86.07000000000001
2020,1,4,5,30,0,0,4,23.900000000000002,86.07000000000001
2020,1,4,5,45,0,0,4,23.900000000000002,86.5
2020,1,4,6,0,0,0,4,23.900000000000002,86.5
2020,1,4,6,15,0,0,4,24,85.99
2020,1,4,6,30,0,0,4.1000000000000005,24.1,85.47
2020,1,4,6,45,0,0,4.1000000000000005,24.200000000000003,85.68
2020,1,4,7,0,0,0,4.1000000000000005,24.3,85.17
2020,1,4,7,15,38,292,4.3,24.400000000000002,84.75
2020,1,4,7,30,82,445,4.4,24.6,83.74
2020,1,4,7,45,133,559,4.5,24.8,81.75
2020,1,4,8,0,187,640,4.6000000000000005,25,80.78
2020,1,4,8,15,241,699,4.7,25.200000000000003,79.83
2020,1,4,8,30,297,748,4.7,25.400000000000002,78.89
2020,1,4,8,45,351,782,4.7,25.5,77.10000000000001
2020,1,4,9,0,404,814,4.800000000000001,25.700000000000003,76.2
2020,1,4,9,15,455,841,4.800000000000001,25.900000000000002,75.3
2020,1,4,9,30,504,863,4.800000000000001,26,74.86
2020,1,4,9,45,549,879,4.800000000000001,26.1,74.10000000000001
2020,1,4,10,0,591,893,4.800000000000001,26.3,73.24
2020,1,4,10,15,631,907,4.800000000000001,26.400000000000002,72.81
2020,1,4,10,30,667,918,4.7,26.5,72.38
2020,1,4,10,45,695,905,4.7,26.6,71.89
2020,1,4,11,0,723,914,4.7,26.700000000000003,71.47
2020,1,4,11,15,747,921,4.7,26.700000000000003,71.4
2020,1,4,11,30,766,924,4.7,26.8,70.98
2020,1,4,11,45,781,926,4.6000000000000005,26.900000000000002,70.59
2020,1,4,12,0,792,929,4.6000000000000005,26.900000000000002,70.59
2020,1,4,12,15,798,930,4.6000000000000005,27,70.10000000000001
2020,1,4,12,30,800,931,4.6000000000000005,27,70.10000000000001
2020,1,4,12,45,797,930,4.5,27,69.96000000000001
2020,1,4,13,0,493,156,4.5,27.1,69.48
2020,1,4,13,15,778,925,4.5,27,69.89
2020,1,4,13,30,762,920,4.5,27,69.89
2020,1,4,13,45,740,910,4.4,27,69.76
2020,1,4,14,0,715,903,4.4,27,69.76
2020,1,4,14,15,686,894,4.4,26.900000000000002,70.17
2020,1,4,14,30,266,25,4.4,26.900000000000002,70.10000000000001
2020,1,4,14,45,615,867,4.3,26.8,70.41
2020,1,4,15,0,575,852,4.3,26.700000000000003,70.83
2020,1,4,15,15,531,834,4.3,26.6,71.24
2020,1,4,15,30,485,813,4.3,26.5,71.66
2020,1,4,15,45,436,787,4.3,26.400000000000002,72.27
2020,1,4,16,0,27,0,4.3,26.3,72.7
2020,1,4,16,15,332,720,4.2,26.1,73.56
2020,1,4,16,30,278,675,4.2,25.900000000000002,74.43
2020,1,4,16,45,224,625,4.1000000000000005,25.700000000000003,76.06
2020,1,4,17,0,169,553,4.1000000000000005,25.6,76.51
2020,1,4,17,15,117,461,4,25.400000000000002,77.42
2020,1,4,17,30,68,338,3.9000000000000004,25.200000000000003,78.43
2020,1,4,17,45,29,179,3.9000000000000004,25,81.16
2020,1,4,18,0,0,0,3.8000000000000003,24.8,82.13
2020,1,4,18,15,0,0,3.8000000000000003,24.8,82.13
2020,1,4,18,30,0,0,3.9000000000000004,24.700000000000003,82.62
2020,1,4,18,45,0,0,3.9000000000000004,24.6,84.01
2020,1,4,19,0,0,0,3.9000000000000004,24.6,84.10000000000001
2020,1,4,19,15,0,0,3.9000000000000004,24.6,84.10000000000001
2020,1,4,19,30,0,0,3.9000000000000004,24.6,84.10000000000001
2020,1,4,19,45,0,0,3.9000000000000004,24.6,84.10000000000001
2020,1,4,20,0,0,0,3.8000000000000003,24.400000000000002,85.3
2020,1,4,20,15,0,0,3.8000000000000003,24.3,85.81
2020,1,4,20,30,0,0,3.7,24.3,85.81
2020,1,4,20,45,0,0,3.6,24.200000000000003,86.29
2020,1,4,21,0,0,0,3.6,24.1,86.8
2020,1,4,21,15,0,0,3.5,24.1,86.8
2020,1,4,21,30,0,0,3.5,24,87.33
2020,1,4,21,45,0,0,3.4000000000000004,24,87.09
2020,1,4,22,0,0,0,3.4000000000000004,24,87.09
2020,1,4,22,15,0,0,3.4000000000000004,24,87.09
2020,1,4,22,30,0,0,3.3000000000000003,24,87.09
2020,1,4,22,45,0,0,3.3000000000000003,23.900000000000002,87.19
2020,1,4,23,0,0,0,3.3000000000000003,23.900000000000002,87.19
2020,1,4,23,15,0,0,3.3000000000000003,23.900000000000002,87.19
2020,1,4,23,30,0,0,3.2,23.900000000000002,87.19
2020,1,4,23,45,0,0,3.2,23.8,87.5
2020,1,5,0,0,0,0,3.2,23.8,87.5
2020,1,5,0,15,0,0,3.2,23.8,87.5
2020,1,5,0,30,0,0,3.2,23.8,87.5
2020,1,5,0,45,0,0,3.2,23.700000000000003,87.62
2020,1,5,1,0,0,0,3.2,23.700000000000003,87.62
2020,1,5,1,15,0,0,3.2,23.700000000000003,87.53
2020,1,5,1,30,0,0,3.2,23.700000000000003,87.53
2020,1,5,1,45,0,0,3.2,23.700000000000003,87.09
2020,1,5,2,0,0,0,3.2,23.6,87.61
2020,1,5,2,15,0,0,3.2,23.6,87.61
2020,1,5,2,30,0,0,3.2,23.6,87.61
2020,1,5,2,45,0,0,3.2,23.6,87.21000000000001
2020,1,5,3,0,0,0,3.2,23.6,87.21000000000001
2020,1,5,3,15,0,0,3.2,23.5,87.73
2020,1,5,3,30,0,0,3.2,23.5,87.73
2020,1,5,3,45,0,0,3.2,23.5,87.42
2020,1,5,4,0,0,0,3.2,23.5,87.42
2020,1,5,4,15,0,0,3.2,23.400000000000002,87.94
2020,1,5,4,30,0,0,3.1,23.400000000000002,87.94
2020,1,5,4,45,0,0,3.1,23.400000000000002,87.69
2020,1,5,5,0,0,0,3.1,23.3,88.22
2020,1,5,5,15,0,0,3.1,23.3,88.22
2020,1,5,5,30,0,0,3,23.3,88.22
2020,1,5,5,45,0,0,3,23.3,88.21000000000001
2020,1,5,6,0,0,0,3,23.3,88.21000000000001
2020,1,5,6,15,0,0,3,23.400000000000002,87.68
2020,1,5,6,30,0,0,3,23.5,87.16
2020,1,5,6,45,0,0,3,23.700000000000003,87.12
2020,1,5,7,0,0,0,3,23.8,86.59
2020,1,5,7,15,19,0,3.1,24.1,85.05
2020,1,5,7,30,81,454,3.1,24.3,84.13
2020,1,5,7,45,131,559,3.2,24.5,82.55
2020,1,5,8,0,185,639,3.2,24.700000000000003,81.58
2020,1,5,8,15,240,700,3.2,24.900000000000002,80.61
2020,1,5,8,30,295,748,3.2,25.1,79.66
2020,1,5,8,45,349,782,3.2,25.200000000000003,78.67
2020,1,5,9,0,401,812,3.2,25.400000000000002,77.82000000000001
2020,1,5,9,15,204,38,3.2,25.6,76.83
2020,1,5,9,30,135,0,3.2,25.8,75.93
2020,1,5,9,45,546,875,3.2,26,74.7
2020,1,5,10,0,589,891,3.2,26.1,74.26
2020,1,5,10,15,629,904,3.2,26.3,73.39
2020,1,5,10,30,665,916,3.1,26.400000000000002,72.96000000000001
2020,1,5,10,45,695,909,3.1,26.6,72.04
2020,1,5,11,0,356,60,3.1,26.700000000000003,71.55
2020,1,5,11,15,204,6,3.1,26.8,71.13
2020,1,5,11,30,307,26,3.1,26.900000000000002,70.71000000000001
2020,1,5,11,45,362,47,3.1,27,70.41
2020,1,5,12,0,793,934,3.1,27.1,69.93
2020,1,5,12,15,800,936,3.1,27.1,69.93
2020,1,5,12,30,802,936,3.1,27.200000000000003,69.52
2020,1,5,12,45,799,935,3.1,27.200000000000003,69.59
2020,1,5,13,0,792,933,3.1,27.200000000000003,69.59
2020,1,5,13,15,780,930,3.1,27.200000000000003,69.59
2020,1,5,13,30,764,926,3.1,27.200000000000003,69.59
2020,1,5,13,45,113,0,3.1,27.200000000000003,69.77
2020,1,5,14,0,72,0,3.1,27.200000000000003,69.77
2020,1,5,14,15,406,126,3.1,27.200000000000003,69.77
2020,1,5,14,30,654,883,3.1,27.1,70.18
2020,1,5,14,45,72,0,3.1,27.1,70.65
2020,1,5,15,0,577,856,3.1,27,71.06
2020,1,5,15,15,246,42,3.1,26.900000000000002,71.48
2020,1,5,15,30,20,0,3.1,26.8,71.9
2020,1,5,15,45,37,0,3.1,26.6,73.5
2020,1,5,16,0,57,0,3.1,26.5,73.93
2020,1,5,16,15,78,0,3.1,26.3,74.81
2020,1,5,16,30,281,688,3,26.1,75.69
2020,1,5,16,45,227,641,3,25.900000000000002,77.83
2020,1,5,17,0,173,573,2.9000000000000004,25.700000000000003,78.76
2020,1,5,17,15,120,484,2.9000000000000004,25.5,79.69
2020,1,5,17,30,71,364,2.8000000000000003,25.3,80.64
2020,1,5,17,45,31,211,2.8000000000000003,25.1,83.39
2020,1,5,18,0,0,0,2.7,24.900000000000002,84.38
2020,1,5,18,15,0,0,2.8000000000000003,24.8,84.97
2020,1,5,18,30,0,0,2.8000000000000003,24.700000000000003,85.48
2020,1,5,18,45,0,0,2.8000000000000003,24.700000000000003,86.05
2020,1,5,19,0,0,0,2.8000000000000003,24.6,86.57000000000001
2020,1,5,19,15,0,0,2.8000000000000003,24.6,86.57000000000001
2020,1,5,19,30,0,0,2.8000000000000003,24.6,86.57000000000001
2020,1,5,19,45,0,0,2.8000000000000003,24.6,86.57000000000001
2020,1,5,20,0,0,0,2.8000000000000003,24.400000000000002,87.82000000000001
2020,1,5,20,15,0,0,2.8000000000000003,24.3,88.34
2020,1,5,20,30,0,0,2.7,24.3,88.34
2020,1,5,20,45,0,0,2.7,24.200000000000003,88.57000000000001
2020,1,5,21,0,0,0,2.7,24.200000000000003,88.57000000000001
2020,1,5,21,15,0,0,2.7,24.1,89.10000000000001
2020,1,5,21,30,0,0,2.6,24.1,89.10000000000001
2020,1,5,21,45,0,0,2.6,24,89.23
2020,1,5,22,0,0,0,2.6,23.900000000000002,89.77
2020,1,5,22,15,0,0,2.6,23.900000000000002,89.77
2020,1,5,22,30,0,0,2.5,23.8,90.22
2020,1,5,22,45,0,0,2.5,23.8,89.79
2020,1,5,23,0,0,0,2.5,23.8,89.79
2020,1,5,23,15,0,0,2.5,23.700000000000003,90.33
2020,1,5,23,30,0,0,2.5,23.700000000000003,90.33
2020,1,5,23,45,0,0,2.4000000000000004,23.6,90.74
2020,1,6,0,0,0,0,2.4000000000000004,23.6,90.74
2020,1,6,0,15,0,0,2.4000000000000004,23.5,91.28
2020,1,6,0,30,0,0,2.4000000000000004,23.5,91.28
2020,1,6,0,45,0,0,2.4000000000000004,23.5,90.85000000000001
2020,1,6,1,0,0,0,2.4000000000000004,23.400000000000002,91.4
2020,1,6,1,15,0,0,2.4000000000000004,23.400000000000002,91.31
2020,1,6,1,30,0,0,2.4000000000000004,23.400000000000002,91.31
2020,1,6,1,45,0,0,2.4000000000000004,23.3,91.22
2020,1,6,2,0,0,0,2.4000000000000004,23.3,91.22
2020,1,6,2,15,0,0,2.4000000000000004,23.3,91.22
2020,1,6,2,30,0,0,2.4000000000000004,23.3,91.22
2020,1,6,2,45,0,0,2.4000000000000004,23.3,91.09
2020,1,6,3,0,0,0,2.4000000000000004,23.200000000000003,91.64
2020,1,6,3,15,0,0,2.4000000000000004,23.200000000000003,91.64
2020,1,6,3,30,0,0,2.4000000000000004,23.200000000000003,91.64
2020,1,6,3,45,0,0,2.4000000000000004,23.200000000000003,91.33
2020,1,6,4,0,0,0,2.4000000000000004,23.200000000000003,91.33
2020,1,6,4,15,0,0,2.4000000000000004,23.200000000000003,91.33
2020,1,6,4,30,0,0,2.5,23.200000000000003,91.33
2020,1,6,4,45,0,0,2.5,23.200000000000003,91.64
2020,1,6,5,0,0,0,2.5,23.200000000000003,91.64
2020,1,6,5,15,0,0,2.5,23.200000000000003,91.64
2020,1,6,5,30,0,0,2.6,23.200000000000003,91.64
2020,1,6,5,45,0,0,2.6,23.200000000000003,92
2020,1,6,6,0,0,0,2.6,23.200000000000003,92
2020,1,6,6,15,0,0,2.7,23.3,91.54
2020,1,6,6,30,0,0,2.7,23.400000000000002,90.99
2020,1,6,6,45,0,0,2.8000000000000003,23.5,92.63
2020,1,6,7,0,0,0,2.8000000000000003,23.6,92.07000000000001
2020,1,6,7,15,36,276,2.9000000000000004,23.700000000000003,91.52
2020,1,6,7,30,78,426,3,23.8,91.07000000000001
2020,1,6,7,45,128,537,3.1,24,91.35000000000001
2020,1,6,8,0,182,619,3.2,24.1,90.81
2020,1,6,8,15,236,680,3.2,24.200000000000003,90.27
2020,1,6,8,30,291,729,3.2,24.3,89.73
2020,1,6,8,45,344,770,3.2,24.400000000000002,88.62
2020,1,6,9,0,396,800,3.2,24.5,88.09
2020,1,6,9,15,447,827,3.2,24.8,86.53
2020,1,6,9,30,496,850,3.3000000000000003,25,85.51
2020,1,6,9,45,541,866,3.3000000000000003,25.200000000000003,82.41
2020,1,6,10,0,584,882,3.3000000000000003,25.400000000000002,81.44
2020,1,6,10,15,623,894,3.3000000000000003,25.6,80.4
2020,1,6,10,30,659,906,3.3000000000000003,25.8,79.46000000000001
2020,1,6,10,45,686,889,3.3000000000000003,25.900000000000002,77.76
2020,1,6,11,0,268,19,3.4000000000000004,26.1,76.85000000000001
2020,1,6,11,15,739,904,3.4000000000000004,26.200000000000003,76.4
2020,1,6,11,30,142,0,3.4000000000000004,26.3,75.87
2020,1,6,11,45,220,8,3.5,26.400000000000002,75.25
2020,1,6,12,0,785,915,3.5,26.5,74.81
2020,1,6,12,15,792,916,3.5,26.5,74.81
2020,1,6,12,30,268,14,3.5,26.5,74.81
2020,1,6,12,45,157,1,3.5,26.5,74.86
2020,1,6,13,0,784,913,3.5,26.5,74.86
2020,1,6,13,15,773,910,3.5,26.400000000000002,75.3
2020,1,6,13,30,757,906,3.5,26.400000000000002,75.3
2020,1,6,13,45,738,906,3.5,26.400000000000002,75.38
2020,1,6,14,0,256,16,3.6,26.3,75.83
2020,1,6,14,15,328,51,3.6,26.3,75.83
2020,1,6,14,30,89,0,3.6,26.3,75.83
2020,1,6,14,45,617,868,3.6,26.200000000000003,76.14
2020,1,6,15,0,577,853,3.6,26.200000000000003,76.14
2020,1,6,15,15,534,836,3.6,26.1,76.59
2020,1,6,15,30,20,0,3.6,26,77.04
2020,1,6,15,45,154,2,3.5,25.900000000000002,77.42
2020,1,6,16,0,388,763,3.5,25.900000000000002,77.42
2020,1,6,16,15,336,727,3.5,25.700000000000003,78.34
2020,1,6,16,30,10,0,3.4000000000000004,25.6,78.8
2020,1,6,16,45,8,0,3.4000000000000004,25.400000000000002,80.01
2020,1,6,17,0,174,566,3.3000000000000003,25.3,80.48
2020,1,6,17,15,121,478,3.3000000000000003,25.1,81.44
2020,1,6,17,30,72,359,3.2,24.900000000000002,82.42
2020,1,6,17,45,32,213,3.2,24.8,83.76
2020,1,6,18,0,0,0,3.2,24.6,84.76
2020,1,6,18,15,0,0,3.2,24.5,85.27
2020,1,6,18,30,0,0,3.3000000000000003,24.5,85.27
2020,1,6,18,45,0,0,3.3000000000000003,24.400000000000002,85.87
2020,1,6,19,0,0,0,3.4000000000000004,24.400000000000002,85.87
2020,1,6,19,15,0,0,3.4000000000000004,24.400000000000002,85.87
2020,1,6,19,30,0,0,3.4000000000000004,24.400000000000002,85.87
2020,1,6,19,45,0,0,3.4000000000000004,24.400000000000002,85.87
2020,1,6,20,0,0,0,3.5,24.200000000000003,86.69
2020,1,6,20,15,0,0,3.5,24.200000000000003,86.69
2020,1,6,20,30,0,0,3.5,24.200000000000003,86.69
2020,1,6,20,45,0,0,3.5,24.1,87.07000000000001
2020,1,6,21,0,0,0,3.5,24.1,87.07000000000001
2020,1,6,21,15,0,0,3.5,24.1,87.07000000000001
2020,1,6,21,30,0,0,3.5,24.1,87.07000000000001
2020,1,6,21,45,0,0,3.5,24,87.4
2020,1,6,22,0,0,0,3.5,24,87.4
2020,1,6,22,15,0,0,3.5,24,87.4
2020,1,6,22,30,0,0,3.5,23.900000000000002,87.92
2020,1,6,22,45,0,0,3.5,23.900000000000002,87.54
2020,1,6,23,0,0,0,3.5,23.900000000000002,87.54
2020,1,6,23,15,0,0,3.4000000000000004,23.8,88.06
2020,1,6,23,30,0,0,3.4000000000000004,23.8,88.06
2020,1,6,23,45,0,0,3.4000000000000004,23.8,87.52
2020,1,7,0,0,0,0,3.4000000000000004,23.8,87.52
2020,1,7,0,15,0,0,3.4000000000000004,23.700000000000003,87.96000000000001
2020,1,7,0,30,0,0,3.4000000000000004,23.700000000000003,87.96000000000001
2020,1,7,0,45,0,0,3.4000000000000004,23.700000000000003,87.3
2020,1,7,1,0,0,0,3.3000000000000003,23.6,87.83
2020,1,7,1,15,0,0,3.3000000000000003,23.6,87.83
2020,1,7,1,30,0,0,3.3000000000000003,23.6,87.83
2020,1,7,1,45,0,0,3.3000000000000003,23.6,87.24
2020,1,7,2,0,0,0,3.3000000000000003,23.6,87.24
2020,1,7,2,15,0,0,3.3000000000000003,23.6,87.24
2020,1,7,2,30,0,0,3.3000000000000003,23.5,87.77
2020,1,7,2,45,0,0,3.4000000000000004,23.5,87.39
2020,1,7,3,0,0,0,3.4000000000000004,23.5,87.39
2020,1,7,3,15,0,0,3.4000000000000004,23.5,87.39
2020,1,7,3,30,0,0,3.4000000000000004,23.5,87.39
2020,1,7,3,45,0,0,3.5,23.5,87.24
2020,1,7,4,0,0,0,3.5,23.400000000000002,87.76
2020,1,7,4,15,0,0,3.5,23.400000000000002,87.76
2020,1,7,4,30,0,0,3.5,23.400000000000002,87.76
2020,1,7,4,45,0,0,3.6,23.400000000000002,87.31
2020,1,7,5,0,0,0,3.6,23.400000000000002,87.31
2020,1,7,5,15,0,0,3.6,23.400000000000002,87.31
2020,1,7,5,30,0,0,3.7,23.400000000000002,87.4
2020,1,7,5,45,0,0,3.7,23.400000000000002,86.79
2020,1,7,6,0,0,0,3.7,23.400000000000002,86.79
2020,1,7,6,15,0,0,3.8000000000000003,23.5,86.27
2020,1,7,6,30,0,0,3.8000000000000003,23.6,85.75
2020,1,7,6,45,0,0,3.9000000000000004,23.8,85.84
2020,1,7,7,0,0,0,3.9000000000000004,23.900000000000002,85.41
2020,1,7,7,15,37,298,4,24.1,84.39
2020,1,7,7,30,81,454,4.1000000000000005,24.400000000000002,82.9
2020,1,7,7,45,132,568,4.2,24.6,81.89
2020,1,7,8,0,187,649,4.3,24.8,80.92
2020,1,7,8,15,242,709,4.3,25,80.05
2020,1,7,8,30,298,757,4.4,25.200000000000003,79.10000000000001
2020,1,7,8,45,352,794,4.4,25.3,76.5
2020,1,7,9,0,406,826,4.5,25.5,75.60000000000001
2020,1,7,9,15,458,852,4.5,25.700000000000003,74.71000000000001
2020,1,7,9,30,507,875,4.5,25.8,74.27
2020,1,7,9,45,552,890,4.4,26,72.51
2020,1,7,10,0,596,906,4.4,26.1,72.08
2020,1,7,10,15,636,919,4.4,26.200000000000003,71.66
2020,1,7,10,30,673,930,4.4,26.3,71.24
2020,1,7,10,45,702,926,4.4,26.400000000000002,71.14
2020,1,7,11,0,731,934,4.4,26.5,70.65
2020,1,7,11,15,756,941,4.4,26.6,70.24
2020,1,7,11,30,776,946,4.4,26.6,70.24
2020,1,7,11,45,790,945,4.4,26.700000000000003,70.87
2020,1,7,12,0,802,948,4.4,26.8,70.46000000000001
2020,1,7,12,15,809,950,4.4,26.8,70.39
2020,1,7,12,30,811,950,4.4,26.900000000000002,69.98
2020,1,7,12,45,808,947,4.4,27,70.25
2020,1,7,13,0,801,945,4.4,27,70.25
2020,1,7,13,15,349,39,4.4,27,70.25
2020,1,7,13,30,772,936,4.4,27,70.25
2020,1,7,13,45,752,929,4.4,27.1,70.08
2020,1,7,14,0,727,922,4.4,27.1,70.08
2020,1,7,14,15,698,913,4.4,27,70.49
2020,1,7,14,30,665,903,4.4,27,70.49
2020,1,7,14,45,629,892,4.4,27,70.5
2020,1,7,15,0,589,878,4.4,27,70.5
2020,1,7,15,15,545,861,4.3,26.900000000000002,70.92
2020,1,7,15,30,499,841,4.3,26.8,71.33
2020,1,7,15,45,450,817,4.3,26.700000000000003,72.34
2020,1,7,16,0,398,789,4.3,26.6,72.76
2020,1,7,16,15,345,755,4.2,26.400000000000002,73.62
2020,1,7,16,30,290,713,4.1000000000000005,26.200000000000003,74.49
2020,1,7,16,45,235,658,4,26,76.81
2020,1,7,17,0,180,591,3.9000000000000004,25.8,77.72
2020,1,7,17,15,126,504,3.8000000000000003,25.700000000000003,78.18
2020,1,7,17,30,76,388,3.7,25.5,79.11
2020,1,7,17,45,34,226,3.6,25.3,82.41
2020,1,7,18,0,0,0,3.5,25.1,83.47
2020,1,7,18,15,0,0,3.5,25,83.97
2020,1,7,18,30,0,0,3.4000000000000004,25,83.97
2020,1,7,18,45,0,0,3.4000000000000004,24.900000000000002,85.87
2020,1,7,19,0,0,0,3.4000000000000004,24.900000000000002,85.87
2020,1,7,19,15,0,0,3.4000000000000004,24.900000000000002,85.87
2020,1,7,19,30,0,0,3.4000000000000004,24.900000000000002,85.87
2020,1,7,19,45,0,0,3.4000000000000004,24.900000000000002,85.87
2020,1,7,20,0,0,0,3.4000000000000004,24.700000000000003,88.14
2020,1,7,20,15,0,0,3.4000000000000004,24.6,88.67
2020,1,7,20,30,0,0,3.4000000000000004,24.6,88.67
2020,1,7,20,45,0,0,3.4000000000000004,24.5,89.97
2020,1,7,21,0,0,0,3.4000000000000004,24.5,89.97
2020,1,7,21,15,0,0,3.4000000000000004,24.5,89.97
2020,1,7,21,30,0,0,3.4000000000000004,24.400000000000002,90.51
2020,1,7,21,45,0,0,3.5,24.400000000000002,90.64
2020,1,7,22,0,0,0,3.5,24.400000000000002,90.64
2020,1,7,22,15,0,0,3.5,24.3,91.19
2020,1,7,22,30,0,0,3.5,24.3,91.19
2020,1,7,22,45,0,0,3.5,24.3,90.83
2020,1,7,23,0,0,0,3.5,24.3,90.83
2020,1,7,23,15,0,0,3.5,24.3,90.83
2020,1,7,23,30,0,0,3.5,24.3,90.74
2020,1,7,23,45,0,0,3.5,24.200000000000003,90.77
2020,1,8,0,0,0,0,3.6,24.200000000000003,90.77
2020,1,8,0,15,0,0,3.6,24.200000000000003,90.77
2020,1,8,0,30,0,0,3.6,24.1,91.31
2020,1,8,0,45,0,0,3.6,24.1,90.85000000000001
2020,1,8,1,0,0,0,3.6,24.1,90.85000000000001
2020,1,8,1,15,0,0,3.6,24,91.4
2020,1,8,1,30,0,0,3.6,24,91.4
2020,1,8,1,45,0,0,3.6,23.900000000000002,91.5
2020,1,8,2,0,0,0,3.6,23.900000000000002,91.5
2020,1,8,2,15,0,0,3.6,23.900000000000002,91.5
2020,1,8,2,30,0,0,3.6,23.900000000000002,91.5
2020,1,8,2,45,0,0,3.6,23.900000000000002,91.09
2020,1,8,3,0,0,0,3.6,23.900000000000002,91.09
2020,1,8,3,15,0,0,3.6,23.8,91.73
2020,1,8,3,30,0,0,3.6,23.8,91.73
2020,1,8,3,45,0,0,3.6,23.8,91.85000000000001
2020,1,8,4,0,0,0,3.6,23.8,91.85000000000001
2020,1,8,4,15,0,0,3.6,23.8,91.85000000000001
2020,1,8,4,30,0,0,3.6,23.8,91.85000000000001
2020,1,8,4,45,0,0,3.6,23.8,92.03
2020,1,8,5,0,0,0,3.6,23.8,92.03
2020,1,8,5,15,0,0,3.6,23.8,92.03
2020,1,8,5,30,0,0,3.6,23.8,92.03
2020,1,8,5,45,0,0,3.6,23.8,91.92
2020,1,8,6,0,0,0,3.7,23.8,91.92
2020,1,8,6,15,0,0,3.7,23.900000000000002,91.37
2020,1,8,6,30,0,0,3.7,24,90.83
2020,1,8,6,45,0,0,3.7,24.1,91.65
2020,1,8,7,0,0,0,3.7,24.200000000000003,91.19
2020,1,8,7,15,35,270,3.8000000000000003,24.400000000000002,90.11
2020,1,8,7,30,78,427,3.9000000000000004,24.6,89.04
2020,1,8,7,45,128,542,4,24.700000000000003,88.72
2020,1,8,8,0,182,625,4,24.900000000000002,87.68
2020,1,8,8,15,237,688,4.1000000000000005,25.1,86.73
2020,1,8,8,30,292,737,4.1000000000000005,25.200000000000003,86.21000000000001
2020,1,8,8,45,346,772,4.1000000000000005,25.400000000000002,83.89
2020,1,8,9,0,400,805,4.2,25.6,82.9
2020,1,8,9,15,451,832,4.2,25.8,81.93
2020,1,8,9,30,499,853,4.3,26,80.97
2020,1,8,9,45,544,865,4.3,26.200000000000003,78.72
2020,1,8,10,0,588,882,4.4,26.400000000000002,77.8
2020,1,8,10,15,628,896,4.4,26.5,77.34
2020,1,8,10,30,664,907,4.4,26.700000000000003,76.44
2020,1,8,10,45,693,896,4.5,26.8,75.33
2020,1,8,11,0,722,905,4.5,27,74.45
2020,1,8,11,15,747,912,4.5,27.1,73.94
2020,1,8,11,30,312,27,4.6000000000000005,27.200000000000003,73.51
2020,1,8,11,45,208,7,4.6000000000000005,27.3,72.7
2020,1,8,12,0,220,8,4.6000000000000005,27.400000000000002,72.27
2020,1,8,12,15,801,921,4.6000000000000005,27.5,71.78
2020,1,8,12,30,803,922,4.7,27.5,71.78
2020,1,8,12,45,253,12,4.7,27.5,71.28
2020,1,8,13,0,167,2,4.7,27.6,70.86
2020,1,8,13,15,232,10,4.7,27.6,70.86
2020,1,8,13,30,340,38,4.7,27.6,70.79
2020,1,8,13,45,745,899,4.7,27.5,70.85000000000001
2020,1,8,14,0,721,892,4.800000000000001,27.5,70.85000000000001
2020,1,8,14,15,243,14,4.800000000000001,27.5,70.85000000000001
2020,1,8,14,30,659,872,4.800000000000001,27.400000000000002,71.27
2020,1,8,14,45,625,867,4.800000000000001,27.3,71.47
2020,1,8,15,0,585,852,4.800000000000001,27.200000000000003,71.89
2020,1,8,15,15,542,834,4.7,27.1,72.31
2020,1,8,15,30,496,813,4.7,27,72.73
2020,1,8,15,45,447,790,4.7,26.900000000000002,73.59
2020,1,8,16,0,396,761,4.7,26.8,74.02
2020,1,8,16,15,343,725,4.6000000000000005,26.6,74.89
2020,1,8,16,30,289,681,4.5,26.400000000000002,75.78
2020,1,8,16,45,234,635,4.5,26.200000000000003,77.76
2020,1,8,17,0,179,567,4.4,26.1,78.22
2020,1,8,17,15,126,478,4.3,25.900000000000002,79.14
2020,1,8,17,30,77,360,4.2,25.700000000000003,80.16
2020,1,8,17,45,35,212,4.1000000000000005,25.6,82.64
2020,1,8,18,0,0,0,4,25.400000000000002,83.62
2020,1,8,18,15,0,0,4,25.3,84.12
2020,1,8,18,30,0,0,4.1000000000000005,25.3,84.12
2020,1,8,18,45,0,0,4.1000000000000005,25.200000000000003,86
2020,1,8,19,0,0,0,4.1000000000000005,25.1,86.51
2020,1,8,19,15,0,0,4.1000000000000005,25.1,86.51
2020,1,8,19,30,0,0,4.1000000000000005,25.1,86.51
2020,1,8,19,45,0,0,4.1000000000000005,25.1,86.51
2020,1,8,20,0,0,0,4.2,25,87.88
2020,1,8,20,15,0,0,4.2,24.900000000000002,88.41
2020,1,8,20,30,0,0,4.2,24.900000000000002,88.41
2020,1,8,20,45,0,0,4.2,24.8,89.22
2020,1,8,21,0,0,0,4.2,24.8,89.22
2020,1,8,21,15,0,0,4.2,24.700000000000003,89.75
2020,1,8,21,30,0,0,4.2,24.700000000000003,89.75
2020,1,8,21,45,0,0,4.3,24.700000000000003,89.69
2020,1,8,22,0,0,0,4.3,24.6,90.23
2020,1,8,22,15,0,0,4.3,24.6,90.23
2020,1,8,22,30,0,0,4.3,24.6,90.23
2020,1,8,22,45,0,0,4.3,24.6,89.99
2020,1,8,23,0,0,0,4.3,24.5,90.53
2020,1,8,23,15,0,0,4.3,24.5,90.53
2020,1,8,23,30,0,0,4.3,24.5,90.53
2020,1,8,23,45,0,0,4.3,24.5,90.29
2020,1,9,0,0,0,0,4.4,24.400000000000002,90.83
2020,1,9,0,15,0,0,4.4,24.400000000000002,90.83
2020,1,9,0,30,0,0,4.3,24.400000000000002,90.83
2020,1,9,0,45,0,0,4.3,24.400000000000002,90.47
2020,1,9,1,0,0,0,4.3,24.3,91.01
2020,1,9,1,15,0,0,4.3,24.3,91.01
2020,1,9,1,30,0,0,4.4,24.3,90.92
2020,1,9,1,45,0,0,4.4,24.3,90.22
2020,1,9,2,0,0,0,4.4,24.3,90.22
2020,1,9,2,15,0,0,4.4,24.200000000000003,90.76
2020,1,9,2,30,0,0,4.4,24.200000000000003,90.76
2020,1,9,2,45,0,0,4.4,24.200000000000003,90.13
2020,1,9,3,0,0,0,4.4,24.200000000000003,90.13
2020,1,9,3,15,0,0,4.4,24.200000000000003,90.13
2020,1,9,3,30,0,0,4.4,24.200000000000003,90.13
2020,1,9,3,45,0,0,4.5,24.200000000000003,89.94
2020,1,9,4,0,0,0,4.5,24.200000000000003,89.94
2020,1,9,4,15,0,0,4.5,24.200000000000003,89.94
2020,1,9,4,30,0,0,4.5,24.200000000000003,89.94
2020,1,9,4,45,0,0,4.5,24.200000000000003,89.83
2020,1,9,5,0,0,0,4.5,24.200000000000003,89.83
2020,1,9,5,15,0,0,4.6000000000000005,24.200000000000003,89.93
2020,1,9,5,30,0,0,4.6000000000000005,24.200000000000003,89.93
2020,1,9,5,45,0,0,4.7,24.3,88.96000000000001
2020,1,9,6,0,0,0,4.7,24.3,88.96000000000001
2020,1,9,6,15,0,0,4.800000000000001,24.400000000000002,88.43
2020,1,9,6,30,0,0,4.9,24.5,87.9
2020,1,9,6,45,0,0,4.9,24.6,87.69
2020,1,9,7,0,0,0,5,24.700000000000003,87.17
2020,1,9,7,15,33,218,5.1000000000000005,24.8,86.65
2020,1,9,7,30,75,380,5.300000000000001,25,85.63
2020,1,9,7,45,124,485,5.4,25.200000000000003,84.02
2020,1,9,8,0,178,575,5.5,25.400000000000002,83.03
2020,1,9,8,15,232,641,5.6000000000000005,25.6,82.05
2020,1,9,8,30,288,695,5.7,25.700000000000003,81.57000000000001
2020,1,9,8,45,340,725,5.9,25.900000000000002,79.2
2020,1,9,9,0,394,761,6,26.1,78.27
2020,1,9,9,15,446,791,6,26.3,77.36
2020,1,9,9,30,495,816,6,26.5,76.45
2020,1,9,9,45,540,827,6.1000000000000005,26.700000000000003,74.71000000000001
2020,1,9,10,0,583,846,6.1000000000000005,26.8,74.27
2020,1,9,10,15,623,859,6.1000000000000005,26.900000000000002,73.84
2020,1,9,10,30,659,873,6.1000000000000005,27,73.41
2020,1,9,10,45,687,860,6.1000000000000005,27.1,73
2020,1,9,11,0,483,204,6.1000000000000005,27.200000000000003,72.57000000000001
2020,1,9,11,15,495,196,6.1000000000000005,27.200000000000003,72.57000000000001
2020,1,9,11,30,761,882,6,27.3,72.15
2020,1,9,11,45,774,876,6,27.3,72.71000000000001
2020,1,9,12,0,785,878,6,27.3,72.71000000000001
2020,1,9,12,15,339,32,6,27.3,72.71000000000001
2020,1,9,12,30,793,879,6,27.400000000000002,72.29
2020,1,9,12,45,790,872,6,27.400000000000002,72.91
2020,1,9,13,0,783,870,6,27.400000000000002,72.83
2020,1,9,13,15,219,8,6,27.400000000000002,72.83
2020,1,9,13,30,755,860,6,27.3,73.26
2020,1,9,13,45,477,168,6,27.3,73.54
2020,1,9,14,0,208,7,6,27.3,73.54
2020,1,9,14,15,104,0,6,27.200000000000003,73.97
2020,1,9,14,30,176,2,6,27.200000000000003,73.97
2020,1,9,14,45,101,0,6,27.1,74.39
2020,1,9,15,0,574,798,6,27.1,74.39
2020,1,9,15,15,531,778,6,26.900000000000002,75.26
2020,1,9,15,30,232,42,6.1000000000000005,26.8,75.71000000000001
2020,1,9,15,45,19,0,6.1000000000000005,26.700000000000003,76.41
2020,1,9,16,0,386,688,6.1000000000000005,26.6,76.86
2020,1,9,16,15,333,648,6,26.400000000000002,77.77
2020,1,9,16,30,280,602,5.9,26.200000000000003,78.69
2020,1,9,16,45,224,524,5.9,26.1,79.59
2020,1,9,17,0,171,450,5.800000000000001,25.900000000000002,80.54
2020,1,9,17,15,120,358,5.7,25.8,81.01
2020,1,9,17,30,72,241,5.7,25.6,81.98
2020,1,9,17,45,32,94,5.6000000000000005,25.5,82.96000000000001
2020,1,9,18,0,0,0,5.5,25.400000000000002,83.45
2020,1,9,18,15,0,0,5.5,25.3,83.94
2020,1,9,18,30,0,0,5.5,25.3,83.94
2020,1,9,18,45,0,0,5.5,25.200000000000003,84.69
2020,1,9,19,0,0,0,5.5,25.200000000000003,84.69
2020,1,9,19,15,0,0,5.5,25.200000000000003,84.69
2020,1,9,19,30,0,0,5.5,25.200000000000003,84.69
2020,1,9,19,45,0,0,5.5,25.200000000000003,84.69
2020,1,9,20,0,0,0,5.6000000000000005,25,85.73
2020,1,9,20,15,0,0,5.7,24.900000000000002,86.24
2020,1,9,20,30,0,0,5.7,24.900000000000002,86.24
2020,1,9,20,45,0,0,5.7,24.8,86.77
2020,1,9,21,0,0,0,5.800000000000001,24.8,86.77
2020,1,9,21,15,0,0,5.800000000000001,24.8,86.77
2020,1,9,21,30,0,0,5.800000000000001,24.700000000000003,87.29
2020,1,9,21,45,0,0,5.9,24.700000000000003,87.21000000000001
2020,1,9,22,0,0,0,5.9,24.700000000000003,87.21000000000001
2020,1,9,22,15,0,0,5.9,24.700000000000003,87.21000000000001
2020,1,9,22,30,0,0,5.9,24.6,87.73
2020,1,9,22,45,0,0,5.9,24.6,87.56
2020,1,9,23,0,0,0,5.9,24.6,87.56
2020,1,9,23,15,0,0,5.9,24.6,87.56
2020,1,9,23,30,0,0,5.9,24.6,87.47
2020,1,9,23,45,0,0,5.800000000000001,24.5,87.77
2020,1,10,0,0,0,0,5.800000000000001,24.5,87.77
2020,1,10,0,15,0,0,5.800000000000001,24.5,87.77
2020,1,10,0,30,0,0,5.800000000000001,24.5,87.77
2020,1,10,0,45,0,0,5.800000000000001,24.400000000000002,87.99
2020,1,10,1,0,0,0,5.800000000000001,24.400000000000002,87.9
2020,1,10,1,15,0,0,5.9,24.400000000000002,87.9
2020,1,10,1,30,0,0,5.9,24.400000000000002,87.9
2020,1,10,1,45,0,0,5.9,24.400000000000002,87.41
2020,1,10,2,0,0,0,5.9,24.400000000000002,87.41
2020,1,10,2,15,0,0,5.9,24.400000000000002,87.41
2020,1,10,2,30,0,0,6,24.400000000000002,87.41
2020,1,10,2,45,0,0,6,24.400000000000002,86.8
2020,1,10,3,0,0,0,6,24.400000000000002,86.72
2020,1,10,3,15,0,0,6,24.400000000000002,86.72
2020,1,10,3,30,0,0,6.1000000000000005,24.400000000000002,86.72
2020,1,10,3,45,0,0,6.1000000000000005,24.400000000000002,86.16
2020,1,10,4,0,0,0,6.1000000000000005,24.400000000000002,86.16
2020,1,10,4,15,0,0,6.2,24.400000000000002,86.24
2020,1,10,4,30,0,0,6.2,24.400000000000002,86.24
2020,1,10,4,45,0,0,6.2,24.400000000000002,85.7
2020,1,10,5,0,0,0,6.300000000000001,24.400000000000002,85.7
2020,1,10,5,15,0,0,6.300000000000001,24.400000000000002,85.7
2020,1,10,5,30,0,0,6.300000000000001,24.400000000000002,85.7
2020,1,10,5,45,0,0,6.300000000000001,24.400000000000002,85.33
2020,1,10,6,0,0,0,6.300000000000001,24.400000000000002,85.33
2020,1,10,6,15,0,0,6.300000000000001,24.400000000000002,85.33
2020,1,10,6,30,0,0,6.4,24.5,84.9
2020,1,10,6,45,0,0,6.4,24.6,84.4
2020,1,10,7,0,0,0,6.4,24.6,84.4
2020,1,10,7,15,31,148,6.5,24.8,83.41
2020,1,10,7,30,72,307,6.7,25,82.42
2020,1,10,7,45,121,444,6.800000000000001,25.1,81.88
2020,1,10,8,0,174,537,6.9,25.3,80.91
2020,1,10,8,15,229,609,7,25.400000000000002,80.43
2020,1,10,8,30,284,663,7.1000000000000005,25.6,79.49
2020,1,10,8,45,339,711,7.300000000000001,25.8,77.28
2020,1,10,9,0,392,748,7.4,25.900000000000002,76.83
2020,1,10,9,15,215,50,7.5,26.1,75.93
2020,1,10,9,30,493,805,7.5,26.200000000000003,75.48
2020,1,10,9,45,539,823,7.6000000000000005,26.400000000000002,72.94
2020,1,10,10,0,186,4,7.7,26.5,72.51
2020,1,10,10,15,624,857,7.7,26.6,72.09
2020,1,10,10,30,661,871,7.7,26.700000000000003,71.66
2020,1,10,10,45,692,866,7.7,26.8,70.42
2020,1,10,11,0,721,876,7.800000000000001,26.900000000000002,70.01
2020,1,10,11,15,746,884,7.7,26.900000000000002,70.01
2020,1,10,11,30,767,891,7.7,27,69.60000000000001
2020,1,10,11,45,779,875,7.7,27,69.54
2020,1,10,12,0,533,201,7.7,27,69.54
2020,1,10,12,15,386,53,7.7,27,69.54
2020,1,10,12,30,800,880,7.7,27,69.54
2020,1,10,12,45,796,873,7.6000000000000005,27,69.75
2020,1,10,13,0,790,871,7.6000000000000005,27,69.75
2020,1,10,13,15,778,867,7.6000000000000005,26.900000000000002,70.16
2020,1,10,13,30,763,863,7.6000000000000005,26.900000000000002,70.16
2020,1,10,13,45,745,864,7.6000000000000005,26.8,70.58
2020,1,10,14,0,720,856,7.6000000000000005,26.8,70.58
2020,1,10,14,15,693,848,7.6000000000000005,26.8,70.51
2020,1,10,14,30,660,837,7.6000000000000005,26.700000000000003,70.93
2020,1,10,14,45,624,823,7.5,26.700000000000003,70.38
2020,1,10,15,0,585,808,7.5,26.6,70.79
2020,1,10,15,15,542,788,7.5,26.6,70.79
2020,1,10,15,30,495,765,7.5,26.5,71.21000000000001
2020,1,10,15,45,445,725,7.5,26.5,70.16
2020,1,10,16,0,215,80,7.5,26.400000000000002,70.57000000000001
2020,1,10,16,15,13,0,7.4,26.3,70.99
2020,1,10,16,30,81,0,7.300000000000001,26.200000000000003,71.48
2020,1,10,16,45,230,524,7.300000000000001,26.1,70.91
2020,1,10,17,0,176,448,7.2,26,71.33
2020,1,10,17,15,123,354,7.1000000000000005,25.900000000000002,71.75
2020,1,10,17,30,75,237,7,25.8,72.18
2020,1,10,17,45,35,104,6.800000000000001,25.700000000000003,72.58
2020,1,10,18,0,0,0,6.7,25.6,73.01
2020,1,10,18,15,0,0,6.800000000000001,25.6,73.01
2020,1,10,18,30,0,0,6.800000000000001,25.6,73.08
2020,1,10,18,45,0,0,6.800000000000001,25.5,72.92
2020,1,10,19,0,0,0,6.800000000000001,25.5,72.92
2020,1,10,19,15,0,0,6.800000000000001,25.5,72.92
2020,1,10,19,30,0,0,6.800000000000001,25.5,72.92
2020,1,10,19,45,0,0,6.800000000000001,25.5,72.92
2020,1,10,20,0,0,0,6.6000000000000005,25.3,74.54
2020,1,10,20,15,0,0,6.6000000000000005,25.200000000000003,74.99
2020,1,10,20,30,0,0,6.6000000000000005,25.200000000000003,74.99
2020,1,10,20,45,0,0,6.6000000000000005,25.1,76.05
2020,1,10,21,0,0,0,6.6000000000000005,25,76.51
2020,1,10,21,15,0,0,6.5,25,76.51
2020,1,10,21,30,0,0,6.5,25,76.51
2020,1,10,21,45,0,0,6.5,24.900000000000002,76.94
2020,1,10,22,0,0,0,6.5,24.900000000000002,76.94
2020,1,10,22,15,0,0,6.4,24.900000000000002,76.94
2020,1,10,22,30,0,0,6.4,24.8,77.4
2020,1,10,22,45,0,0,6.4,24.8,77.13
2020,1,10,23,0,0,0,6.300000000000001,24.8,77.13
2020,1,10,23,15,0,0,6.4,24.8,77.13
2020,1,10,23,30,0,0,6.4,24.8,77.13
2020,1,10,23,45,0,0,6.5,24.8,76.41
2020,1,11,0,0,0,0,6.5,24.8,76.41
2020,1,11,0,15,0,0,6.5,24.8,76.41
2020,1,11,0,30,0,0,6.5,24.8,76.41
2020,1,11,0,45,0,0,6.5,24.8,75.76
2020,1,11,1,0,0,0,6.5,24.700000000000003,76.21000000000001
2020,1,11,1,15,0,0,6.5,24.700000000000003,76.21000000000001
2020,1,11,1,30,0,0,6.5,24.700000000000003,76.13
2020,1,11,1,45,0,0,6.5,24.6,76.89
2020,1,11,2,0,0,0,6.4,24.6,76.89
2020,1,11,2,15,0,0,6.4,24.6,76.89
2020,1,11,2,30,0,0,6.4,24.5,77.35000000000001
2020,1,11,2,45,0,0,6.4,24.5,78.33
2020,1,11,3,0,0,0,6.4,24.5,78.33
2020,1,11,3,15,0,0,6.300000000000001,24.400000000000002,78.8
2020,1,11,3,30,0,0,6.300000000000001,24.400000000000002,78.8
2020,1,11,3,45,0,0,6.300000000000001,24.3,80.18
2020,1,11,4,0,0,0,6.300000000000001,24.3,80.18
2020,1,11,4,15,0,0,6.2,24.200000000000003,80.66
2020,1,11,4,30,0,0,6.2,24.200000000000003,80.66
2020,1,11,4,45,0,0,6.2,24.200000000000003,81.55
2020,1,11,5,0,0,0,6.2,24.200000000000003,81.55
2020,1,11,5,15,0,0,6.300000000000001,24.200000000000003,81.63
2020,1,11,5,30,0,0,6.300000000000001,24.200000000000003,81.63
2020,1,11,5,45,0,0,6.4,24.200000000000003,81.45
2020,1,11,6,0,0,0,6.4,24.200000000000003,81.45
2020,1,11,6,15,0,0,6.5,24.3,80.97
2020,1,11,6,30,0,0,6.6000000000000005,24.400000000000002,80.49
2020,1,11,6,45,0,0,6.7,24.5,79.84
2020,1,11,7,0,0,0,6.800000000000001,24.6,79.45
2020,1,11,7,15,31,138,6.9,24.700000000000003,78.97
2020,1,11,7,30,71,298,7.1000000000000005,24.900000000000002,78.04
2020,1,11,7,45,120,422,7.2,25.1,76.62
2020,1,11,8,0,173,518,7.4,25.200000000000003,76.17
2020,1,11,8,15,83,0,7.5,25.400000000000002,75.27
2020,1,11,8,30,107,0,7.6000000000000005,25.6,74.39
2020,1,11,8,45,13,0,7.800000000000001,25.8,72.62
2020,1,11,9,0,148,5,7.9,26,71.84
2020,1,11,9,15,444,760,8,26.1,71.42
2020,1,11,9,30,494,787,8,26.200000000000003,71
2020,1,11,9,45,540,803,8.1,26.400000000000002,69.75
2020,1,11,10,0,584,823,8.200000000000001,26.5,69.34
2020,1,11,10,15,327,77,8.1,26.6,68.87
2020,1,11,10,30,664,856,8.1,26.700000000000003,68.46000000000001
2020,1,11,10,45,697,866,8.1,26.8,68.07000000000001
2020,1,11,11,0,727,875,8.1,26.900000000000002,67.67
2020,1,11,11,15,752,884,8.1,26.900000000000002,67.67
2020,1,11,11,30,773,890,8,26.900000000000002,67.67
2020,1,11,11,45,790,894,8,27,67.31
2020,1,11,12,0,802,898,7.9,27,67.24
2020,1,11,12,15,809,900,7.800000000000001,27,67.24
2020,1,11,12,30,812,900,7.800000000000001,27,67.24
2020,1,11,12,45,809,894,7.7,27,67.36
2020,1,11,13,0,207,7,7.7,27.1,66.9
2020,1,11,13,15,792,889,7.6000000000000005,27,67.29
2020,1,11,13,30,776,884,7.5,27,67.29
2020,1,11,13,45,763,912,7.5,27,67.65
2020,1,11,14,0,739,905,7.4,26.900000000000002,68.05
2020,1,11,14,15,710,896,7.4,26.900000000000002,68.05
2020,1,11,14,30,677,885,7.300000000000001,26.8,68.45
2020,1,11,14,45,637,857,7.300000000000001,26.700000000000003,69.38
2020,1,11,15,0,597,842,7.2,26.700000000000003,69.38
2020,1,11,15,15,553,823,7.2,26.6,69.79
2020,1,11,15,30,221,32,7.2,26.5,70.27
2020,1,11,15,45,454,763,7.1000000000000005,26.3,71.84
2020,1,11,16,0,403,731,7.1000000000000005,26.200000000000003,72.27
2020,1,11,16,15,72,0,7,26.1,72.69
2020,1,11,16,30,294,645,6.9,25.900000000000002,73.55
2020,1,11,16,45,237,579,6.800000000000001,25.8,75.4
2020,1,11,17,0,182,507,6.800000000000001,25.6,76.29
2020,1,11,17,15,129,415,6.7,25.5,76.74
2020,1,11,17,30,80,297,6.6000000000000005,25.3,77.66
2020,1,11,17,45,38,156,6.5,25.200000000000003,80.19
2020,1,11,18,0,0,0,6.4,25.1,80.66
2020,1,11,18,15,0,0,6.4,25,81.14
2020,1,11,18,30,0,0,6.300000000000001,24.900000000000002,81.63
2020,1,11,18,45,0,0,6.300000000000001,24.900000000000002,83.22
2020,1,11,19,0,0,0,6.2,24.8,83.72
2020,1,11,19,15,0,0,6.2,24.8,83.72
2020,1,11,19,30,0,0,6.2,24.8,83.72
2020,1,11,19,45,0,0,6.2,24.8,83.72
2020,1,11,20,0,0,0,6.1000000000000005,24.700000000000003,85.28
2020,1,11,20,15,0,0,6.1000000000000005,24.700000000000003,85.28
2020,1,11,20,30,0,0,6.1000000000000005,24.6,85.79
2020,1,11,20,45,0,0,6,24.6,86.23
2020,1,11,21,0,0,0,6,24.6,86.23
2020,1,11,21,15,0,0,6,24.6,86.23
2020,1,11,21,30,0,0,6,24.6,86.23
2020,1,11,21,45,0,0,5.9,24.6,86.34
2020,1,11,22,0,0,0,5.9,24.6,86.34
2020,1,11,22,15,0,0,5.9,24.6,86.34
2020,1,11,22,30,0,0,5.9,24.6,86.34
2020,1,11,22,45,0,0,5.9,24.6,86.48
2020,1,11,23,0,0,0,5.9,24.6,86.48
2020,1,11,23,15,0,0,5.800000000000001,24.6,86.48
2020,1,11,23,30,0,0,5.800000000000001,24.5,86.91
2020,1,11,23,45,0,0,5.7,24.5,87.48
2020,1,12,0,0,0,0,5.7,24.5,87.48
2020,1,12,0,15,0,0,5.6000000000000005,24.400000000000002,88
2020,1,12,0,30,0,0,5.6000000000000005,24.400000000000002,88
2020,1,12,0,45,0,0,5.5,24.400000000000002,89.04
2020,1,12,1,0,0,0,5.5,24.400000000000002,89.04
2020,1,12,1,15,0,0,5.5,24.400000000000002,89.04
2020,1,12,1,30,0,0,5.4,24.3,89.57000000000001
2020,1,12,1,45,0,0,5.4,24.3,90.39
2020,1,12,2,0,0,0,5.4,24.3,90.39
2020,1,12,2,15,0,0,5.4,24.3,90.39
2020,1,12,2,30,0,0,5.4,24.3,90.39
2020,1,12,2,45,0,0,5.4,24.3,90.95
2020,1,12,3,0,0,0,5.4,24.3,90.95
2020,1,12,3,15,0,0,5.4,24.3,90.95
2020,1,12,3,30,0,0,5.4,24.3,90.95
2020,1,12,3,45,0,0,5.5,24.3,91.01
2020,1,12,4,0,0,0,5.5,24.3,91.01
2020,1,12,4,15,0,0,5.5,24.3,91.01
2020,1,12,4,30,0,0,5.5,24.3,91.01
2020,1,12,4,45,0,0,5.5,24.3,90.74
2020,1,12,5,0,0,0,5.5,24.3,90.74
2020,1,12,5,15,0,0,5.5,24.3,90.83
2020,1,12,5,30,0,0,5.6000000000000005,24.3,90.83
2020,1,12,5,45,0,0,5.6000000000000005,24.3,90.31
2020,1,12,6,0,0,0,5.6000000000000005,24.3,90.31
2020,1,12,6,15,0,0,5.6000000000000005,24.3,90.31
2020,1,12,6,30,0,0,5.7,24.400000000000002,89.77
2020,1,12,6,45,0,0,5.7,24.400000000000002,89.51
2020,1,12,7,0,0,0,5.800000000000001,24.5,88.98
2020,1,12,7,15,19,0,5.9,24.6,88.45
2020,1,12,7,30,41,27,6,24.700000000000003,88.02
2020,1,12,7,45,38,0,6.1000000000000005,24.8,86.72
2020,1,12,8,0,165,458,6.2,24.8,86.72
2020,1,12,8,15,218,534,6.300000000000001,25,85.69
2020,1,12,8,30,273,595,6.300000000000001,25.200000000000003,84.68
2020,1,12,8,45,325,632,6.4,25.3,82.37
2020,1,12,9,0,378,673,6.5,25.5,81.4
2020,1,12,9,15,429,708,6.6000000000000005,25.700000000000003,80.45
2020,1,12,9,30,478,736,6.6000000000000005,25.8,79.97
2020,1,12,9,45,181,5,6.7,26,77.12
2020,1,12,10,0,235,22,6.7,26.200000000000003,76.22
2020,1,12,10,15,606,782,6.800000000000001,26.3,75.77
2020,1,12,10,30,643,797,6.800000000000001,26.400000000000002,75.33
2020,1,12,10,45,686,857,6.800000000000001,26.5,74.17
2020,1,12,11,0,715,867,6.800000000000001,26.6,73.74
2020,1,12,11,15,557,300,6.800000000000001,26.6,73.66
2020,1,12,11,30,761,881,6.800000000000001,26.700000000000003,73.23
2020,1,12,11,45,775,874,6.800000000000001,26.700000000000003,73.24
2020,1,12,12,0,787,877,6.800000000000001,26.700000000000003,73.24
2020,1,12,12,15,795,879,6.800000000000001,26.8,72.81
2020,1,12,12,30,559,226,6.800000000000001,26.8,72.74
2020,1,12,12,45,547,210,6.800000000000001,26.8,72.82000000000001
2020,1,12,13,0,787,867,6.800000000000001,26.8,72.82000000000001
2020,1,12,13,15,776,863,6.800000000000001,26.8,72.82000000000001
2020,1,12,13,30,538,231,6.800000000000001,26.700000000000003,73.24
2020,1,12,13,45,745,869,6.800000000000001,26.700000000000003,73.05
2020,1,12,14,0,721,861,6.800000000000001,26.700000000000003,73.05
2020,1,12,14,15,692,852,6.800000000000001,26.700000000000003,73.05
2020,1,12,14,30,661,842,6.800000000000001,26.6,73.48
2020,1,12,14,45,623,817,6.800000000000001,26.6,73.36
2020,1,12,15,0,584,801,6.800000000000001,26.5,73.79
2020,1,12,15,15,363,192,6.800000000000001,26.400000000000002,74.22
2020,1,12,15,30,495,759,6.800000000000001,26.3,74.66
2020,1,12,15,45,444,719,6.800000000000001,26.200000000000003,75.48
2020,1,12,16,0,393,687,6.800000000000001,26.1,75.93
2020,1,12,16,15,341,647,6.7,25.900000000000002,76.83
2020,1,12,16,30,11,0,6.6000000000000005,25.700000000000003,77.74
2020,1,12,16,45,231,531,6.6000000000000005,25.6,79.60000000000001
2020,1,12,17,0,177,459,6.5,25.400000000000002,80.55
2020,1,12,17,15,125,367,6.4,25.3,81.03
2020,1,12,17,30,77,252,6.300000000000001,25.1,81.99
2020,1,12,17,45,36,104,6.300000000000001,25,84.04
2020,1,12,18,0,0,0,6.2,24.900000000000002,84.54
2020,1,12,18,15,0,0,6.2,24.8,85.05
2020,1,12,18,30,0,0,6.300000000000001,24.8,85.05
2020,1,12,18,45,0,0,6.300000000000001,24.8,85.65
2020,1,12,19,0,0,0,6.4,24.700000000000003,86.16
2020,1,12,19,15,0,0,6.4,24.700000000000003,86.16
2020,1,12,19,30,0,0,6.4,24.700000000000003,86.16
2020,1,12,19,45,0,0,6.4,24.700000000000003,86.16
2020,1,12,20,0,0,0,6.6000000000000005,24.700000000000003,86.10000000000001
2020,1,12,20,15,0,0,6.7,24.6,86.62
2020,1,12,20,30,0,0,6.7,24.6,86.62
2020,1,12,20,45,0,0,6.7,24.6,86.33
2020,1,12,21,0,0,0,6.7,24.6,86.33
2020,1,12,21,15,0,0,6.7,24.5,86.84
2020,1,12,21,30,0,0,6.800000000000001,24.5,86.84
2020,1,12,21,45,0,0,6.800000000000001,24.5,86.58
2020,1,12,22,0,0,0,6.800000000000001,24.5,86.58
2020,1,12,22,15,0,0,6.7,24.5,86.58
2020,1,12,22,30,0,0,6.7,24.5,86.49
2020,1,12,22,45,0,0,6.7,24.5,86.34
2020,1,12,23,0,0,0,6.6000000000000005,24.400000000000002,86.85000000000001
2020,1,12,23,15,0,0,6.6000000000000005,24.400000000000002,86.85000000000001
2020,1,12,23,30,0,0,6.6000000000000005,24.400000000000002,86.85000000000001
2020,1,12,23,45,0,0,6.5,24.400000000000002,86.64
2020,1,13,0,0,0,0,6.5,24.400000000000002,86.64
2020,1,13,0,15,0,0,6.5,24.400000000000002,86.64
2020,1,13,0,30,0,0,6.4,24.3,87.16
2020,1,13,0,45,0,0,6.4,24.3,86.76
2020,1,13,1,0,0,0,6.4,24.3,86.76
2020,1,13,1,15,0,0,6.4,24.3,86.76
2020,1,13,1,30,0,0,6.4,24.3,86.67
2020,1,13,1,45,0,0,6.300000000000001,24.200000000000003,86.74
2020,1,13,2,0,0,0,6.300000000000001,24.200000000000003,86.74
2020,1,13,2,15,0,0,6.4,24.200000000000003,86.74
2020,1,13,2,30,0,0,6.4,24.200000000000003,86.74
2020,1,13,2,45,0,0,6.4,24.1,86.47
2020,1,13,3,0,0,0,6.4,24.1,86.47
2020,1,13,3,15,0,0,6.5,24.1,86.47
2020,1,13,3,30,0,0,6.5,24.1,86.47
2020,1,13,3,45,0,0,6.5,24.1,85.56
2020,1,13,4,0,0,0,6.5,24.1,85.56
2020,1,13,4,15,0,0,6.6000000000000005,24.1,85.56
2020,1,13,4,30,0,0,6.6000000000000005,24.1,85.56
2020,1,13,4,45,0,0,6.6000000000000005,24.1,84.86
2020,1,13,5,0,0,0,6.6000000000000005,24,85.37
2020,1,13,5,15,0,0,6.6000000000000005,24,85.37
2020,1,13,5,30,0,0,6.6000000000000005,24.1,84.86
2020,1,13,5,45,0,0,6.6000000000000005,24.1,84.53
2020,1,13,6,0,0,0,6.6000000000000005,24.1,84.53
2020,1,13,6,15,0,0,6.7,24.1,84.53
2020,1,13,6,30,0,0,6.7,24.200000000000003,84.03
2020,1,13,6,45,0,0,6.800000000000001,24.200000000000003,84.04
2020,1,13,7,0,0,0,6.800000000000001,24.3,83.63
2020,1,13,7,15,27,60,6.9,24.5,82.63
2020,1,13,7,30,65,189,7,24.6,82.14
2020,1,13,7,45,112,315,7.2,24.700000000000003,81.16
2020,1,13,8,0,163,414,7.300000000000001,24.900000000000002,80.2
2020,1,13,8,15,218,495,7.4,25.1,79.26
2020,1,13,8,30,273,559,7.6000000000000005,25.200000000000003,78.87
2020,1,13,8,45,326,602,7.7,25.400000000000002,76.16
2020,1,13,9,0,379,646,7.9,25.5,75.71000000000001
2020,1,13,9,15,431,682,7.9,25.700000000000003,74.82000000000001
2020,1,13,9,30,27,0,8,25.8,74.38
2020,1,13,9,45,528,736,8.1,26,71.79
2020,1,13,10,0,573,758,8.200000000000001,26.1,71.37
2020,1,13,10,15,101,0,8.200000000000001,26.200000000000003,70.95
2020,1,13,10,30,653,795,8.1,26.3,70.53
2020,1,13,10,45,693,842,8.1,26.400000000000002,69.37
2020,1,13,11,0,723,853,8.1,26.5,68.9
2020,1,13,11,15,424,103,8,26.5,68.9
2020,1,13,11,30,772,871,7.9,26.6,68.49
2020,1,13,11,45,793,891,7.9,26.6,67.87
2020,1,13,12,0,805,894,7.800000000000001,26.6,67.87
2020,1,13,12,15,813,897,7.7,26.6,67.8
2020,1,13,12,30,816,897,7.6000000000000005,26.6,67.8
2020,1,13,12,45,816,903,7.5,26.6,67.69
2020,1,13,13,0,810,902,7.4,26.6,67.69
2020,1,13,13,15,799,898,7.4,26.6,67.69
2020,1,13,13,30,783,894,7.300000000000001,26.5,68.02
2020,1,13,13,45,765,896,7.2,26.5,68.63
2020,1,13,14,0,451,145,7.2,26.5,68.63
2020,1,13,14,15,710,877,7.1000000000000005,26.400000000000002,69.04
2020,1,13,14,30,678,866,7.1000000000000005,26.400000000000002,69.04
2020,1,13,14,45,639,844,7.1000000000000005,26.3,70.32000000000001
2020,1,13,15,0,121,0,7.1000000000000005,26.3,70.32000000000001
2020,1,13,15,15,301,87,7,26.200000000000003,70.74
2020,1,13,15,30,508,785,7,26.1,71.16
2020,1,13,15,45,57,0,7,26,72.5
2020,1,13,16,0,405,718,7,25.900000000000002,72.93
2020,1,13,16,15,352,680,6.9,25.700000000000003,73.79
2020,1,13,16,30,297,633,6.800000000000001,25.6,74.23
2020,1,13,16,45,242,580,6.800000000000001,25.400000000000002,75.99
2020,1,13,17,0,187,509,6.7,25.3,76.45
2020,1,13,17,15,133,419,6.6000000000000005,25.1,77.36
2020,1,13,17,30,83,302,6.5,25,77.82000000000001
2020,1,13,17,45,40,147,6.4,24.8,80.25
2020,1,13,18,0,11,16,6.300000000000001,24.700000000000003,80.73
2020,1,13,18,15,0,0,6.2,24.6,81.21000000000001
2020,1,13,18,30,0,0,6.2,24.6,81.29
2020,1,13,18,45,0,0,6.2,24.5,82.75
2020,1,13,19,0,0,0,6.2,24.5,82.75
2020,1,13,19,15,0,0,6.2,24.5,82.75
2020,1,13,19,30,0,0,6.2,24.5,82.75
2020,1,13,19,45,0,0,6.2,24.5,82.75
2020,1,13,20,0,0,0,6.2,24.400000000000002,83.54
2020,1,13,20,15,0,0,6.300000000000001,24.400000000000002,83.54
2020,1,13,20,30,0,0,6.300000000000001,24.400000000000002,83.54
2020,1,13,20,45,0,0,6.4,24.400000000000002,82.87
2020,1,13,21,0,0,0,6.4,24.400000000000002,82.87
2020,1,13,21,15,0,0,6.4,24.400000000000002,82.87
2020,1,13,21,30,0,0,6.4,24.400000000000002,82.87
2020,1,13,21,45,0,0,6.300000000000001,24.400000000000002,82.42
2020,1,13,22,0,0,0,6.300000000000001,24.3,82.91
2020,1,13,22,15,0,0,6.300000000000001,24.3,82.91
2020,1,13,22,30,0,0,6.300000000000001,24.3,82.91
2020,1,13,22,45,0,0,6.2,24.200000000000003,83.62
2020,1,13,23,0,0,0,6.2,24.200000000000003,83.62
2020,1,13,23,15,0,0,6.2,24.200000000000003,83.62
2020,1,13,23,30,0,0,6.2,24.200000000000003,83.62
2020,1,13,23,45,0,0,6.300000000000001,24.200000000000003,83.19
2020,1,14,0,0,0,0,6.300000000000001,24.1,83.69
2020,1,14,0,15,0,0,6.300000000000001,24.1,83.69
2020,1,14,0,30,0,0,6.300000000000001,24.1,83.69
2020,1,14,0,45,0,0,6.4,24.1,82.74
2020,1,14,1,0,0,0,6.4,24.1,82.74
2020,1,14,1,15,0,0,6.4,24.1,82.74
2020,1,14,1,30,0,0,6.4,24.1,82.66
2020,1,14,1,45,0,0,6.4,24,82.54
2020,1,14,2,0,0,0,6.4,24,82.54
2020,1,14,2,15,0,0,6.4,24,82.54
2020,1,14,2,30,0,0,6.4,24,82.54
2020,1,14,2,45,0,0,6.4,24,82.26
2020,1,14,3,0,0,0,6.4,24,82.26
2020,1,14,3,15,0,0,6.4,23.900000000000002,82.75
2020,1,14,3,30,0,0,6.4,23.900000000000002,82.75
2020,1,14,3,45,0,0,6.4,23.900000000000002,82.46000000000001
2020,1,14,4,0,0,0,6.300000000000001,23.900000000000002,82.46000000000001
2020,1,14,4,15,0,0,6.4,23.900000000000002,82.46000000000001
2020,1,14,4,30,0,0,6.4,23.900000000000002,82.46000000000001
2020,1,14,4,45,0,0,6.4,23.900000000000002,82.34
2020,1,14,5,0,0,0,6.4,23.900000000000002,82.34
2020,1,14,5,15,0,0,6.300000000000001,23.8,82.83
2020,1,14,5,30,0,0,6.300000000000001,23.8,82.83
2020,1,14,5,45,0,0,6.300000000000001,23.8,82.95
2020,1,14,6,0,0,0,6.300000000000001,23.8,83.03
2020,1,14,6,15,0,0,6.300000000000001,23.8,83.03
2020,1,14,6,30,0,0,6.300000000000001,23.900000000000002,82.53
2020,1,14,6,45,0,0,6.4,23.900000000000002,82.94
2020,1,14,7,0,0,0,6.4,24,82.44
2020,1,14,7,15,24,27,6.4,24.1,81.95
2020,1,14,7,30,60,122,6.5,24.3,81.06
2020,1,14,7,45,105,241,6.6000000000000005,24.400000000000002,80.39
2020,1,14,8,0,104,90,6.7,24.6,79.44
2020,1,14,8,15,207,415,6.7,24.700000000000003,78.97
2020,1,14,8,30,260,480,6.800000000000001,24.900000000000002,78.03
2020,1,14,8,45,314,538,6.800000000000001,25,76.83
2020,1,14,9,0,87,0,6.9,25.200000000000003,75.92
2020,1,14,9,15,417,621,6.9,25.3,75.47
2020,1,14,9,30,466,653,6.9,25.5,74.59
2020,1,14,9,45,509,664,6.9,25.6,73.92
2020,1,14,10,0,553,688,6.9,25.700000000000003,73.49
2020,1,14,10,15,593,708,6.9,25.8,73.06
2020,1,14,10,30,630,726,6.800000000000001,25.900000000000002,72.63
2020,1,14,10,45,680,827,6.800000000000001,26,71.76
2020,1,14,11,0,710,838,6.800000000000001,26.1,71.34
2020,1,14,11,15,735,846,6.800000000000001,26.1,71.27
2020,1,14,11,30,164,1,6.7,26.200000000000003,70.85000000000001
2020,1,14,11,45,203,6,6.7,26.200000000000003,70.41
2020,1,14,12,0,784,857,6.6000000000000005,26.3,70
2020,1,14,12,15,529,180,6.6000000000000005,26.3,69.93
2020,1,14,12,30,524,171,6.5,26.3,69.93
2020,1,14,12,45,559,222,6.5,26.3,69.69
2020,1,14,13,0,471,116,6.4,26.3,69.69
2020,1,14,13,15,501,158,6.4,26.3,69.62
2020,1,14,13,30,562,266,6.300000000000001,26.200000000000003,70.03
2020,1,14,13,45,480,159,6.300000000000001,26.200000000000003,70.17
2020,1,14,14,0,410,96,6.2,26.200000000000003,70.17
2020,1,14,14,15,475,204,6.2,26.1,70.58
2020,1,14,14,30,154,0,6.1000000000000005,26.1,70.58
2020,1,14,14,45,624,808,6.1000000000000005,26,71.38
2020,1,14,15,0,54,0,6.1000000000000005,26,71.38
2020,1,14,15,15,372,201,6,25.900000000000002,71.8
2020,1,14,15,30,34,0,6,25.8,72.23
2020,1,14,15,45,50,0,6,25.700000000000003,73.43
2020,1,14,16,0,43,0,5.9,25.6,73.86
2020,1,14,16,15,69,0,5.800000000000001,25.400000000000002,74.74
2020,1,14,16,30,73,0,5.7,25.3,75.18
2020,1,14,16,45,79,0,5.6000000000000005,25.1,77.79
2020,1,14,17,0,184,490,5.5,25,78.25
2020,1,14,17,15,131,402,5.4,24.8,79.27
2020,1,14,17,30,82,290,5.300000000000001,24.700000000000003,79.74
2020,1,14,17,45,40,147,5.1000000000000005,24.6,82.67
2020,1,14,18,0,11,19,5,24.400000000000002,83.67
2020,1,14,18,15,0,0,5,24.400000000000002,83.67
2020,1,14,18,30,0,0,4.9,24.400000000000002,83.67
2020,1,14,18,45,0,0,4.9,24.3,85.9
2020,1,14,19,0,0,0,4.9,24.3,85.9
2020,1,14,19,15,0,0,4.9,24.3,85.9
2020,1,14,19,30,0,0,4.9,24.3,85.9
2020,1,14,19,45,0,0,4.9,24.3,85.9
2020,1,14,20,0,0,0,4.9,24.200000000000003,87.49
2020,1,14,20,15,0,0,4.9,24.200000000000003,87.49
2020,1,14,20,30,0,0,4.9,24.200000000000003,87.58
2020,1,14,20,45,0,0,4.9,24.1,88.93
2020,1,14,21,0,0,0,4.9,24.1,88.93
2020,1,14,21,15,0,0,4.9,24.1,88.93
2020,1,14,21,30,0,0,4.9,24.1,88.84
2020,1,14,21,45,0,0,4.9,24,89.95
2020,1,14,22,0,0,0,4.9,24,89.95
2020,1,14,22,15,0,0,4.9,24,89.95
2020,1,14,22,30,0,0,4.9,24,89.95
2020,1,14,22,45,0,0,4.800000000000001,24,90.37
2020,1,14,23,0,0,0,4.800000000000001,23.900000000000002,90.92
2020,1,14,23,15,0,0,4.800000000000001,23.900000000000002,90.92
2020,1,14,23,30,0,0,4.800000000000001,23.900000000000002,90.92
2020,1,14,23,45,0,0,4.800000000000001,23.900000000000002,91.03
2020,1,15,0,0,0,0,4.800000000000001,23.8,91.57000000000001
2020,1,15,0,15,0,0,4.800000000000001,23.8,91.57000000000001
2020,1,15,0,30,0,0,4.800000000000001,23.8,91.48
2020,1,15,0,45,0,0,4.800000000000001,23.700000000000003,92.04
2020,1,15,1,0,0,0,4.800000000000001,23.700000000000003,92.04
2020,1,15,1,15,0,0,4.800000000000001,23.700000000000003,92.04
2020,1,15,1,30,0,0,4.800000000000001,23.700000000000003,92.04
2020,1,15,1,45,0,0,4.800000000000001,23.6,92.55
2020,1,15,2,0,0,0,4.800000000000001,23.6,92.55
2020,1,15,2,15,0,0,4.7,23.6,92.55
2020,1,15,2,30,0,0,4.7,23.6,92.55
2020,1,15,2,45,0,0,4.7,23.6,92.38
2020,1,15,3,0,0,0,4.7,23.6,92.38
2020,1,15,3,15,0,0,4.7,23.6,92.38
2020,1,15,3,30,0,0,4.7,23.6,92.48
2020,1,15,3,45,0,0,4.7,23.6,92.51
2020,1,15,4,0,0,0,4.7,23.6,92.51
2020,1,15,4,15,0,0,4.7,23.6,92.51
2020,1,15,4,30,0,0,4.7,23.6,92.51
2020,1,15,4,45,0,0,4.7,23.6,92.34
2020,1,15,5,0,0,0,4.7,23.6,92.34
2020,1,15,5,15,0,0,4.800000000000001,23.6,92.34
2020,1,15,5,30,0,0,4.800000000000001,23.6,92.34
2020,1,15,5,45,0,0,4.800000000000001,23.6,92.07000000000001
2020,1,15,6,0,0,0,4.9,23.6,92.07000000000001
2020,1,15,6,15,0,0,4.9,23.700000000000003,91.61
2020,1,15,6,30,0,0,5,23.700000000000003,91.61
2020,1,15,6,45,0,0,5,23.8,91.12
2020,1,15,7,0,0,0,5.1000000000000005,23.8,91.12
2020,1,15,7,15,25,48,5.2,24,90.03
2020,1,15,7,30,38,12,5.300000000000001,24.1,89.5
2020,1,15,7,45,109,317,5.4,24.200000000000003,88.43
2020,1,15,8,0,56,0,5.5,24.3,87.91
2020,1,15,8,15,213,492,5.6000000000000005,24.5,86.87
2020,1,15,8,30,247,462,5.7,24.6,86.35000000000001
2020,1,15,8,45,15,0,5.800000000000001,24.8,83.38
2020,1,15,9,0,40,0,5.9,24.900000000000002,82.89
2020,1,15,9,15,49,0,5.9,25.1,81.91
2020,1,15,9,30,339,223,6,25.3,80.94
2020,1,15,9,45,269,59,6,25.400000000000002,78.65
2020,1,15,10,0,567,776,6.1000000000000005,25.6,77.73
2020,1,15,10,15,608,794,6.1000000000000005,25.700000000000003,77.27
2020,1,15,10,30,305,43,6.2,25.8,76.82000000000001
2020,1,15,10,45,680,827,6.2,26,75.08
2020,1,15,11,0,710,837,6.2,26.1,74.64
2020,1,15,11,15,414,91,6.2,26.200000000000003,74.2
2020,1,15,11,30,126,0,6.2,26.200000000000003,74.2
2020,1,15,11,45,212,7,6.2,26.3,73.63
2020,1,15,12,0,343,33,6.2,26.3,73.63
2020,1,15,12,15,252,12,6.2,26.3,73.63
2020,1,15,12,30,506,147,6.2,26.3,73.63
2020,1,15,12,45,648,382,6.2,26.400000000000002,73.22
2020,1,15,13,0,786,847,6.2,26.400000000000002,73.22
2020,1,15,13,15,775,844,6.2,26.3,73.65
2020,1,15,13,30,761,840,6.2,26.3,73.65
2020,1,15,13,45,748,860,6.2,26.3,73.67
2020,1,15,14,0,41,0,6.2,26.200000000000003,74.11
2020,1,15,14,15,31,0,6.2,26.200000000000003,74.03
2020,1,15,14,30,74,0,6.1000000000000005,26.1,74.47
2020,1,15,14,45,164,0,6.1000000000000005,26,74.86
2020,1,15,15,0,588,799,6.1000000000000005,26,74.86
2020,1,15,15,15,546,780,6,25.900000000000002,75.3
2020,1,15,15,30,22,0,6,25.8,75.75
2020,1,15,15,45,269,112,5.9,25.700000000000003,76.54
2020,1,15,16,0,74,0,5.9,25.6,76.99
2020,1,15,16,15,349,664,5.800000000000001,25.5,77.45
2020,1,15,16,30,295,619,5.6000000000000005,25.3,78.37
2020,1,15,16,45,241,569,5.5,25.200000000000003,79.29
2020,1,15,17,0,187,502,5.4,25,80.24
2020,1,15,17,15,134,415,5.300000000000001,24.900000000000002,80.72
2020,1,15,17,30,85,303,5.2,24.8,81.2
2020,1,15,17,45,43,168,5,24.700000000000003,82.4
2020,1,15,18,0,13,27,4.9,24.5,83.38
2020,1,15,18,15,0,0,4.9,24.5,83.38
2020,1,15,18,30,0,0,4.9,24.400000000000002,83.88
2020,1,15,18,45,0,0,4.800000000000001,24.400000000000002,84.07000000000001
2020,1,15,19,0,0,0,4.800000000000001,24.3,84.57000000000001
2020,1,15,19,15,0,0,4.800000000000001,24.3,84.57000000000001
2020,1,15,19,30,0,0,4.800000000000001,24.3,84.57000000000001
2020,1,15,19,45,0,0,4.800000000000001,24.3,84.57000000000001
2020,1,15,20,0,0,0,4.7,24.200000000000003,84.45
2020,1,15,20,15,0,0,4.7,24.200000000000003,84.45
2020,1,15,20,30,0,0,4.7,24.1,84.96000000000001
2020,1,15,20,45,0,0,4.7,24.1,83.79
2020,1,15,21,0,0,0,4.6000000000000005,24,84.29
2020,1,15,21,15,0,0,4.6000000000000005,24,84.29
2020,1,15,21,30,0,0,4.6000000000000005,23.900000000000002,84.8
2020,1,15,21,45,0,0,4.6000000000000005,23.900000000000002,83.5
2020,1,15,22,0,0,0,4.6000000000000005,23.8,84
2020,1,15,22,15,0,0,4.5,23.700000000000003,84.51
2020,1,15,22,30,0,0,4.5,23.700000000000003,84.51
2020,1,15,22,45,0,0,4.5,23.6,84.09
2020,1,15,23,0,0,0,4.4,23.6,84.09
2020,1,15,23,15,0,0,4.4,23.5,84.59
2020,1,15,23,30,0,0,4.4,23.5,84.59
2020,1,15,23,45,0,0,4.3,23.5,84.15
2020,1,16,0,0,0,0,4.3,23.400000000000002,84.66
2020,1,16,0,15,0,0,4.3,23.400000000000002,84.66
2020,1,16,0,30,0,0,4.3,23.400000000000002,84.66
2020,1,16,0,45,0,0,4.3,23.3,84.89
2020,1,16,1,0,0,0,4.3,23.3,84.81
2020,1,16,1,15,0,0,4.3,23.3,84.81
2020,1,16,1,30,0,0,4.3,23.3,84.81
2020,1,16,1,45,0,0,4.3,23.3,83.76
2020,1,16,2,0,0,0,4.3,23.3,83.76
2020,1,16,2,15,0,0,4.4,23.3,83.76
2020,1,16,2,30,0,0,4.4,23.3,83.76
2020,1,16,2,45,0,0,4.4,23.200000000000003,82.39
2020,1,16,3,0,0,0,4.4,23.200000000000003,82.39
2020,1,16,3,15,0,0,4.5,23.200000000000003,82.39
2020,1,16,3,30,0,0,4.5,23.3,81.89
2020,1,16,3,45,0,0,4.5,23.3,80.91
2020,1,16,4,0,0,0,4.5,23.3,80.91
2020,1,16,4,15,0,0,4.5,23.3,80.91
2020,1,16,4,30,0,0,4.4,23.3,80.91
2020,1,16,4,45,0,0,4.4,23.3,79.79
2020,1,16,5,0,0,0,4.4,23.3,79.79
2020,1,16,5,15,0,0,4.4,23.3,79.79
2020,1,16,5,30,0,0,4.4,23.200000000000003,80.36
2020,1,16,5,45,0,0,4.4,23.200000000000003,79.49
2020,1,16,6,0,0,0,4.3,23.200000000000003,79.49
2020,1,16,6,15,0,0,4.3,23.3,79.01
2020,1,16,6,30,0,0,4.3,23.400000000000002,78.54
2020,1,16,6,45,0,0,4.3,23.6,77.86
2020,1,16,7,0,0,0,4.3,23.700000000000003,77.4
2020,1,16,7,15,32,212,4.4,24,76.10000000000001
2020,1,16,7,30,76,383,4.5,24.200000000000003,75.19
2020,1,16,7,45,128,521,4.6000000000000005,24.5,72.2
2020,1,16,8,0,184,611,4.7,24.8,70.92
2020,1,16,8,15,241,680,4.7,25,70.08
2020,1,16,8,30,299,734,4.800000000000001,25.3,68.85000000000001
2020,1,16,8,45,356,781,4.800000000000001,25.5,65.59
2020,1,16,9,0,412,816,4.9,25.700000000000003,64.89
2020,1,16,9,15,466,844,4.9,25.900000000000002,64.13
2020,1,16,9,30,517,868,4.9,26.1,63.370000000000005
2020,1,16,9,45,567,892,4.9,26.3,62.14
2020,1,16,10,0,610,906,4.9,26.5,61.410000000000004
2020,1,16,10,15,653,920,4.9,26.6,60.99
2020,1,16,10,30,691,933,4.9,26.700000000000003,60.63
2020,1,16,10,45,725,937,4.800000000000001,26.8,61.03
2020,1,16,11,0,756,946,4.800000000000001,26.900000000000002,60.67
2020,1,16,11,15,782,953,4.800000000000001,27,60.32
2020,1,16,11,30,802,956,4.800000000000001,27,60.32
2020,1,16,11,45,819,958,4.7,27.1,61.38
2020,1,16,12,0,832,962,4.7,27.1,61.32
2020,1,16,12,15,840,964,4.7,27.1,61.32
2020,1,16,12,30,844,964,4.7,27.1,61.32
2020,1,16,12,45,840,961,4.6000000000000005,27.1,62.92
2020,1,16,13,0,834,959,4.6000000000000005,27,63.230000000000004
2020,1,16,13,15,824,957,4.6000000000000005,27,63.230000000000004
2020,1,16,13,30,808,953,4.5,26.900000000000002,63.6
2020,1,16,13,45,786,942,4.5,26.900000000000002,65.11
2020,1,16,14,0,761,936,4.5,26.8,65.5
2020,1,16,14,15,733,928,4.5,26.700000000000003,65.88
2020,1,16,14,30,700,918,4.4,26.6,66.27
2020,1,16,14,45,665,912,4.4,26.5,68.11
2020,1,16,15,0,351,114,4.4,26.3,68.91
2020,1,16,15,15,188,6,4.4,26.200000000000003,69.32000000000001
2020,1,16,15,30,235,38,4.4,26.1,69.73
2020,1,16,15,45,128,0,4.3,25.900000000000002,72.08
2020,1,16,16,0,431,813,4.3,25.8,72.51
2020,1,16,16,15,377,781,4.2,25.5,73.81
2020,1,16,16,30,321,742,4.2,25.3,74.68
2020,1,16,16,45,264,698,4.1000000000000005,25.1,77.5
2020,1,16,17,0,207,638,4,24.900000000000002,78.42
2020,1,16,17,15,151,560,4,24.700000000000003,79.36
2020,1,16,17,30,98,455,3.9000000000000004,24.5,80.31
2020,1,16,17,45,51,323,3.8000000000000003,24.3,83.94
2020,1,16,18,0,16,128,3.8000000000000003,24,85.46000000000001
2020,1,16,18,15,0,0,3.8000000000000003,24,85.46000000000001
2020,1,16,18,30,0,0,3.8000000000000003,23.900000000000002,85.97
2020,1,16,18,45,0,0,3.7,23.8,87.93
2020,1,16,19,0,0,0,3.7,23.700000000000003,88.45
2020,1,16,19,15,0,0,3.7,23.700000000000003,88.45
2020,1,16,19,30,0,0,3.7,23.700000000000003,88.45
2020,1,16,19,45,0,0,3.7,23.700000000000003,88.45
2020,1,16,20,0,0,0,3.7,23.5,90.35000000000001
2020,1,16,20,15,0,0,3.6,23.5,90.35000000000001
2020,1,16,20,30,0,0,3.6,23.5,90.35000000000001
2020,1,16,20,45,0,0,3.6,23.5,90.61
2020,1,16,21,0,0,0,3.6,23.400000000000002,91.16
2020,1,16,21,15,0,0,3.5,23.400000000000002,91.16
2020,1,16,21,30,0,0,3.5,23.400000000000002,91.16
2020,1,16,21,45,0,0,3.5,23.400000000000002,91.15
2020,1,16,22,0,0,0,3.5,23.400000000000002,91.15
2020,1,16,22,15,0,0,3.4000000000000004,23.3,91.7
2020,1,16,22,30,0,0,3.4000000000000004,23.3,91.61
2020,1,16,22,45,0,0,3.4000000000000004,23.3,91.37
2020,1,16,23,0,0,0,3.4000000000000004,23.3,91.37
2020,1,16,23,15,0,0,3.4000000000000004,23.3,91.37
2020,1,16,23,30,0,0,3.3000000000000003,23.200000000000003,91.92
2020,1,16,23,45,0,0,3.3000000000000003,23.200000000000003,91.26
2020,1,17,0,0,0,0,3.3000000000000003,23.200000000000003,91.26
2020,1,17,0,15,0,0,3.3000000000000003,23.200000000000003,91.26
2020,1,17,0,30,0,0,3.3000000000000003,23.200000000000003,91.26
2020,1,17,0,45,0,0,3.3000000000000003,23.200000000000003,90.67
2020,1,17,1,0,0,0,3.3000000000000003,23.200000000000003,90.58
2020,1,17,1,15,0,0,3.3000000000000003,23.1,91.13
2020,1,17,1,30,0,0,3.3000000000000003,23.1,91.13
2020,1,17,1,45,0,0,3.3000000000000003,23.1,90.43
2020,1,17,2,0,0,0,3.3000000000000003,23.1,90.43
2020,1,17,2,15,0,0,3.3000000000000003,23.1,90.43
2020,1,17,2,30,0,0,3.3000000000000003,23.1,90.43
2020,1,17,2,45,0,0,3.3000000000000003,23,90.16
2020,1,17,3,0,0,0,3.3000000000000003,23,90.16
2020,1,17,3,15,0,0,3.3000000000000003,23,90.16
2020,1,17,3,30,0,0,3.3000000000000003,23,90.16
2020,1,17,3,45,0,0,3.3000000000000003,23,89.32000000000001
2020,1,17,4,0,0,0,3.3000000000000003,23,89.32000000000001
2020,1,17,4,15,0,0,3.3000000000000003,23,89.32000000000001
2020,1,17,4,30,0,0,3.3000000000000003,23,89.32000000000001
2020,1,17,4,45,0,0,3.3000000000000003,22.900000000000002,89.08
2020,1,17,5,0,0,0,3.3000000000000003,22.900000000000002,89.08
2020,1,17,5,15,0,0,3.3000000000000003,22.900000000000002,89.08
2020,1,17,5,30,0,0,3.4000000000000004,22.900000000000002,89.08
2020,1,17,5,45,0,0,3.4000000000000004,22.900000000000002,88.48
2020,1,17,6,0,0,0,3.4000000000000004,22.900000000000002,88.48
2020,1,17,6,15,0,0,3.4000000000000004,23.1,87.5
2020,1,17,6,30,0,0,3.4000000000000004,23.200000000000003,86.98
2020,1,17,6,45,0,0,3.4000000000000004,23.400000000000002,87.41
2020,1,17,7,0,0,0,3.4000000000000004,23.5,86.89
2020,1,17,7,15,33,247,3.5,23.700000000000003,85.85000000000001
2020,1,17,7,30,76,414,3.6,23.900000000000002,84.83
2020,1,17,7,45,128,542,3.6,24.1,84.08
2020,1,17,8,0,184,629,3.7,24.3,83.08
2020,1,17,8,15,241,694,3.7,24.5,82.10000000000001
2020,1,17,8,30,298,746,3.8000000000000003,24.700000000000003,81.13
2020,1,17,8,45,355,789,3.8000000000000003,24.900000000000002,77.82000000000001
2020,1,17,9,0,410,822,3.8000000000000003,25.1,76.9
2020,1,17,9,15,464,850,3.8000000000000003,25.3,75.99
2020,1,17,9,30,515,873,3.8000000000000003,25.6,74.66
2020,1,17,9,45,564,893,3.8000000000000003,25.8,71.96000000000001
2020,1,17,10,0,609,910,3.8000000000000003,26,71.12
2020,1,17,10,15,651,923,3.8000000000000003,26.200000000000003,70.29
2020,1,17,10,30,689,935,3.8000000000000003,26.3,69.87
2020,1,17,10,45,723,938,3.8000000000000003,26.5,68.16
2020,1,17,11,0,753,946,3.8000000000000003,26.6,67.76
2020,1,17,11,15,780,953,3.8000000000000003,26.700000000000003,67.36
2020,1,17,11,30,802,959,3.8000000000000003,26.8,66.97
2020,1,17,11,45,463,114,3.7,26.900000000000002,66.06
2020,1,17,12,0,832,966,3.7,27,65.67
2020,1,17,12,15,841,968,3.7,27,65.67
2020,1,17,12,30,844,968,3.6,27.1,65.29
2020,1,17,12,45,842,966,3.6,27.1,64.94
2020,1,17,13,0,837,965,3.6,27.1,64.88
2020,1,17,13,15,826,962,3.5,27.1,64.88
2020,1,17,13,30,811,959,3.5,27.1,64.88
2020,1,17,13,45,791,953,3.5,27.1,64.55
2020,1,17,14,0,767,947,3.5,27.1,64.55
2020,1,17,14,15,738,939,3.4000000000000004,27,64.93
2020,1,17,14,30,706,930,3.4000000000000004,27,64.93
2020,1,17,14,45,669,917,3.4000000000000004,26.900000000000002,65.2
2020,1,17,15,0,629,904,3.4000000000000004,26.900000000000002,65.2
2020,1,17,15,15,585,888,3.4000000000000004,26.700000000000003,65.97
2020,1,17,15,30,538,870,3.4000000000000004,26.6,66.36
2020,1,17,15,45,488,848,3.4000000000000004,26.5,67.07000000000001
2020,1,17,16,0,436,822,3.4000000000000004,26.400000000000002,67.46000000000001
2020,1,17,16,15,382,791,3.3000000000000003,26.200000000000003,68.33
2020,1,17,16,30,326,753,3.2,26,69.14
2020,1,17,16,45,268,701,3.2,25.8,71.69
2020,1,17,17,0,211,641,3.1,25.5,72.97
2020,1,17,17,15,154,564,3.2,25.3,73.84
2020,1,17,17,30,101,461,3.2,25.1,74.72
2020,1,17,17,45,52,311,3.2,24.8,78.47
2020,1,17,18,0,17,120,3.2,24.6,79.48
2020,1,17,18,15,0,0,3.3000000000000003,24.6,79.48
2020,1,17,18,30,0,0,3.4000000000000004,24.5,79.96000000000001
2020,1,17,18,45,0,0,3.5,24.5,81.18
2020,1,17,19,0,0,0,3.5,24.400000000000002,81.66
2020,1,17,19,15,0,0,3.5,24.400000000000002,81.66
2020,1,17,19,30,0,0,3.5,24.400000000000002,81.66
2020,1,17,19,45,0,0,3.5,24.400000000000002,81.66
2020,1,17,20,0,0,0,3.7,24.200000000000003,83.37
2020,1,17,20,15,0,0,3.7,24.1,83.87
2020,1,17,20,30,0,0,3.7,24,84.38
2020,1,17,20,45,0,0,3.8000000000000003,23.900000000000002,84.94
2020,1,17,21,0,0,0,3.8000000000000003,23.900000000000002,84.94
2020,1,17,21,15,0,0,3.8000000000000003,23.8,85.45
2020,1,17,21,30,0,0,3.8000000000000003,23.8,85.45
2020,1,17,21,45,0,0,3.8000000000000003,23.700000000000003,86.10000000000001
2020,1,17,22,0,0,0,3.9000000000000004,23.6,86.62
2020,1,17,22,15,0,0,3.8000000000000003,23.6,86.62
2020,1,17,22,30,0,0,3.8000000000000003,23.6,86.62
2020,1,17,22,45,0,0,3.8000000000000003,23.5,86.84
2020,1,17,23,0,0,0,3.8000000000000003,23.5,86.84
2020,1,17,23,15,0,0,3.8000000000000003,23.400000000000002,87.36
2020,1,17,23,30,0,0,3.8000000000000003,23.400000000000002,87.36
2020,1,17,23,45,0,0,3.8000000000000003,23.400000000000002,86.59
2020,1,18,0,0,0,0,3.8000000000000003,23.3,87.11
2020,1,18,0,15,0,0,3.8000000000000003,23.3,87.11
2020,1,18,0,30,0,0,3.8000000000000003,23.3,87.11
2020,1,18,0,45,0,0,3.7,23.200000000000003,86.98
2020,1,18,1,0,0,0,3.7,23.200000000000003,86.98
2020,1,18,1,15,0,0,3.8000000000000003,23.200000000000003,86.98
2020,1,18,1,30,0,0,3.8000000000000003,23.1,87.5
2020,1,18,1,45,0,0,3.8000000000000003,23.1,86.96000000000001
2020,1,18,2,0,0,0,3.8000000000000003,23.1,86.96000000000001
2020,1,18,2,15,0,0,3.8000000000000003,23,87.49
2020,1,18,2,30,0,0,3.9000000000000004,23,87.4
2020,1,18,2,45,0,0,3.9000000000000004,23,86.98
2020,1,18,3,0,0,0,3.9000000000000004,23,86.98
2020,1,18,3,15,0,0,4,23,86.98
2020,1,18,3,30,0,0,4,22.900000000000002,87.51
2020,1,18,3,45,0,0,4.1000000000000005,22.900000000000002,87.76
2020,1,18,4,0,0,0,4.1000000000000005,22.900000000000002,87.76
2020,1,18,4,15,0,0,4.2,22.900000000000002,87.76
2020,1,18,4,30,0,0,4.2,23,87.23
2020,1,18,4,45,0,0,4.3,23,87.83
2020,1,18,5,0,0,0,4.3,23,87.83
2020,1,18,5,15,0,0,4.3,23.1,87.3
2020,1,18,5,30,0,0,4.4,23.1,87.3
2020,1,18,5,45,0,0,4.4,23.1,88.08
2020,1,18,6,0,0,0,4.5,23.200000000000003,87.55
2020,1,18,6,15,0,0,4.5,23.3,87.02
2020,1,18,6,30,0,0,4.6000000000000005,23.400000000000002,86.59
2020,1,18,6,45,0,0,4.7,23.5,86.89
2020,1,18,7,0,0,0,4.800000000000001,23.6,86.37
2020,1,18,7,15,33,256,4.9,23.8,85.34
2020,1,18,7,30,75,419,5,24,84.32000000000001
2020,1,18,7,45,125,519,5.1000000000000005,24.200000000000003,82.81
2020,1,18,8,0,180,606,5.2,24.400000000000002,81.82000000000001
2020,1,18,8,15,236,673,5.300000000000001,24.6,80.94
2020,1,18,8,30,293,725,5.4,24.8,79.98
2020,1,18,8,45,348,756,5.5,25,77.43
2020,1,18,9,0,402,791,5.6000000000000005,25.200000000000003,76.52
2020,1,18,9,15,456,820,5.7,25.400000000000002,75.62
2020,1,18,9,30,506,844,5.800000000000001,25.6,74.73
2020,1,18,9,45,554,860,5.800000000000001,25.8,72.49
2020,1,18,10,0,599,877,5.9,25.900000000000002,72.07000000000001
2020,1,18,10,15,640,892,5.9,26.1,71.22
2020,1,18,10,30,679,904,5.9,26.200000000000003,70.8
2020,1,18,10,45,712,908,5.9,26.3,69.43
2020,1,18,11,0,742,917,5.9,26.400000000000002,69.03
2020,1,18,11,15,769,925,5.800000000000001,26.5,68.55
2020,1,18,11,30,791,931,5.800000000000001,26.5,68.55
2020,1,18,11,45,808,935,5.800000000000001,26.6,67.65
2020,1,18,12,0,821,938,5.7,26.6,67.65
2020,1,18,12,15,829,940,5.7,26.6,67.65
2020,1,18,12,30,833,941,5.7,26.6,67.65
2020,1,18,12,45,832,942,5.6000000000000005,26.6,67.37
2020,1,18,13,0,826,940,5.6000000000000005,26.6,67.37
2020,1,18,13,15,816,938,5.6000000000000005,26.6,67.37
2020,1,18,13,30,801,934,5.6000000000000005,26.6,67.37
2020,1,18,13,45,780,923,5.6000000000000005,26.5,67.84
2020,1,18,14,0,756,916,5.5,26.5,67.84
2020,1,18,14,15,728,908,5.5,26.400000000000002,68.24
2020,1,18,14,30,696,898,5.5,26.400000000000002,68.17
2020,1,18,14,45,658,879,5.5,26.3,68.83
2020,1,18,15,0,618,865,5.6000000000000005,26.200000000000003,69.23
2020,1,18,15,15,575,848,5.6000000000000005,26.1,69.64
2020,1,18,15,30,529,829,5.6000000000000005,26,70.05
2020,1,18,15,45,478,798,5.6000000000000005,25.8,71.51
2020,1,18,16,0,426,769,5.5,25.700000000000003,71.94
2020,1,18,16,15,167,29,5.5,25.5,72.79
2020,1,18,16,30,317,694,5.5,25.3,73.66
2020,1,18,16,45,261,639,5.5,25.1,75.57000000000001
2020,1,18,17,0,204,575,5.5,24.900000000000002,76.48
2020,1,18,17,15,149,493,5.5,24.8,76.93
2020,1,18,17,30,97,385,5.4,24.6,77.85000000000001
2020,1,18,17,45,51,247,5.4,24.400000000000002,80.26
2020,1,18,18,0,17,74,5.4,24.200000000000003,81.22
2020,1,18,18,15,0,0,5.5,24.1,81.71000000000001
2020,1,18,18,30,0,0,5.5,24,82.2
2020,1,18,18,45,0,0,5.5,23.900000000000002,84.09
2020,1,18,19,0,0,0,5.6000000000000005,23.8,84.59
2020,1,18,19,15,0,0,5.6000000000000005,23.8,84.59
2020,1,18,19,30,0,0,5.6000000000000005,23.8,84.59
2020,1,18,19,45,0,0,5.6000000000000005,23.8,84.59
2020,1,18,20,0,0,0,5.7,23.5,87.19
2020,1,18,20,15,0,0,5.800000000000001,23.400000000000002,87.71000000000001
2020,1,18,20,30,0,0,5.800000000000001,23.3,88.24
2020,1,18,20,45,0,0,5.800000000000001,23.200000000000003,89.61
2020,1,18,21,0,0,0,5.800000000000001,23.200000000000003,89.61
2020,1,18,21,15,0,0,5.800000000000001,23.1,90.15
2020,1,18,21,30,0,0,5.800000000000001,23.1,90.15
2020,1,18,21,45,0,0,5.9,23,90.93
2020,1,18,22,0,0,0,5.9,23,90.93
2020,1,18,22,15,0,0,5.9,23,90.93
2020,1,18,22,30,0,0,5.9,23,90.93
2020,1,18,22,45,0,0,5.9,23,90.68
2020,1,18,23,0,0,0,5.9,23,90.68
2020,1,18,23,15,0,0,5.9,23,90.68
2020,1,18,23,30,0,0,5.9,22.900000000000002,91.23
2020,1,18,23,45,0,0,5.800000000000001,22.900000000000002,90.25
2020,1,19,0,0,0,0,5.800000000000001,22.900000000000002,90.25
2020,1,19,0,15,0,0,5.800000000000001,22.900000000000002,90.16
2020,1,19,0,30,0,0,5.9,22.8,90.71000000000001
2020,1,19,0,45,0,0,5.9,22.8,89.58
2020,1,19,1,0,0,0,5.9,22.700000000000003,90.12
2020,1,19,1,15,0,0,5.800000000000001,22.700000000000003,90.12
2020,1,19,1,30,0,0,5.800000000000001,22.700000000000003,90.12
2020,1,19,1,45,0,0,5.800000000000001,22.700000000000003,89.2
2020,1,19,2,0,0,0,5.800000000000001,22.6,89.74
2020,1,19,2,15,0,0,5.800000000000001,22.6,89.74
2020,1,19,2,30,0,0,5.7,22.6,89.65
2020,1,19,2,45,0,0,5.7,22.6,89.32000000000001
2020,1,19,3,0,0,0,5.6000000000000005,22.6,89.32000000000001
2020,1,19,3,15,0,0,5.6000000000000005,22.6,89.32000000000001
2020,1,19,3,30,0,0,5.5,22.6,89.32000000000001
2020,1,19,3,45,0,0,5.4,22.6,89.03
2020,1,19,4,0,0,0,5.4,22.6,89.03
2020,1,19,4,15,0,0,5.300000000000001,22.6,89.03
2020,1,19,4,30,0,0,5.300000000000001,22.5,89.57000000000001
2020,1,19,4,45,0,0,5.300000000000001,22.5,89.44
2020,1,19,5,0,0,0,5.2,22.5,89.53
2020,1,19,5,15,0,0,5.2,22.6,88.99
2020,1,19,5,30,0,0,5.2,22.6,88.99
2020,1,19,5,45,0,0,5.2,22.6,89.07000000000001
2020,1,19,6,0,0,0,5.2,22.6,89.07000000000001
2020,1,19,6,15,0,0,5.2,22.700000000000003,88.54
2020,1,19,6,30,0,0,5.300000000000001,22.8,88
2020,1,19,6,45,0,0,5.300000000000001,23,87.94
2020,1,19,7,0,0,0,5.300000000000001,23.1,87.5
2020,1,19,7,15,30,134,5.4,23.3,86.46000000000001
2020,1,19,7,30,70,296,5.5,23.400000000000002,85.94
2020,1,19,7,45,119,409,5.6000000000000005,23.6,84.74
2020,1,19,8,0,173,507,5.7,23.8,83.73
2020,1,19,8,15,229,582,5.800000000000001,24,82.74
2020,1,19,8,30,285,642,5.9,24.200000000000003,81.75
2020,1,19,8,45,340,678,5.9,24.400000000000002,78.83
2020,1,19,9,0,394,718,6,24.700000000000003,77.44
2020,1,19,9,15,448,751,6,24.900000000000002,76.52
2020,1,19,9,30,498,779,6,25.1,75.62
2020,1,19,9,45,543,789,6,25.3,73.02
2020,1,19,10,0,589,809,5.9,25.5,72.16
2020,1,19,10,15,631,827,5.9,25.700000000000003,71.32000000000001
2020,1,19,10,30,669,842,5.9,25.8,70.9
2020,1,19,10,45,307,35,5.9,25.900000000000002,70.07000000000001
2020,1,19,11,0,335,42,5.9,26.1,69.25
2020,1,19,11,15,768,901,5.9,26.1,69.25
2020,1,19,11,30,790,908,5.9,26.200000000000003,68.84
2020,1,19,11,45,805,904,5.9,26.200000000000003,68.91
2020,1,19,12,0,819,908,5.9,26.3,68.51
2020,1,19,12,15,827,910,5.9,26.3,68.51
2020,1,19,12,30,375,42,5.800000000000001,26.3,68.51
2020,1,19,12,45,830,910,5.800000000000001,26.3,68.65
2020,1,19,13,0,824,908,5.800000000000001,26.3,68.58
2020,1,19,13,15,814,905,5.800000000000001,26.200000000000003,68.98
2020,1,19,13,30,384,54,5.800000000000001,26.200000000000003,68.98
2020,1,19,13,45,444,107,5.7,26.1,69.7
2020,1,19,14,0,40,0,5.7,26.1,69.63
2020,1,19,14,15,488,207,5.7,26,70.04
2020,1,19,14,30,697,886,5.7,25.900000000000002,70.46000000000001
2020,1,19,14,45,210,8,5.6000000000000005,25.700000000000003,72.12
2020,1,19,15,0,620,852,5.6000000000000005,25.6,72.54
2020,1,19,15,15,576,835,5.6000000000000005,25.5,72.97
2020,1,19,15,30,530,814,5.6000000000000005,25.400000000000002,73.41
2020,1,19,15,45,479,784,5.6000000000000005,25.200000000000003,75.42
2020,1,19,16,0,428,755,5.6000000000000005,25.1,75.87
2020,1,19,16,15,374,721,5.5,24.900000000000002,76.77
2020,1,19,16,30,30,0,5.4,24.8,77.23
2020,1,19,16,45,21,0,5.4,24.6,79.49
2020,1,19,17,0,206,559,5.300000000000001,24.400000000000002,80.44
2020,1,19,17,15,151,476,5.2,24.3,80.92
2020,1,19,17,30,98,368,5.1000000000000005,24.200000000000003,81.49
2020,1,19,17,45,52,231,5,24,84.27
2020,1,19,18,0,17,65,5,23.900000000000002,84.77
2020,1,19,18,15,0,0,4.9,23.900000000000002,84.77
2020,1,19,18,30,0,0,4.9,23.8,85.28
2020,1,19,18,45,0,0,4.9,23.700000000000003,87.32000000000001
2020,1,19,19,0,0,0,4.9,23.700000000000003,87.32000000000001
2020,1,19,19,15,0,0,4.9,23.700000000000003,87.32000000000001
2020,1,19,19,30,0,0,4.9,23.700000000000003,87.32000000000001
2020,1,19,19,45,0,0,4.9,23.700000000000003,87.32000000000001
2020,1,19,20,0,0,0,4.9,23.5,89.53
2020,1,19,20,15,0,0,4.9,23.5,89.53
2020,1,19,20,30,0,0,4.9,23.5,89.53
2020,1,19,20,45,0,0,4.9,23.5,90.45
2020,1,19,21,0,0,0,4.9,23.400000000000002,91
2020,1,19,21,15,0,0,4.800000000000001,23.400000000000002,91
2020,1,19,21,30,0,0,4.800000000000001,23.400000000000002,91
2020,1,19,21,45,0,0,4.800000000000001,23.400000000000002,91.61
2020,1,19,22,0,0,0,4.7,23.3,92.16
2020,1,19,22,15,0,0,4.7,23.3,92.16
2020,1,19,22,30,0,0,4.7,23.3,92.16
2020,1,19,22,45,0,0,4.7,23.3,92.56
2020,1,19,23,0,0,0,4.6000000000000005,23.200000000000003,93.12
2020,1,19,23,15,0,0,4.6000000000000005,23.200000000000003,93.12
2020,1,19,23,30,0,0,4.6000000000000005,23.200000000000003,93.12
2020,1,19,23,45,0,0,4.5,23.200000000000003,93.42
2020,1,20,0,0,0,0,4.5,23.1,93.98
2020,1,20,0,15,0,0,4.5,23.1,93.98
2020,1,20,0,30,0,0,4.5,23.1,93.98
2020,1,20,0,45,0,0,4.5,23.1,94.57000000000001
2020,1,20,1,0,0,0,4.5,23.1,94.57000000000001
2020,1,20,1,15,0,0,4.5,23.1,94.57000000000001
2020,1,20,1,30,0,0,4.5,23.200000000000003,94
2020,1,20,1,45,0,0,4.6000000000000005,23.200000000000003,94.63
2020,1,20,2,0,0,0,4.6000000000000005,23.200000000000003,94.63
2020,1,20,2,15,0,0,4.6000000000000005,23.200000000000003,94.63
2020,1,20,2,30,0,0,4.6000000000000005,23.200000000000003,94.63
2020,1,20,2,45,0,0,4.7,23.200000000000003,95.27
2020,1,20,3,0,0,0,4.7,23.200000000000003,95.27
2020,1,20,3,15,0,0,4.6000000000000005,23.200000000000003,95.27
2020,1,20,3,30,0,0,4.6000000000000005,23.200000000000003,95.27
2020,1,20,3,45,0,0,4.6000000000000005,23.200000000000003,95.44
2020,1,20,4,0,0,0,4.6000000000000005,23.200000000000003,95.44
2020,1,20,4,15,0,0,4.5,23.200000000000003,95.44
2020,1,20,4,30,0,0,4.5,23.200000000000003,95.44
2020,1,20,4,45,0,0,4.5,23.200000000000003,95.47
2020,1,20,5,0,0,0,4.4,23.200000000000003,95.47
2020,1,20,5,15,0,0,4.4,23.200000000000003,95.47
2020,1,20,5,30,0,0,4.4,23.200000000000003,95.47
2020,1,20,5,45,0,0,4.4,23.200000000000003,95.86
2020,1,20,6,0,0,0,4.3,23.200000000000003,95.86
2020,1,20,6,15,0,0,4.4,23.3,95.29
2020,1,20,6,30,0,0,4.4,23.3,95.29
2020,1,20,6,45,0,0,4.4,23.400000000000002,95.38
2020,1,20,7,0,0,0,4.4,23.400000000000002,95.38
2020,1,20,7,15,28,103,4.5,23.6,94.24
2020,1,20,7,30,67,254,4.6000000000000005,23.700000000000003,93.67
2020,1,20,7,45,116,388,4.6000000000000005,23.8,93.13
2020,1,20,8,0,168,483,4.7,23.900000000000002,92.57000000000001
2020,1,20,8,15,223,558,4.7,24,92.02
2020,1,20,8,30,279,619,4.7,24.1,91.47
2020,1,20,8,45,332,649,4.800000000000001,24.3,89.35000000000001
2020,1,20,9,0,386,690,4.800000000000001,24.400000000000002,88.82000000000001
2020,1,20,9,15,438,724,4.9,24.6,87.76
2020,1,20,9,30,489,752,4.9,24.8,86.73
2020,1,20,9,45,533,755,4.9,25,84.54
2020,1,20,10,0,578,776,4.9,25.200000000000003,83.54
2020,1,20,10,15,619,794,5,25.400000000000002,82.56
2020,1,20,10,30,188,4,5,25.5,82.07000000000001
2020,1,20,10,45,701,868,5,25.700000000000003,80.59
2020,1,20,11,0,236,11,5,25.900000000000002,79.65
2020,1,20,11,15,374,57,5,26,79.10000000000001
2020,1,20,11,30,780,892,5,26,79.10000000000001
2020,1,20,11,45,798,895,5,26.1,78.78
2020,1,20,12,0,811,898,5,26.200000000000003,78.32000000000001
2020,1,20,12,15,820,901,5,26.200000000000003,78.24
2020,1,20,12,30,188,5,5,26.3,77.78
2020,1,20,12,45,822,899,5,26.3,77.98
2020,1,20,13,0,817,898,5,26.400000000000002,77.52
2020,1,20,13,15,807,895,4.9,26.400000000000002,77.44
2020,1,20,13,30,792,891,4.9,26.400000000000002,77.44
2020,1,20,13,45,772,884,4.800000000000001,26.400000000000002,77.52
2020,1,20,14,0,749,877,4.800000000000001,26.400000000000002,77.52
2020,1,20,14,15,721,868,4.7,26.3,77.97
2020,1,20,14,30,269,21,4.6000000000000005,26.3,77.97
2020,1,20,14,45,244,16,4.6000000000000005,26.200000000000003,78.39
2020,1,20,15,0,612,828,4.5,26.200000000000003,78.39
2020,1,20,15,15,569,810,4.3,26,79.32000000000001
2020,1,20,15,30,78,0,4.2,25.900000000000002,79.79
2020,1,20,15,45,475,769,4.1000000000000005,25.700000000000003,81.48
2020,1,20,16,0,424,740,4,25.6,81.97
2020,1,20,16,15,371,705,3.8000000000000003,25.400000000000002,82.94
2020,1,20,16,30,316,664,3.7,25.3,83.43
2020,1,20,16,45,261,617,3.5,25.1,85.43
2020,1,20,17,0,205,554,3.4000000000000004,24.900000000000002,86.45
2020,1,20,17,15,151,473,3.3000000000000003,24.8,86.96000000000001
2020,1,20,17,30,99,368,3.3000000000000003,24.6,88
2020,1,20,17,45,54,253,3.2,24.5,89.37
2020,1,20,18,0,19,86,3.2,24.3,90.44
2020,1,20,18,15,0,0,3.2,24.200000000000003,91.07000000000001
2020,1,20,18,30,0,0,3.2,24.200000000000003,91.07000000000001
2020,1,20,18,45,0,0,3.2,24.1,91.60000000000001
2020,1,20,19,0,0,0,3.3000000000000003,24.1,91.60000000000001
2020,1,20,19,15,0,0,3.3000000000000003,24.1,91.60000000000001
2020,1,20,19,30,0,0,3.3000000000000003,24.1,91.60000000000001
2020,1,20,19,45,0,0,3.3000000000000003,24.1,91.60000000000001
2020,1,20,20,0,0,0,3.3000000000000003,23.900000000000002,92.55
2020,1,20,20,15,0,0,3.3000000000000003,23.8,93.11
2020,1,20,20,30,0,0,3.3000000000000003,23.8,93.11
2020,1,20,20,45,0,0,3.2,23.700000000000003,93.31
2020,1,20,21,0,0,0,3.2,23.700000000000003,93.31
2020,1,20,21,15,0,0,3.2,23.6,93.87
2020,1,20,21,30,0,0,3.1,23.6,93.87
2020,1,20,21,45,0,0,3.1,23.5,93.93
2020,1,20,22,0,0,0,3,23.5,93.93
2020,1,20,22,15,0,0,3,23.5,93.93
2020,1,20,22,30,0,0,3,23.5,93.93
2020,1,20,22,45,0,0,3,23.5,93.96000000000001
2020,1,20,23,0,0,0,3,23.400000000000002,94.53
2020,1,20,23,15,0,0,3,23.5,93.96000000000001
2020,1,20,23,30,0,0,3,23.5,93.96000000000001
2020,1,20,23,45,0,0,3,23.5,94.04
2020,1,21,0,0,0,0,3,23.5,94.04
2020,1,21,0,15,0,0,3,23.5,94.04
2020,1,21,0,30,0,0,3,23.5,94.04
2020,1,21,0,45,0,0,3,23.5,94.01
2020,1,21,1,0,0,0,2.9000000000000004,23.5,94.01
2020,1,21,1,15,0,0,3,23.5,94.01
2020,1,21,1,30,0,0,3,23.5,94.01
2020,1,21,1,45,0,0,3,23.400000000000002,94.37
2020,1,21,2,0,0,0,3,23.400000000000002,94.37
2020,1,21,2,15,0,0,3.1,23.400000000000002,94.37
2020,1,21,2,30,0,0,3.2,23.400000000000002,94.37
2020,1,21,2,45,0,0,3.2,23.400000000000002,94.09
2020,1,21,3,0,0,0,3.3000000000000003,23.400000000000002,94.09
2020,1,21,3,15,0,0,3.3000000000000003,23.400000000000002,94.09
2020,1,21,3,30,0,0,3.4000000000000004,23.400000000000002,94.09
2020,1,21,3,45,0,0,3.4000000000000004,23.400000000000002,93.54
2020,1,21,4,0,0,0,3.5,23.400000000000002,93.54
2020,1,21,4,15,0,0,3.5,23.400000000000002,93.54
2020,1,21,4,30,0,0,3.5,23.400000000000002,93.54
2020,1,21,4,45,0,0,3.6,23.400000000000002,92.43
2020,1,21,5,0,0,0,3.6,23.400000000000002,92.43
2020,1,21,5,15,0,0,3.6,23.3,92.99
2020,1,21,5,30,0,0,3.6,23.3,92.99
2020,1,21,5,45,0,0,3.7,23.3,91.66
2020,1,21,6,0,0,0,3.7,23.3,91.66
2020,1,21,6,15,0,0,3.8000000000000003,23.400000000000002,91.2
2020,1,21,6,30,0,0,3.9000000000000004,23.5,90.66
2020,1,21,6,45,0,0,3.9000000000000004,23.700000000000003,90.13
2020,1,21,7,0,0,0,4,23.8,89.59
2020,1,21,7,15,32,228,4.1000000000000005,23.900000000000002,89.05
2020,1,21,7,30,75,394,4.2,24.1,88
2020,1,21,7,45,126,521,4.2,24.3,86.27
2020,1,21,8,0,181,608,4.3,24.400000000000002,85.75
2020,1,21,8,15,238,674,4.4,24.6,84.82000000000001
2020,1,21,8,30,294,726,4.4,24.900000000000002,83.32000000000001
2020,1,21,8,45,350,761,4.5,25.1,79.66
2020,1,21,9,0,406,797,4.5,25.3,78.73
2020,1,21,9,15,459,825,4.6000000000000005,25.5,77.8
2020,1,21,9,30,510,849,4.6000000000000005,25.700000000000003,76.89
2020,1,21,9,45,556,853,4.6000000000000005,25.900000000000002,73.67
2020,1,21,10,0,601,871,4.6000000000000005,26.1,72.81
2020,1,21,10,15,643,885,4.6000000000000005,26.3,71.96000000000001
2020,1,21,10,30,682,898,4.6000000000000005,26.400000000000002,71.54
2020,1,21,10,45,480,211,4.6000000000000005,26.5,70.16
2020,1,21,11,0,743,897,4.6000000000000005,26.700000000000003,69.34
2020,1,21,11,15,770,905,4.6000000000000005,26.700000000000003,69.27
2020,1,21,11,30,792,911,4.6000000000000005,26.8,68.87
2020,1,21,11,45,809,913,4.5,26.900000000000002,67.85
2020,1,21,12,0,822,916,4.5,27,67.45
2020,1,21,12,15,831,918,4.4,27,67.39
2020,1,21,12,30,837,921,4.4,27,67.39
2020,1,21,12,45,836,921,4.3,27,66.91
2020,1,21,13,0,830,920,4.2,27.1,66.52
2020,1,21,13,15,519,163,4.2,27.1,66.45
2020,1,21,13,30,532,194,4.1000000000000005,27,66.84
2020,1,21,13,45,786,908,4,27,66.62
2020,1,21,14,0,763,902,4,27,66.62
2020,1,21,14,15,735,893,3.9000000000000004,26.900000000000002,67.01
2020,1,21,14,30,702,883,3.8000000000000003,26.900000000000002,67.01
2020,1,21,14,45,666,871,3.7,26.8,67.24
2020,1,21,15,0,626,857,3.6,26.8,67.24
2020,1,21,15,15,583,840,3.6,26.700000000000003,67.64
2020,1,21,15,30,537,821,3.5,26.6,68.04
2020,1,21,15,45,488,801,3.4000000000000004,26.5,68.55
2020,1,21,16,0,436,773,3.4000000000000004,26.400000000000002,68.95
2020,1,21,16,15,302,367,3.3000000000000003,26.1,70.18
2020,1,21,16,30,327,701,3.2,25.900000000000002,71.01
2020,1,21,16,45,271,661,3.2,25.700000000000003,73.48
2020,1,21,17,0,215,601,3.1,25.5,74.35000000000001
2020,1,21,17,15,159,524,3.1,25.200000000000003,75.69
2020,1,21,17,30,81,207,3,24.900000000000002,77.04
2020,1,21,17,45,58,300,3,24.6,81.02
2020,1,21,18,0,21,126,2.9000000000000004,24.3,82.48
2020,1,21,18,15,0,0,2.9000000000000004,24.200000000000003,83.06
2020,1,21,18,30,0,0,2.9000000000000004,24.200000000000003,83.06
2020,1,21,18,45,0,0,2.9000000000000004,24.1,84.78
2020,1,21,19,0,0,0,2.9000000000000004,24,85.29
2020,1,21,19,15,0,0,2.9000000000000004,24,85.29
2020,1,21,19,30,0,0,2.9000000000000004,24,85.29
2020,1,21,19,45,0,0,2.9000000000000004,24,85.29
2020,1,21,20,0,0,0,2.9000000000000004,23.8,87.18
2020,1,21,20,15,0,0,3,23.700000000000003,87.7
2020,1,21,20,30,0,0,3,23.700000000000003,87.7
2020,1,21,20,45,0,0,3,23.700000000000003,88.22
2020,1,21,21,0,0,0,3,23.700000000000003,88.22
2020,1,21,21,15,0,0,3.1,23.6,88.75
2020,1,21,21,30,0,0,3.1,23.6,88.75
2020,1,21,21,45,0,0,3.1,23.6,89.15
2020,1,21,22,0,0,0,3.1,23.6,89.15
2020,1,21,22,15,0,0,3.1,23.6,89.15
2020,1,21,22,30,0,0,3.1,23.6,89.15
2020,1,21,22,45,0,0,3.1,23.6,89.3
2020,1,21,23,0,0,0,3.1,23.6,89.3
2020,1,21,23,15,0,0,3,23.5,89.84
2020,1,21,23,30,0,0,3,23.5,89.84
2020,1,21,23,45,0,0,3,23.5,89.56
2020,1,22,0,0,0,0,2.9000000000000004,23.5,89.56
2020,1,22,0,15,0,0,2.9000000000000004,23.5,89.47
2020,1,22,0,30,0,0,2.9000000000000004,23.5,89.47
2020,1,22,0,45,0,0,2.8000000000000003,23.5,89.5
2020,1,22,1,0,0,0,2.8000000000000003,23.5,89.5
2020,1,22,1,15,0,0,2.8000000000000003,23.400000000000002,90.04
2020,1,22,1,30,0,0,2.8000000000000003,23.400000000000002,90.04
2020,1,22,1,45,0,0,2.9000000000000004,23.400000000000002,90.28
2020,1,22,2,0,0,0,2.9000000000000004,23.400000000000002,90.28
2020,1,22,2,15,0,0,2.9000000000000004,23.400000000000002,90.18
2020,1,22,2,30,0,0,3,23.400000000000002,90.18
2020,1,22,2,45,0,0,3,23.400000000000002,90.56
2020,1,22,3,0,0,0,3,23.400000000000002,90.56
2020,1,22,3,15,0,0,3,23.400000000000002,90.56
2020,1,22,3,30,0,0,3,23.400000000000002,90.56
2020,1,22,3,45,0,0,3,23.400000000000002,90.68
2020,1,22,4,0,0,0,3.1,23.3,91.23
2020,1,22,4,15,0,0,3,23.3,91.23
2020,1,22,4,30,0,0,3,23.3,91.23
2020,1,22,4,45,0,0,3,23.3,90.94
2020,1,22,5,0,0,0,2.9000000000000004,23.3,90.94
2020,1,22,5,15,0,0,2.9000000000000004,23.200000000000003,91.48
2020,1,22,5,30,0,0,2.9000000000000004,23.200000000000003,91.58
2020,1,22,5,45,0,0,2.9000000000000004,23.200000000000003,91.37
2020,1,22,6,0,0,0,2.9000000000000004,23.200000000000003,91.37
2020,1,22,6,15,0,0,2.9000000000000004,23.3,90.82000000000001
2020,1,22,6,30,0,0,3,23.5,89.73
2020,1,22,6,45,0,0,3.1,23.700000000000003,90.07000000000001
2020,1,22,7,0,0,0,3.1,23.900000000000002,89
2020,1,22,7,15,17,0,3.3000000000000003,24.1,87.94
2020,1,22,7,30,50,103,3.4000000000000004,24.3,86.9
2020,1,22,7,45,125,502,3.5,24.6,85.23
2020,1,22,8,0,180,590,3.6,24.8,84.23
2020,1,22,8,15,236,657,3.7,25,83.23
2020,1,22,8,30,293,710,3.7,25.200000000000003,82.25
2020,1,22,8,45,349,754,3.8000000000000003,25.400000000000002,80.11
2020,1,22,9,0,292,280,3.8000000000000003,25.6,79.16
2020,1,22,9,15,278,145,3.8000000000000003,25.8,78.23
2020,1,22,9,30,375,307,3.8000000000000003,25.900000000000002,77.77
2020,1,22,9,45,259,46,3.8000000000000003,26.1,76.05
2020,1,22,10,0,196,7,3.8000000000000003,26.3,75.16
2020,1,22,10,15,201,7,3.8000000000000003,26.400000000000002,74.72
2020,1,22,10,30,411,138,3.9000000000000004,26.5,74.28
2020,1,22,10,45,390,91,3.9000000000000004,26.6,73.74
2020,1,22,11,0,747,924,4,26.700000000000003,73.31
2020,1,22,11,15,773,931,4,26.8,72.88
2020,1,22,11,30,532,204,4.1000000000000005,26.8,72.88
2020,1,22,11,45,286,17,4.2,26.900000000000002,72.68
2020,1,22,12,0,291,17,4.2,26.900000000000002,72.61
2020,1,22,12,15,335,27,4.2,26.900000000000002,72.61
2020,1,22,12,30,461,92,4.3,26.900000000000002,72.61
2020,1,22,12,45,841,951,4.3,26.900000000000002,72.77
2020,1,22,13,0,298,19,4.3,26.900000000000002,72.69
2020,1,22,13,15,451,91,4.2,26.8,73.12
2020,1,22,13,30,449,96,4.2,26.8,73.12
2020,1,22,13,45,409,73,4.2,26.700000000000003,73.61
2020,1,22,14,0,212,7,4.2,26.700000000000003,73.61
2020,1,22,14,15,393,82,4.1000000000000005,26.6,74.04
2020,1,22,14,30,707,909,4.1000000000000005,26.6,74.04
2020,1,22,14,45,671,900,4,26.5,74.58
2020,1,22,15,0,632,887,4,26.400000000000002,74.94
2020,1,22,15,15,588,870,3.9000000000000004,26.3,75.46000000000001
2020,1,22,15,30,541,852,3.9000000000000004,26.200000000000003,75.91
2020,1,22,15,45,493,835,3.8000000000000003,26.1,76.60000000000001
2020,1,22,16,0,442,810,3.7,26,77.05
2020,1,22,16,15,388,780,3.7,25.900000000000002,77.51
2020,1,22,16,30,333,744,3.6,25.700000000000003,78.43
2020,1,22,16,45,277,704,3.5,25.5,80.35000000000001
2020,1,22,17,0,220,648,3.4000000000000004,25.3,81.31
2020,1,22,17,15,164,575,3.3000000000000003,25.1,82.28
2020,1,22,17,30,110,480,3.2,24.900000000000002,83.35000000000001
2020,1,22,17,45,61,357,3.1,24.700000000000003,86.32000000000001
2020,1,22,18,0,22,182,3,24.400000000000002,87.88
2020,1,22,18,15,0,0,3,24.400000000000002,87.88
2020,1,22,18,30,0,0,3,24.400000000000002,87.88
2020,1,22,18,45,0,0,3.1,24.400000000000002,88.97
2020,1,22,19,0,0,0,3.1,24.3,89.60000000000001
2020,1,22,19,15,0,0,3.1,24.3,89.60000000000001
2020,1,22,19,30,0,0,3.1,24.3,89.60000000000001
2020,1,22,19,45,0,0,3.1,24.3,89.60000000000001
2020,1,22,20,0,0,0,3.2,24.200000000000003,90.71000000000001
2020,1,22,20,15,0,0,3.2,24.200000000000003,90.71000000000001
2020,1,22,20,30,0,0,3.3000000000000003,24.200000000000003,90.71000000000001
2020,1,22,20,45,0,0,3.3000000000000003,24.200000000000003,91.29
2020,1,22,21,0,0,0,3.3000000000000003,24.1,91.84
2020,1,22,21,15,0,0,3.3000000000000003,24.1,91.84
2020,1,22,21,30,0,0,3.3000000000000003,24.1,91.84
2020,1,22,21,45,0,0,3.3000000000000003,24,92.66
2020,1,22,22,0,0,0,3.4000000000000004,24,92.66
2020,1,22,22,15,0,0,3.4000000000000004,24,92.66
2020,1,22,22,30,0,0,3.4000000000000004,24,92.66
2020,1,22,22,45,0,0,3.4000000000000004,23.900000000000002,93.19
2020,1,22,23,0,0,0,3.4000000000000004,23.900000000000002,93.10000000000001
2020,1,22,23,15,0,0,3.4000000000000004,23.900000000000002,93.10000000000001
2020,1,22,23,30,0,0,3.4000000000000004,23.900000000000002,93.10000000000001
2020,1,22,23,45,0,0,3.4000000000000004,23.900000000000002,92.97
2020,1,23,0,0,0,0,3.4000000000000004,23.900000000000002,92.97
2020,1,23,0,15,0,0,3.4000000000000004,23.900000000000002,92.97
2020,1,23,0,30,0,0,3.4000000000000004,23.900000000000002,92.97
2020,1,23,0,45,0,0,3.3000000000000003,23.8,93.32000000000001
2020,1,23,1,0,0,0,3.3000000000000003,23.8,93.32000000000001
2020,1,23,1,15,0,0,3.3000000000000003,23.8,93.22
2020,1,23,1,30,0,0,3.3000000000000003,23.8,93.22
2020,1,23,1,45,0,0,3.2,23.8,92.91
2020,1,23,2,0,0,0,3.2,23.8,92.91
2020,1,23,2,15,0,0,3.2,23.8,92.91
2020,1,23,2,30,0,0,3.1,23.700000000000003,93.47
2020,1,23,2,45,0,0,3.1,23.700000000000003,93.10000000000001
2020,1,23,3,0,0,0,3.1,23.700000000000003,93.10000000000001
2020,1,23,3,15,0,0,3.1,23.700000000000003,93.10000000000001
2020,1,23,3,30,0,0,3,23.700000000000003,93.10000000000001
2020,1,23,3,45,0,0,3,23.700000000000003,92.63
2020,1,23,4,0,0,0,3,23.700000000000003,92.63
2020,1,23,4,15,0,0,3,23.6,93.19
2020,1,23,4,30,0,0,2.9000000000000004,23.6,93.19
2020,1,23,4,45,0,0,2.9000000000000004,23.6,92.73
2020,1,23,5,0,0,0,2.9000000000000004,23.6,92.73
2020,1,23,5,15,0,0,2.8000000000000003,23.6,92.73
2020,1,23,5,30,0,0,2.8000000000000003,23.5,93.29
2020,1,23,5,45,0,0,2.7,23.5,92.81
2020,1,23,6,0,0,0,2.7,23.5,92.81
2020,1,23,6,15,0,0,2.6,23.700000000000003,91.7
2020,1,23,6,30,0,0,2.6,23.8,91.15
2020,1,23,6,45,0,0,2.6,24,92.32000000000001
2020,1,23,7,0,0,0,2.6,24.1,91.87
2020,1,23,7,15,32,241,2.6,24.3,90.78
2020,1,23,7,30,75,400,2.6,24.5,89.7
2020,1,23,7,45,126,518,2.7,24.700000000000003,88.95
2020,1,23,8,0,180,604,2.7,24.900000000000002,87.9
2020,1,23,8,15,29,0,2.7,25.1,86.87
2020,1,23,8,30,293,718,2.7,25.200000000000003,86.44
2020,1,23,8,45,349,761,2.8000000000000003,25.3,83.55
2020,1,23,9,0,404,795,2.8000000000000003,25.5,82.57000000000001
2020,1,23,9,15,457,823,2.8000000000000003,25.700000000000003,81.60000000000001
2020,1,23,9,30,507,844,2.9000000000000004,25.900000000000002,80.64
2020,1,23,9,45,555,866,2.9000000000000004,26.1,77.92
2020,1,23,10,0,600,883,3,26.3,77.01
2020,1,23,10,15,642,897,3,26.400000000000002,76.56
2020,1,23,10,30,681,909,3,26.5,76.11
2020,1,23,10,45,713,910,3,26.700000000000003,74.28
2020,1,23,11,0,743,918,3.1,26.8,73.85000000000001
2020,1,23,11,15,770,925,3.1,26.8,73.85000000000001
2020,1,23,11,30,792,931,3.1,26.8,73.77
2020,1,23,11,45,513,159,3.1,26.900000000000002,73.58
2020,1,23,12,0,184,5,3.1,26.900000000000002,73.58
2020,1,23,12,15,292,17,3,26.900000000000002,73.58
2020,1,23,12,30,834,937,3,26.900000000000002,73.58
2020,1,23,12,45,371,38,3,26.900000000000002,73.95
2020,1,23,13,0,828,935,3,26.900000000000002,73.95
2020,1,23,13,15,406,58,3,26.900000000000002,73.95
2020,1,23,13,30,804,930,3,26.8,74.38
2020,1,23,13,45,783,912,3,26.8,74.74
2020,1,23,14,0,758,905,3,26.8,74.74
2020,1,23,14,15,731,897,2.9000000000000004,26.6,75.63
2020,1,23,14,30,159,0,2.9000000000000004,26.5,76.07000000000001
2020,1,23,14,45,188,4,2.9000000000000004,26.400000000000002,77.18
2020,1,23,15,0,56,0,2.9000000000000004,26.3,77.63
2020,1,23,15,15,134,0,2.8000000000000003,26.1,78.55
2020,1,23,15,30,237,32,2.8000000000000003,25.900000000000002,79.48
2020,1,23,15,45,154,0,2.7,25.8,81.37
2020,1,23,16,0,108,0,2.7,25.6,82.33
2020,1,23,16,15,104,0,2.6,25.400000000000002,83.31
2020,1,23,16,30,49,0,2.5,25.200000000000003,84.3
2020,1,23,16,45,10,0,2.4000000000000004,25,87.2
2020,1,23,17,0,214,587,2.3000000000000003,24.8,88.24
2020,1,23,17,15,159,512,2.2,24.6,89.3
2020,1,23,17,30,106,414,2.1,24.5,89.83
2020,1,23,17,45,59,278,2,24.3,91.86
2020,1,23,18,0,22,114,1.9000000000000001,24.1,92.97
2020,1,23,18,15,0,0,1.9000000000000001,24,93.52
2020,1,23,18,30,0,0,1.9000000000000001,24,93.62
2020,1,23,18,45,0,0,1.8,23.900000000000002,93.94
2020,1,23,19,0,0,0,1.8,23.8,94.51
2020,1,23,19,15,0,0,1.8,23.8,94.51
2020,1,23,19,30,0,0,1.8,23.8,94.51
2020,1,23,19,45,0,0,1.8,23.8,94.51
2020,1,23,20,0,0,0,1.7000000000000002,23.6,95.05
2020,1,23,20,15,0,0,1.7000000000000002,23.5,95.72
2020,1,23,20,30,0,0,1.7000000000000002,23.5,95.72
2020,1,23,20,45,0,0,1.7000000000000002,23.400000000000002,95.46000000000001
2020,1,23,21,0,0,0,1.7000000000000002,23.3,96.04
2020,1,23,21,15,0,0,1.7000000000000002,23.3,96.04
2020,1,23,21,30,0,0,1.7000000000000002,23.200000000000003,96.62
2020,1,23,21,45,0,0,1.7000000000000002,23.200000000000003,95.82000000000001
2020,1,23,22,0,0,0,1.7000000000000002,23.1,96.39
2020,1,23,22,15,0,0,1.7000000000000002,23.1,96.39
2020,1,23,22,30,0,0,1.7000000000000002,23.1,96.39
2020,1,23,22,45,0,0,1.7000000000000002,23.1,95.55
2020,1,23,23,0,0,0,1.7000000000000002,23,96.13
2020,1,23,23,15,0,0,1.7000000000000002,23,96.13
2020,1,23,23,30,0,0,1.7000000000000002,23,96.13
2020,1,23,23,45,0,0,1.7000000000000002,23,95.22
2020,1,24,0,0,0,0,1.7000000000000002,23,95.22
2020,1,24,0,15,0,0,1.7000000000000002,23,95.22
2020,1,24,0,30,0,0,1.7000000000000002,23,95.22
2020,1,24,0,45,0,0,1.7000000000000002,23,94.69
2020,1,24,1,0,0,0,1.8,23,94.69
2020,1,24,1,15,0,0,1.8,22.900000000000002,95.26
2020,1,24,1,30,0,0,1.8,22.900000000000002,95.26
2020,1,24,1,45,0,0,1.9000000000000001,22.900000000000002,94.77
2020,1,24,2,0,0,0,1.9000000000000001,22.900000000000002,94.77
2020,1,24,2,15,0,0,1.9000000000000001,22.900000000000002,94.77
2020,1,24,2,30,0,0,2,22.900000000000002,94.77
2020,1,24,2,45,0,0,2,22.900000000000002,94.04
2020,1,24,3,0,0,0,2,22.900000000000002,94.04
2020,1,24,3,15,0,0,2.1,22.900000000000002,94.04
2020,1,24,3,30,0,0,2.1,22.900000000000002,94.04
2020,1,24,3,45,0,0,2.1,22.900000000000002,93.54
2020,1,24,4,0,0,0,2.1,22.900000000000002,93.54
2020,1,24,4,15,0,0,2.1,22.900000000000002,93.54
2020,1,24,4,30,0,0,2.1,22.900000000000002,93.54
2020,1,24,4,45,0,0,2.1,22.900000000000002,93.06
2020,1,24,5,0,0,0,2.1,22.900000000000002,93.06
2020,1,24,5,15,0,0,2.1,22.8,93.63
2020,1,24,5,30,0,0,2.1,22.8,93.63
2020,1,24,5,45,0,0,2.1,22.8,92.97
2020,1,24,6,0,0,0,2.1,22.8,92.97
2020,1,24,6,15,0,0,2,22.900000000000002,92.41
2020,1,24,6,30,0,0,2,23,91.86
2020,1,24,6,45,0,0,2,23.1,93.56
2020,1,24,7,0,0,0,1.9000000000000001,23.3,92.44
2020,1,24,7,15,32,235,1.9000000000000001,23.400000000000002,91.88
2020,1,24,7,30,75,395,1.9000000000000001,23.6,90.79
2020,1,24,7,45,126,520,1.8,23.8,89.88
2020,1,24,8,0,181,605,1.8,23.900000000000002,89.43
2020,1,24,8,15,238,671,1.7000000000000002,24.1,88.37
2020,1,24,8,30,295,722,1.6,24.3,87.32000000000001
2020,1,24,8,45,352,767,1.5,24.400000000000002,83.7
2020,1,24,9,0,407,800,1.5,24.6,82.71000000000001
2020,1,24,9,15,460,828,1.4000000000000001,24.8,81.73
2020,1,24,9,30,511,851,1.4000000000000001,25.1,80.37
2020,1,24,9,45,560,874,1.4000000000000001,25.3,77.33
2020,1,24,10,0,605,891,1.3,25.5,76.42
2020,1,24,10,15,649,906,1.3,25.700000000000003,75.53
2020,1,24,10,30,687,918,1.3,25.900000000000002,74.57000000000001
2020,1,24,10,45,718,903,1.3,26.1,72.71000000000001
2020,1,24,11,0,749,912,1.3,26.3,71.86
2020,1,24,11,15,774,918,1.2000000000000002,26.400000000000002,71.44
2020,1,24,11,30,797,924,1.2000000000000002,26.5,71.02
2020,1,24,11,45,815,931,1.1,26.6,70.21000000000001
2020,1,24,12,0,498,130,1.1,26.700000000000003,69.8
2020,1,24,12,15,838,936,1.1,26.8,69.33
2020,1,24,12,30,232,10,1.1,26.8,69.33
2020,1,24,12,45,237,10,1.2000000000000002,26.900000000000002,68.79
2020,1,24,13,0,101,0,1.2000000000000002,26.900000000000002,68.79
2020,1,24,13,15,226,9,1.3,26.900000000000002,68.79
2020,1,24,13,30,810,927,1.3,26.900000000000002,68.72
2020,1,24,13,45,501,160,1.4000000000000001,26.900000000000002,68.95
2020,1,24,14,0,766,908,1.5,26.900000000000002,68.95
2020,1,24,14,15,738,900,1.5,26.8,69.36
2020,1,24,14,30,707,890,1.6,26.700000000000003,69.76
2020,1,24,14,45,669,873,1.6,26.6,70.9
2020,1,24,15,0,629,859,1.7000000000000002,26.5,71.32000000000001
2020,1,24,15,15,587,844,1.7000000000000002,26.3,72.16
2020,1,24,15,30,541,825,1.7000000000000002,26.1,73.01
2020,1,24,15,45,491,800,1.7000000000000002,26,74.94
2020,1,24,16,0,440,773,1.7000000000000002,25.8,75.83
2020,1,24,16,15,386,741,1.7000000000000002,25.6,76.73
2020,1,24,16,30,12,0,1.7000000000000002,25.400000000000002,77.65
2020,1,24,16,45,274,646,1.7000000000000002,25.200000000000003,80.83
2020,1,24,17,0,218,587,1.7000000000000002,25,81.87
2020,1,24,17,15,162,512,1.7000000000000002,24.8,82.85000000000001
2020,1,24,17,30,109,415,1.7000000000000002,24.6,83.84
2020,1,24,17,45,61,280,1.8,24.400000000000002,87.60000000000001
2020,1,24,18,0,23,118,1.8,24.200000000000003,88.66
2020,1,24,18,15,0,0,1.8,24.1,89.19
2020,1,24,18,30,0,0,1.9000000000000001,24,89.72
2020,1,24,18,45,0,0,1.9000000000000001,23.900000000000002,90.45
2020,1,24,19,0,0,0,1.9000000000000001,23.900000000000002,90.45
2020,1,24,19,15,0,0,1.9000000000000001,23.900000000000002,90.45
2020,1,24,19,30,0,0,1.9000000000000001,23.900000000000002,90.45
2020,1,24,19,45,0,0,1.9000000000000001,23.900000000000002,90.45
2020,1,24,20,0,0,0,1.9000000000000001,23.6,91.89
2020,1,24,20,15,0,0,1.9000000000000001,23.5,92.44
2020,1,24,20,30,0,0,1.9000000000000001,23.5,92.44
2020,1,24,20,45,0,0,1.9000000000000001,23.400000000000002,92.65
2020,1,24,21,0,0,0,1.9000000000000001,23.400000000000002,92.65
2020,1,24,21,15,0,0,1.9000000000000001,23.3,93.21000000000001
2020,1,24,21,30,0,0,1.9000000000000001,23.3,93.21000000000001
2020,1,24,21,45,0,0,2,23.3,92.8
2020,1,24,22,0,0,0,2,23.200000000000003,93.36
2020,1,24,22,15,0,0,2,23.200000000000003,93.36
2020,1,24,22,30,0,0,2,23.1,93.92
2020,1,24,22,45,0,0,2,23.1,93.57000000000001
2020,1,24,23,0,0,0,2.1,23,94.13
2020,1,24,23,15,0,0,2.1,23,94.13
2020,1,24,23,30,0,0,2.1,23,94.13
2020,1,24,23,45,0,0,2.1,22.900000000000002,94.38
2020,1,25,0,0,0,0,2.2,22.900000000000002,94.28
2020,1,25,0,15,0,0,2.2,22.8,94.85000000000001
2020,1,25,0,30,0,0,2.2,22.8,94.85000000000001
2020,1,25,0,45,0,0,2.2,22.8,94.36
2020,1,25,1,0,0,0,2.2,22.700000000000003,94.93
2020,1,25,1,15,0,0,2.2,22.700000000000003,94.93
2020,1,25,1,30,0,0,2.1,22.700000000000003,94.93
2020,1,25,1,45,0,0,2.1,22.6,94.68
2020,1,25,2,0,0,0,2.1,22.6,94.68
2020,1,25,2,15,0,0,2.1,22.6,94.68
2020,1,25,2,30,0,0,2,22.6,94.68
2020,1,25,2,45,0,0,2,22.5,94.39
2020,1,25,3,0,0,0,2,22.5,94.39
2020,1,25,3,15,0,0,2,22.5,94.39
2020,1,25,3,30,0,0,2,22.5,94.39
2020,1,25,3,45,0,0,1.9000000000000001,22.5,93.68
2020,1,25,4,0,0,0,1.9000000000000001,22.5,93.68
2020,1,25,4,15,0,0,1.9000000000000001,22.5,93.68
2020,1,25,4,30,0,0,1.9000000000000001,22.5,93.68
2020,1,25,4,45,0,0,1.9000000000000001,22.5,92.89
2020,1,25,5,0,0,0,1.9000000000000001,22.5,92.89
2020,1,25,5,15,0,0,1.9000000000000001,22.5,92.89
2020,1,25,5,30,0,0,1.9000000000000001,22.5,92.89
2020,1,25,5,45,0,0,2,22.5,92.14
2020,1,25,6,0,0,0,2,22.5,92.14
2020,1,25,6,15,0,0,2,22.700000000000003,91.03
2020,1,25,6,30,0,0,2,22.8,90.48
2020,1,25,6,45,0,0,2,23,92.01
2020,1,25,7,0,0,0,2,23.1,91.45
2020,1,25,7,15,33,244,2,23.3,90.36
2020,1,25,7,30,77,405,2.1,23.5,89.28
2020,1,25,7,45,129,535,2.1,23.700000000000003,88.87
2020,1,25,8,0,184,619,2.1,23.900000000000002,87.82000000000001
2020,1,25,8,15,241,684,2.1,24.1,86.77
2020,1,25,8,30,298,734,2,24.3,85.83
2020,1,25,8,45,356,779,2,24.5,82.06
2020,1,25,9,0,410,810,1.9000000000000001,24.700000000000003,81.09
2020,1,25,9,15,464,837,1.8,24.900000000000002,80.13
2020,1,25,9,30,515,860,1.8,25.200000000000003,78.72
2020,1,25,9,45,564,882,1.7000000000000002,25.400000000000002,75.43
2020,1,25,10,0,610,898,1.6,25.6,74.54
2020,1,25,10,15,652,912,1.6,25.8,73.67
2020,1,25,10,30,691,923,1.6,26,72.8
2020,1,25,10,45,724,922,1.6,26.200000000000003,70.78
2020,1,25,11,0,756,931,1.6,26.400000000000002,69.96000000000001
2020,1,25,11,15,781,936,1.6,26.5,69.48
2020,1,25,11,30,804,942,1.6,26.6,69.07000000000001
2020,1,25,11,45,500,140,1.6,26.6,69.25
2020,1,25,12,0,835,948,1.6,26.700000000000003,68.84
2020,1,25,12,15,844,950,1.6,26.8,68.44
2020,1,25,12,30,849,952,1.7000000000000002,26.8,68.37
2020,1,25,12,45,848,949,1.7000000000000002,26.8,68.97
2020,1,25,13,0,556,191,1.7000000000000002,26.900000000000002,68.56
2020,1,25,13,15,420,65,1.7000000000000002,26.8,68.97
2020,1,25,13,30,392,53,1.8,26.8,68.9
2020,1,25,13,45,210,7,1.8,26.8,69.55
2020,1,25,14,0,196,5,1.8,26.8,69.55
2020,1,25,14,15,326,36,1.9000000000000001,26.700000000000003,69.96000000000001
2020,1,25,14,30,713,904,1.9000000000000001,26.700000000000003,69.96000000000001
2020,1,25,14,45,676,888,2,26.6,71.37
2020,1,25,15,0,636,875,2,26.5,71.79
2020,1,25,15,15,215,13,2,26.400000000000002,72.22
2020,1,25,15,30,217,19,2.1,26.200000000000003,73.07000000000001
2020,1,25,15,45,92,0,2.1,26,75.83
2020,1,25,16,0,44,0,2.1,25.900000000000002,76.28
2020,1,25,16,15,64,0,2.1,25.700000000000003,77.18
2020,1,25,16,30,69,0,2.1,25.5,78.10000000000001
2020,1,25,16,45,43,0,2.1,25.3,81.53
2020,1,25,17,0,51,0,2.1,25,82.99
2020,1,25,17,15,167,539,2.1,24.900000000000002,83.49
2020,1,25,17,30,113,444,2,24.700000000000003,84.57000000000001
2020,1,25,17,45,64,318,2,24.5,87.94
2020,1,25,18,0,25,153,2,24.3,89
2020,1,25,18,15,0,0,2,24.3,89
2020,1,25,18,30,0,0,2,24.200000000000003,89.53
2020,1,25,18,45,0,0,2,24.200000000000003,89.91
2020,1,25,19,0,0,0,2,24.1,90.54
2020,1,25,19,15,0,0,2,24.1,90.54
2020,1,25,19,30,0,0,2,24.1,90.54
2020,1,25,19,45,0,0,2,24.1,90.54
2020,1,25,20,0,0,0,2.1,24,91.32000000000001
2020,1,25,20,15,0,0,2.2,23.900000000000002,91.87
2020,1,25,20,30,0,0,2.2,23.900000000000002,91.87
2020,1,25,20,45,0,0,2.2,23.900000000000002,91.77
2020,1,25,21,0,0,0,2.2,23.8,92.41
2020,1,25,21,15,0,0,2.2,23.8,92.32000000000001
2020,1,25,21,30,0,0,2.2,23.8,92.32000000000001
2020,1,25,21,45,0,0,2.3000000000000003,23.8,91.96000000000001
2020,1,25,22,0,0,0,2.3000000000000003,23.8,91.96000000000001
2020,1,25,22,15,0,0,2.3000000000000003,23.700000000000003,92.51
2020,1,25,22,30,0,0,2.3000000000000003,23.700000000000003,92.51
2020,1,25,22,45,0,0,2.2,23.6,92.51
2020,1,25,23,0,0,0,2.2,23.6,92.51
2020,1,25,23,15,0,0,2.2,23.6,92.51
2020,1,25,23,30,0,0,2.2,23.5,93.07000000000001
2020,1,25,23,45,0,0,2.2,23.5,92.4
2020,1,26,0,0,0,0,2.2,23.400000000000002,92.96000000000001
2020,1,26,0,15,0,0,2.2,23.400000000000002,92.96000000000001
2020,1,26,0,30,0,0,2.1,23.400000000000002,92.96000000000001
2020,1,26,0,45,0,0,2.1,23.3,92.84
2020,1,26,1,0,0,0,2.1,23.3,92.74
2020,1,26,1,15,0,0,2.2,23.3,92.74
2020,1,26,1,30,0,0,2.3000000000000003,23.200000000000003,93.3
2020,1,26,1,45,0,0,2.3000000000000003,23.200000000000003,92.82000000000001
2020,1,26,2,0,0,0,2.4000000000000004,23.200000000000003,92.82000000000001
2020,1,26,2,15,0,0,2.4000000000000004,23.1,93.38
2020,1,26,2,30,0,0,2.5,23.1,93.38
2020,1,26,2,45,0,0,2.5,23.1,92.79
2020,1,26,3,0,0,0,2.5,23,93.26
2020,1,26,3,15,0,0,2.5,23,93.26
2020,1,26,3,30,0,0,2.5,23,93.26
2020,1,26,3,45,0,0,2.5,22.900000000000002,92.86
2020,1,26,4,0,0,0,2.5,22.900000000000002,92.86
2020,1,26,4,15,0,0,2.5,22.900000000000002,92.86
2020,1,26,4,30,0,0,2.4000000000000004,22.900000000000002,92.96000000000001
2020,1,26,4,45,0,0,2.4000000000000004,22.900000000000002,91.8
2020,1,26,5,0,0,0,2.4000000000000004,22.8,92.36
2020,1,26,5,15,0,0,2.4000000000000004,22.8,92.36
2020,1,26,5,30,0,0,2.4000000000000004,22.8,92.36
2020,1,26,5,45,0,0,2.4000000000000004,22.8,91.53
2020,1,26,6,0,0,0,2.4000000000000004,22.8,91.53
2020,1,26,6,15,0,0,2.4000000000000004,23,90.43
2020,1,26,6,30,0,0,2.4000000000000004,23.1,89.89
2020,1,26,6,45,0,0,2.5,23.3,90.86
2020,1,26,7,0,0,0,2.5,23.400000000000002,90.31
2020,1,26,7,15,16,0,2.5,23.6,89.23
2020,1,26,7,30,77,425,2.5,23.8,88.17
2020,1,26,7,45,129,540,2.5,24,87.77
2020,1,26,8,0,184,623,2.5,24.200000000000003,86.73
2020,1,26,8,15,240,686,2.5,24.400000000000002,85.79
2020,1,26,8,30,297,736,2.5,24.6,84.77
2020,1,26,8,45,354,775,2.5,24.8,81.08
2020,1,26,9,0,409,808,2.4000000000000004,25,80.13
2020,1,26,9,15,462,835,2.4000000000000004,25.200000000000003,79.18
2020,1,26,9,30,513,856,2.4000000000000004,25.400000000000002,78.25
2020,1,26,9,45,561,873,2.4000000000000004,25.6,76.23
2020,1,26,10,0,606,889,2.4000000000000004,25.8,75.33
2020,1,26,10,15,649,903,2.3000000000000003,26,74.45
2020,1,26,10,30,687,915,2.3000000000000003,26.1,74.01
2020,1,26,10,45,720,910,2.3000000000000003,26.3,72.88
2020,1,26,11,0,751,919,2.2,26.400000000000002,72.38
2020,1,26,11,15,778,926,2.2,26.5,71.96000000000001
2020,1,26,11,30,800,932,2.2,26.6,71.54
2020,1,26,11,45,511,151,2.2,26.700000000000003,71.01
2020,1,26,12,0,832,938,2.1,26.700000000000003,71.01
2020,1,26,12,15,841,941,2.1,26.8,70.59
2020,1,26,12,30,845,942,2,26.8,70.52
2020,1,26,12,45,843,939,2,26.8,70.24
2020,1,26,13,0,838,938,1.9000000000000001,26.8,70.24
2020,1,26,13,15,235,10,1.9000000000000001,26.8,70.24
2020,1,26,13,30,202,6,1.8,26.700000000000003,70.65
2020,1,26,13,45,796,927,1.8,26.6,70.74
2020,1,26,14,0,772,921,1.7000000000000002,26.6,70.74
2020,1,26,14,15,745,913,1.7000000000000002,26.400000000000002,71.58
2020,1,26,14,30,280,22,1.8,26.3,72
2020,1,26,14,45,262,20,1.8,26.200000000000003,73.13
2020,1,26,15,0,28,0,1.8,26,73.99
2020,1,26,15,15,32,0,1.9000000000000001,25.900000000000002,74.43
2020,1,26,15,30,56,0,1.9000000000000001,25.700000000000003,75.31
2020,1,26,15,45,21,0,1.9000000000000001,25.6,76.86
2020,1,26,16,0,18,0,1.9000000000000001,25.400000000000002,77.78
2020,1,26,16,15,119,0,1.8,25.200000000000003,78.7
2020,1,26,16,30,340,737,1.8,25,79.64
2020,1,26,16,45,28,0,1.8,24.8,82.38
2020,1,26,17,0,8,0,1.7000000000000002,24.700000000000003,82.95
2020,1,26,17,15,170,564,1.7000000000000002,24.5,83.95
2020,1,26,17,30,116,472,1.8,24.3,84.95
2020,1,26,17,45,67,350,1.8,24.200000000000003,87.62
2020,1,26,18,0,27,185,1.8,24,88.67
2020,1,26,18,15,0,0,1.9000000000000001,24,88.67
2020,1,26,18,30,0,0,2,23.900000000000002,89.29
2020,1,26,18,45,0,0,2,23.900000000000002,89.61
2020,1,26,19,0,0,0,2.1,23.8,90.15
2020,1,26,19,15,0,0,2.1,23.8,90.15
2020,1,26,19,30,0,0,2.1,23.8,90.15
2020,1,26,19,45,0,0,2.1,23.8,90.15
2020,1,26,20,0,0,0,2.3000000000000003,23.700000000000003,90.84
2020,1,26,20,15,0,0,2.4000000000000004,23.6,91.38
2020,1,26,20,30,0,0,2.4000000000000004,23.6,91.38
2020,1,26,20,45,0,0,2.4000000000000004,23.6,91.26
2020,1,26,21,0,0,0,2.4000000000000004,23.5,91.81
2020,1,26,21,15,0,0,2.5,23.5,91.81
2020,1,26,21,30,0,0,2.5,23.5,91.81
2020,1,26,21,45,0,0,2.5,23.5,91.45
2020,1,26,22,0,0,0,2.5,23.400000000000002,92
2020,1,26,22,15,0,0,2.5,23.400000000000002,92
2020,1,26,22,30,0,0,2.5,23.400000000000002,91.91
2020,1,26,22,45,0,0,2.5,23.3,92.25
2020,1,26,23,0,0,0,2.5,23.3,92.25
2020,1,26,23,15,0,0,2.5,23.3,92.25
2020,1,26,23,30,0,0,2.5,23.3,92.25
2020,1,26,23,45,0,0,2.4000000000000004,23.200000000000003,92.7
2020,1,27,0,0,0,0,2.4000000000000004,23.200000000000003,92.7
2020,1,27,0,15,0,0,2.4000000000000004,23.200000000000003,92.7
2020,1,27,0,30,0,0,2.4000000000000004,23.200000000000003,92.7
2020,1,27,0,45,0,0,2.4000000000000004,23.200000000000003,92.5
2020,1,27,1,0,0,0,2.4000000000000004,23.200000000000003,92.5
2020,1,27,1,15,0,0,2.5,23.1,93.06
2020,1,27,1,30,0,0,2.5,23.1,93.06
2020,1,27,1,45,0,0,2.5,23.1,92.86
2020,1,27,2,0,0,0,2.5,23.1,92.86
2020,1,27,2,15,0,0,2.5,23.1,92.86
2020,1,27,2,30,0,0,2.5,23.1,92.77
2020,1,27,2,45,0,0,2.5,23,93.18
2020,1,27,3,0,0,0,2.5,23,93.18
2020,1,27,3,15,0,0,2.5,23,93.18
2020,1,27,3,30,0,0,2.5,23,93.18
2020,1,27,3,45,0,0,2.5,23,93.17
2020,1,27,4,0,0,0,2.5,23,93.17
2020,1,27,4,15,0,0,2.5,23,93.17
2020,1,27,4,30,0,0,2.4000000000000004,23,93.17
2020,1,27,4,45,0,0,2.4000000000000004,23,92.99
2020,1,27,5,0,0,0,2.4000000000000004,23,92.99
2020,1,27,5,15,0,0,2.4000000000000004,23,93.08
2020,1,27,5,30,0,0,2.3000000000000003,23,93.08
2020,1,27,5,45,0,0,2.3000000000000003,23,92.78
2020,1,27,6,0,0,0,2.3000000000000003,23,92.78
2020,1,27,6,15,0,0,2.3000000000000003,23.200000000000003,91.67
2020,1,27,6,30,0,0,2.3000000000000003,23.400000000000002,90.57000000000001
2020,1,27,6,45,0,0,2.3000000000000003,23.5,92.61
2020,1,27,7,0,0,0,2.3000000000000003,23.700000000000003,91.51
2020,1,27,7,15,33,256,2.3000000000000003,23.900000000000002,90.42
2020,1,27,7,30,77,412,2.3000000000000003,24,89.97
2020,1,27,7,45,127,525,2.3000000000000003,24.200000000000003,89.96000000000001
2020,1,27,8,0,182,608,2.3000000000000003,24.400000000000002,88.89
2020,1,27,8,15,239,672,2.3000000000000003,24.6,87.84
2020,1,27,8,30,295,722,2.3000000000000003,24.700000000000003,87.32000000000001
2020,1,27,8,45,352,762,2.2,24.900000000000002,84.07000000000001
2020,1,27,9,0,407,795,2.2,25.1,83.08
2020,1,27,9,15,460,823,2.2,25.3,82.18
2020,1,27,9,30,511,845,2.1,25.5,81.22
2020,1,27,9,45,559,865,2.1,25.700000000000003,78.58
2020,1,27,10,0,605,881,2.1,25.900000000000002,77.66
2020,1,27,10,15,647,895,2.1,26,77.2
2020,1,27,10,30,686,907,2.1,26.200000000000003,76.22
2020,1,27,10,45,719,908,2.1,26.400000000000002,75.21000000000001
2020,1,27,11,0,750,917,2.1,26.6,74.33
2020,1,27,11,15,777,924,2.1,26.6,74.33
2020,1,27,11,30,409,66,2.1,26.700000000000003,73.9
2020,1,27,11,45,211,7,2.1,26.8,73.72
2020,1,27,12,0,204,7,2.1,26.8,73.72
2020,1,27,12,15,370,36,2.1,26.900000000000002,73.21000000000001
2020,1,27,12,30,325,23,2.1,26.900000000000002,73.21000000000001
2020,1,27,12,45,78,0,2.1,26.900000000000002,73.68
2020,1,27,13,0,48,0,2.1,26.900000000000002,73.68
2020,1,27,13,15,295,18,2.1,26.900000000000002,73.68
2020,1,27,13,30,271,14,2.1,26.8,74.11
2020,1,27,13,45,173,3,2.1,26.700000000000003,74.96000000000001
2020,1,27,14,0,68,0,2.1,26.700000000000003,74.96000000000001
2020,1,27,14,15,54,0,2.1,26.6,75.4
2020,1,27,14,30,192,5,2,26.5,75.85000000000001
2020,1,27,14,45,674,867,2,26.400000000000002,77.05
2020,1,27,15,0,634,854,2,26.3,77.51
2020,1,27,15,15,592,838,1.9000000000000001,26.200000000000003,77.96000000000001
2020,1,27,15,30,163,0,1.9000000000000001,26.1,78.42
2020,1,27,15,45,161,1,1.8,26,79.83
2020,1,27,16,0,143,0,1.8,25.8,80.77
2020,1,27,16,15,393,747,1.7000000000000002,25.700000000000003,81.25
2020,1,27,16,30,338,710,1.7000000000000002,25.5,82.22
2020,1,27,16,45,282,666,1.6,25.3,84.94
2020,1,27,17,0,226,611,1.5,25.200000000000003,85.45
2020,1,27,17,15,170,541,1.5,25,86.47
2020,1,27,17,30,116,450,1.5,24.8,87.5
2020,1,27,17,45,68,335,1.4000000000000001,24.6,88.65
2020,1,27,18,0,27,178,1.4000000000000001,24.400000000000002,89.71000000000001
2020,1,27,18,15,0,0,1.4000000000000001,24.400000000000002,89.71000000000001
2020,1,27,18,30,0,0,1.4000000000000001,24.3,90.25
2020,1,27,18,45,0,0,1.4000000000000001,24.3,89.36
2020,1,27,19,0,0,0,1.3,24.3,89.36
2020,1,27,19,15,0,0,1.3,24.3,89.36
2020,1,27,19,30,0,0,1.3,24.3,89.36
2020,1,27,19,45,0,0,1.3,24.3,89.36
2020,1,27,20,0,0,0,1.3,24.1,89.41
2020,1,27,20,15,0,0,1.2000000000000002,24.1,89.41
2020,1,27,20,30,0,0,1.2000000000000002,24.1,89.41
2020,1,27,20,45,0,0,1.2000000000000002,24,88.95
2020,1,27,21,0,0,0,1.2000000000000002,24,88.95
2020,1,27,21,15,0,0,1.2000000000000002,24,88.95
2020,1,27,21,30,0,0,1.2000000000000002,24,88.95
2020,1,27,21,45,0,0,1.2000000000000002,23.900000000000002,88.46000000000001
2020,1,27,22,0,0,0,1.2000000000000002,23.900000000000002,88.46000000000001
2020,1,27,22,15,0,0,1.2000000000000002,23.900000000000002,88.46000000000001
2020,1,27,22,30,0,0,1.2000000000000002,23.8,89
2020,1,27,22,45,0,0,1.2000000000000002,23.8,87.88
2020,1,27,23,0,0,0,1.2000000000000002,23.8,87.88
2020,1,27,23,15,0,0,1.2000000000000002,23.700000000000003,88.41
2020,1,27,23,30,0,0,1.2000000000000002,23.700000000000003,88.41
2020,1,27,23,45,0,0,1.2000000000000002,23.700000000000003,87.41
2020,1,28,0,0,0,0,1.2000000000000002,23.6,87.93
2020,1,28,0,15,0,0,1.2000000000000002,23.6,87.93
2020,1,28,0,30,0,0,1.2000000000000002,23.6,87.84
2020,1,28,0,45,0,0,1.3,23.5,87.65
2020,1,28,1,0,0,0,1.3,23.5,87.65
2020,1,28,1,15,0,0,1.3,23.400000000000002,88.18
2020,1,28,1,30,0,0,1.3,23.400000000000002,88.18
2020,1,28,1,45,0,0,1.4000000000000001,23.400000000000002,87.57000000000001
2020,1,28,2,0,0,0,1.4000000000000001,23.3,88.10000000000001
2020,1,28,2,15,0,0,1.4000000000000001,23.3,88.10000000000001
2020,1,28,2,30,0,0,1.4000000000000001,23.3,88.10000000000001
2020,1,28,2,45,0,0,1.4000000000000001,23.3,87.31
2020,1,28,3,0,0,0,1.3,23.3,87.31
2020,1,28,3,15,0,0,1.3,23.3,87.31
2020,1,28,3,30,0,0,1.2000000000000002,23.3,87.31
2020,1,28,3,45,0,0,1.2000000000000002,23.3,86.34
2020,1,28,4,0,0,0,1.1,23.3,86.34
2020,1,28,4,15,0,0,1,23.3,86.34
2020,1,28,4,30,0,0,0.9,23.400000000000002,85.82000000000001
2020,1,28,4,45,0,0,0.8,23.400000000000002,85.16
2020,1,28,5,0,0,0,0.7000000000000001,23.400000000000002,85.16
2020,1,28,5,15,0,0,0.6000000000000001,23.5,84.65
2020,1,28,5,30,0,0,0.6000000000000001,23.5,84.73
2020,1,28,5,45,0,0,0.5,23.5,84.57000000000001
2020,1,28,6,0,0,0,0.5,23.5,84.57000000000001
2020,1,28,6,15,0,0,0.5,23.6,84.07000000000001
2020,1,28,6,30,0,0,0.5,23.700000000000003,83.56
2020,1,28,6,45,0,0,0.6000000000000001,23.8,85.85000000000001
2020,1,28,7,0,0,0,0.6000000000000001,23.8,85.85000000000001
2020,1,28,7,15,34,244,0.7000000000000001,24.1,84.33
2020,1,28,7,30,78,399,0.7000000000000001,24.400000000000002,82.83
2020,1,28,7,45,131,527,0.8,24.6,82.38
2020,1,28,8,0,186,611,0.9,24.900000000000002,80.92
2020,1,28,8,15,244,676,1,25.1,79.97
2020,1,28,8,30,301,727,1.1,25.400000000000002,78.56
2020,1,28,8,45,359,770,1.2000000000000002,25.6,72.99
2020,1,28,9,0,415,804,1.2000000000000002,25.8,72.14
2020,1,28,9,15,469,832,1.3,26,71.29
2020,1,28,9,30,521,855,1.4000000000000001,26.3,70.04
2020,1,28,9,45,570,874,1.6,26.5,67.52
2020,1,28,10,0,617,891,1.7000000000000002,26.700000000000003,66.73
2020,1,28,10,15,660,905,1.7000000000000002,26.8,66.34
2020,1,28,10,30,699,917,1.8,27,65.57000000000001
2020,1,28,10,45,735,931,1.8,27.1,66.15
2020,1,28,11,0,767,939,1.9000000000000001,27.200000000000003,65.7
2020,1,28,11,15,606,346,1.9000000000000001,27.3,65.32000000000001
2020,1,28,11,30,637,372,2,27.400000000000002,64.94
2020,1,28,11,45,834,952,2,27.400000000000002,66.12
2020,1,28,12,0,848,955,2.1,27.5,65.73
2020,1,28,12,15,857,957,2.1,27.5,65.67
2020,1,28,12,30,862,958,2.1,27.5,65.67
2020,1,28,12,45,861,957,2.2,27.5,67.27
2020,1,28,13,0,855,954,2.2,27.6,66.88
2020,1,28,13,15,845,952,2.2,27.5,67.21000000000001
2020,1,28,13,30,831,948,2.2,27.5,67.21000000000001
2020,1,28,13,45,812,947,2.3000000000000003,27.5,68.23
2020,1,28,14,0,789,941,2.3000000000000003,27.400000000000002,68.63
2020,1,28,14,15,761,934,2.2,27.3,69.03
2020,1,28,14,30,728,923,2.2,27.200000000000003,69.43
2020,1,28,14,45,691,909,2.2,27.1,70.13
2020,1,28,15,0,652,897,2.2,27,70.54
2020,1,28,15,15,609,882,2.1,26.8,71.37
2020,1,28,15,30,563,865,2.1,26.700000000000003,71.79
2020,1,28,15,45,513,845,2,26.5,73.53
2020,1,28,16,0,279,142,2,26.400000000000002,73.96000000000001
2020,1,28,16,15,16,0,1.9000000000000001,26.200000000000003,74.83
2020,1,28,16,30,13,0,1.9000000000000001,26,75.72
2020,1,28,16,45,10,0,1.8,25.900000000000002,77.96000000000001
2020,1,28,17,0,8,0,1.8,25.700000000000003,78.89
2020,1,28,17,15,179,593,1.8,25.5,79.83
2020,1,28,17,30,123,506,1.8,25.3,80.78
2020,1,28,17,45,72,387,1.7000000000000002,25.1,82.45
2020,1,28,18,0,30,227,1.7000000000000002,24.900000000000002,83.43
2020,1,28,18,15,0,0,1.7000000000000002,24.8,83.93
2020,1,28,18,30,0,0,1.7000000000000002,24.8,83.93
2020,1,28,18,45,0,0,1.7000000000000002,24.700000000000003,83.62
2020,1,28,19,0,0,0,1.7000000000000002,24.6,84.12
2020,1,28,19,15,0,0,1.7000000000000002,24.6,84.12
2020,1,28,19,30,0,0,1.7000000000000002,24.6,84.12
2020,1,28,19,45,0,0,1.7000000000000002,24.6,84.12
2020,1,28,20,0,0,0,1.6,24.400000000000002,84.34
2020,1,28,20,15,0,0,1.6,24.400000000000002,84.34
2020,1,28,20,30,0,0,1.5,24.400000000000002,84.34
2020,1,28,20,45,0,0,1.5,24.3,83.83
2020,1,28,21,0,0,0,1.4000000000000001,24.3,83.83
2020,1,28,21,15,0,0,1.4000000000000001,24.3,83.83
2020,1,28,21,30,0,0,1.3,24.200000000000003,84.42
2020,1,28,21,45,0,0,1.3,24.200000000000003,83.66
2020,1,28,22,0,0,0,1.2000000000000002,24.1,84.16
2020,1,28,22,15,0,0,1.2000000000000002,24.1,84.16
2020,1,28,22,30,0,0,1.1,24.1,84.16
2020,1,28,22,45,0,0,1.1,24.1,83.64
2020,1,28,23,0,0,0,1,24.1,83.64
2020,1,28,23,15,0,0,1,24.1,83.64
2020,1,28,23,30,0,0,1,24.1,83.64
2020,1,28,23,45,0,0,0.9,24.1,83.26
2020,1,29,0,0,0,0,0.9,24.1,83.26
2020,1,29,0,15,0,0,0.9,24.1,83.26
2020,1,29,0,30,0,0,0.9,24.1,83.26
2020,1,29,0,45,0,0,0.8,24,83.52
2020,1,29,1,0,0,0,0.8,24,83.52
2020,1,29,1,15,0,0,0.8,23.900000000000002,84.02
2020,1,29,1,30,0,0,0.8,23.900000000000002,83.93
2020,1,29,1,45,0,0,0.8,23.900000000000002,83.95
2020,1,29,2,0,0,0,0.8,23.8,84.46000000000001
2020,1,29,2,15,0,0,0.8,23.8,84.46000000000001
2020,1,29,2,30,0,0,0.9,23.8,84.46000000000001
2020,1,29,2,45,0,0,0.9,23.8,84.61
2020,1,29,3,0,0,0,1,23.8,84.61
2020,1,29,3,15,0,0,1,23.8,84.61
2020,1,29,3,30,0,0,1.1,23.700000000000003,85.12
2020,1,29,3,45,0,0,1.1,23.700000000000003,85.24
2020,1,29,4,0,0,0,1.1,23.700000000000003,85.24
2020,1,29,4,15,0,0,1.2000000000000002,23.700000000000003,85.24
2020,1,29,4,30,0,0,1.2000000000000002,23.700000000000003,85.24
2020,1,29,4,45,0,0,1.2000000000000002,23.700000000000003,85.24
2020,1,29,5,0,0,0,1.3,23.700000000000003,85.24
2020,1,29,5,15,0,0,1.3,23.700000000000003,85.24
2020,1,29,5,30,0,0,1.3,23.700000000000003,85.24
2020,1,29,5,45,0,0,1.3,23.700000000000003,85.07000000000001
2020,1,29,6,0,0,0,1.3,23.700000000000003,85.16
2020,1,29,6,15,0,0,1.3,23.8,84.65
2020,1,29,6,30,0,0,1.3,23.900000000000002,84.14
2020,1,29,6,45,0,0,1.2000000000000002,24,85.46000000000001
2020,1,29,7,0,0,0,1.2000000000000002,24.200000000000003,84.45
2020,1,29,7,15,35,246,1.2000000000000002,24.400000000000002,83.45
2020,1,29,7,30,79,401,1.2000000000000002,24.6,82.54
2020,1,29,7,45,131,521,1.2000000000000002,24.8,79.98
2020,1,29,8,0,187,606,1.2000000000000002,25,79.04
2020,1,29,8,15,244,671,1.2000000000000002,25.200000000000003,78.11
2020,1,29,8,30,302,722,1.2000000000000002,25.400000000000002,77.19
2020,1,29,8,45,360,767,1.1,25.6,73.59
2020,1,29,9,0,416,801,1.1,25.8,72.8
2020,1,29,9,15,470,828,1.1,26.1,71.52
2020,1,29,9,30,522,852,1.1,26.3,70.68
2020,1,29,9,45,572,875,1.1,26.5,67.9
2020,1,29,10,0,618,892,1.1,26.8,66.72
2020,1,29,10,15,660,904,1.1,26.900000000000002,66.33
2020,1,29,10,30,699,916,1.1,27.1,65.49
2020,1,29,10,45,735,927,1.2000000000000002,27.200000000000003,64.66
2020,1,29,11,0,766,935,1.2000000000000002,27.400000000000002,63.910000000000004
2020,1,29,11,15,793,942,1.2000000000000002,27.400000000000002,63.910000000000004
2020,1,29,11,30,816,948,1.2000000000000002,27.5,63.54
2020,1,29,11,45,835,952,1.3,27.5,65.42
2020,1,29,12,0,849,955,1.3,27.6,65.04
2020,1,29,12,15,858,957,1.3,27.6,64.98
2020,1,29,12,30,626,279,1.4000000000000001,27.6,64.98
2020,1,29,12,45,552,171,1.4000000000000001,27.700000000000003,65.36
2020,1,29,13,0,165,3,1.4000000000000001,27.700000000000003,65.36
2020,1,29,13,15,194,6,1.4000000000000001,27.700000000000003,65.36
2020,1,29,13,30,406,57,1.5,27.6,65.68
2020,1,29,13,45,97,0,1.5,27.6,66.34
2020,1,29,14,0,196,6,1.5,27.6,66.34
2020,1,29,14,15,762,933,1.5,27.5,66.73
2020,1,29,14,30,730,924,1.5,27.400000000000002,67.12
2020,1,29,14,45,694,913,1.4000000000000001,27.400000000000002,67.04
2020,1,29,15,0,654,901,1.4000000000000001,27.3,67.43
2020,1,29,15,15,611,887,1.4000000000000001,27.200000000000003,67.83
2020,1,29,15,30,565,870,1.3,27.1,68.22
2020,1,29,15,45,516,850,1.3,27,68.14
2020,1,29,16,0,463,825,1.3,26.900000000000002,68.54
2020,1,29,16,15,409,797,1.2000000000000002,26.700000000000003,69.35000000000001
2020,1,29,16,30,13,0,1.2000000000000002,26.5,70.17
2020,1,29,16,45,12,0,1.1,26.3,72.22
2020,1,29,17,0,139,104,1.1,26.200000000000003,72.64
2020,1,29,17,15,182,602,1.1,26,73.58
2020,1,29,17,30,126,516,1.1,25.8,74.45
2020,1,29,17,45,75,399,1.1,25.6,76.73
2020,1,29,18,0,32,242,1.1,25.400000000000002,77.65
2020,1,29,18,15,0,0,1.1,25.3,78.11
2020,1,29,18,30,0,0,1.2000000000000002,25.200000000000003,78.57000000000001
2020,1,29,18,45,0,0,1.2000000000000002,25.1,79.72
2020,1,29,19,0,0,0,1.3,25,80.28
2020,1,29,19,15,0,0,1.3,25,80.28
2020,1,29,19,30,0,0,1.3,25,80.28
2020,1,29,19,45,0,0,1.3,25,80.28
2020,1,29,20,0,0,0,1.5,24.700000000000003,82.34
2020,1,29,20,15,0,0,1.6,24.6,82.83
2020,1,29,20,30,0,0,1.7000000000000002,24.5,83.33
2020,1,29,20,45,0,0,1.7000000000000002,24.400000000000002,84.29
2020,1,29,21,0,0,0,1.8,24.3,84.8
2020,1,29,21,15,0,0,1.8,24.3,84.8
2020,1,29,21,30,0,0,1.9000000000000001,24.200000000000003,85.31
2020,1,29,21,45,0,0,1.9000000000000001,24.1,85.99
2020,1,29,22,0,0,0,2,24,86.51
2020,1,29,22,15,0,0,2,24,86.51
2020,1,29,22,30,0,0,2,23.900000000000002,87.03
2020,1,29,22,45,0,0,2,23.900000000000002,87.01
2020,1,29,23,0,0,0,2.1,23.8,87.53
2020,1,29,23,15,0,0,2.1,23.8,87.53
2020,1,29,23,30,0,0,2.1,23.700000000000003,88.06
2020,1,29,23,45,0,0,2.1,23.700000000000003,87.98
2020,1,30,0,0,0,0,2,23.700000000000003,87.98
2020,1,30,0,15,0,0,2,23.6,88.42
2020,1,30,0,30,0,0,2,23.6,88.42
2020,1,30,0,45,0,0,2,23.6,87.89
2020,1,30,1,0,0,0,2,23.6,87.89
2020,1,30,1,15,0,0,2,23.6,87.89
2020,1,30,1,30,0,0,2,23.5,88.42
2020,1,30,1,45,0,0,2,23.5,87.92
2020,1,30,2,0,0,0,1.9000000000000001,23.5,87.92
2020,1,30,2,15,0,0,1.9000000000000001,23.5,87.92
2020,1,30,2,30,0,0,1.9000000000000001,23.400000000000002,88.45
2020,1,30,2,45,0,0,1.9000000000000001,23.400000000000002,87.89
2020,1,30,3,0,0,0,1.9000000000000001,23.400000000000002,87.81
2020,1,30,3,15,0,0,1.9000000000000001,23.400000000000002,87.81
2020,1,30,3,30,0,0,1.9000000000000001,23.3,88.33
2020,1,30,3,45,0,0,1.9000000000000001,23.3,87.85000000000001
2020,1,30,4,0,0,0,1.9000000000000001,23.3,87.85000000000001
2020,1,30,4,15,0,0,1.9000000000000001,23.3,87.85000000000001
2020,1,30,4,30,0,0,1.9000000000000001,23.3,87.85000000000001
2020,1,30,4,45,0,0,1.9000000000000001,23.3,87.28
2020,1,30,5,0,0,0,1.9000000000000001,23.3,87.28
2020,1,30,5,15,0,0,2,23.3,87.28
2020,1,30,5,30,0,0,2,23.3,87.28
2020,1,30,5,45,0,0,2,23.3,86.69
2020,1,30,6,0,0,0,2,23.400000000000002,86.26
2020,1,30,6,15,0,0,2,23.5,85.75
2020,1,30,6,30,0,0,2,23.700000000000003,84.72
2020,1,30,6,45,0,0,2,23.8,86.72
2020,1,30,7,0,0,0,2,24,85.69
2020,1,30,7,15,37,309,2.1,24.200000000000003,84.67
2020,1,30,7,30,83,460,2.2,24.5,83.17
2020,1,30,7,45,136,572,2.3000000000000003,24.700000000000003,81.49
2020,1,30,8,0,192,652,2.4000000000000004,24.900000000000002,80.61
2020,1,30,8,15,250,713,2.5,25.1,79.66
2020,1,30,8,30,308,760,2.5,25.3,78.72
2020,1,30,8,45,365,799,2.5,25.5,76.14
2020,1,30,9,0,421,830,2.6,25.700000000000003,75.24
2020,1,30,9,15,476,856,2.6,25.900000000000002,74.36
2020,1,30,9,30,527,876,2.6,26.1,73.49
2020,1,30,9,45,576,893,2.7,26.3,72.26
2020,1,30,10,0,622,909,2.7,26.5,71.42
2020,1,30,10,15,665,922,2.7,26.700000000000003,70.59
2020,1,30,10,30,705,934,2.7,26.8,70.17
2020,1,30,10,45,737,929,2.7,27,69.39
2020,1,30,11,0,769,937,2.8000000000000003,27.1,68.99
2020,1,30,11,15,796,944,2.8000000000000003,27.200000000000003,68.58
2020,1,30,11,30,819,950,2.8000000000000003,27.3,68.19
2020,1,30,11,45,837,950,2.8000000000000003,27.400000000000002,68.59
2020,1,30,12,0,645,328,2.8000000000000003,27.5,68.2
2020,1,30,12,15,718,488,2.8000000000000003,27.5,68.2
2020,1,30,12,30,864,955,2.8000000000000003,27.5,68.2
2020,1,30,12,45,863,952,2.8000000000000003,27.5,69.47
2020,1,30,13,0,539,157,2.9000000000000004,27.5,69.4
2020,1,30,13,15,849,948,2.9000000000000004,27.5,69.4
2020,1,30,13,30,449,84,2.9000000000000004,27.400000000000002,69.81
2020,1,30,13,45,435,82,2.9000000000000004,27.400000000000002,70.28
2020,1,30,14,0,281,17,2.9000000000000004,27.400000000000002,70.28
2020,1,30,14,15,249,12,2.9000000000000004,27.3,70.69
2020,1,30,14,30,245,13,2.9000000000000004,27.200000000000003,71.03
2020,1,30,14,45,333,53,2.9000000000000004,27.200000000000003,71.08
2020,1,30,15,0,656,890,2.9000000000000004,27.1,71.49
2020,1,30,15,15,613,876,2.8000000000000003,27,71.91
2020,1,30,15,30,567,859,2.7,26.900000000000002,72.33
2020,1,30,15,45,517,839,2.7,26.8,72.74
2020,1,30,16,0,465,815,2.6,26.700000000000003,73.17
2020,1,30,16,15,411,786,2.5,26.6,73.68
2020,1,30,16,30,355,752,2.4000000000000004,26.400000000000002,74.55
2020,1,30,16,45,298,709,2.3000000000000003,26.200000000000003,76.27
2020,1,30,17,0,240,657,2.2,26,77.17
2020,1,30,17,15,183,590,2.1,25.8,78.09
2020,1,30,17,30,128,504,2,25.5,79.48
2020,1,30,17,45,77,392,2,25.200000000000003,82.01
2020,1,30,18,0,33,235,1.9000000000000001,25,82.98
2020,1,30,18,15,0,0,1.9000000000000001,24.900000000000002,83.48
2020,1,30,18,30,0,0,1.9000000000000001,24.8,83.98
2020,1,30,18,45,0,0,1.9000000000000001,24.700000000000003,84.62
2020,1,30,19,0,0,0,1.9000000000000001,24.6,85.21000000000001
2020,1,30,19,15,0,0,1.9000000000000001,24.6,85.21000000000001
2020,1,30,19,30,0,0,1.9000000000000001,24.6,85.21000000000001
2020,1,30,19,45,0,0,1.9000000000000001,24.6,85.21000000000001
2020,1,30,20,0,0,0,1.9000000000000001,24.3,86.8
2020,1,30,20,15,0,0,1.8,24.3,86.8
2020,1,30,20,30,0,0,1.8,24.3,86.8
2020,1,30,20,45,0,0,1.8,24.200000000000003,86.73
2020,1,30,21,0,0,0,1.8,24.200000000000003,86.73
2020,1,30,21,15,0,0,1.7000000000000002,24.200000000000003,86.73
2020,1,30,21,30,0,0,1.6,24.200000000000003,86.73
2020,1,30,21,45,0,0,1.6,24.200000000000003,85.54
2020,1,30,22,0,0,0,1.5,24.200000000000003,85.54
2020,1,30,22,15,0,0,1.4000000000000001,24.200000000000003,85.54
2020,1,30,22,30,0,0,1.4000000000000001,24.200000000000003,85.54
2020,1,30,22,45,0,0,1.3,24.200000000000003,84.63
2020,1,30,23,0,0,0,1.3,24.200000000000003,84.63
2020,1,30,23,15,0,0,1.3,24.1,85.14
2020,1,30,23,30,0,0,1.3,24.1,85.14
2020,1,30,23,45,0,0,1.3,24.1,84.66
2020,1,31,0,0,0,0,1.3,24,85.17
2020,1,31,0,15,0,0,1.3,24,85.17
2020,1,31,0,30,0,0,1.4000000000000001,23.900000000000002,85.68
2020,1,31,0,45,0,0,1.4000000000000001,23.8,86.04
2020,1,31,1,0,0,0,1.4000000000000001,23.700000000000003,86.56
2020,1,31,1,15,0,0,1.5,23.6,87.08
2020,1,31,1,30,0,0,1.6,23.6,87.08
2020,1,31,1,45,0,0,1.7000000000000002,23.5,87.84
2020,1,31,2,0,0,0,1.7000000000000002,23.400000000000002,88.37
2020,1,31,2,15,0,0,1.8,23.400000000000002,88.37
2020,1,31,2,30,0,0,1.9000000000000001,23.3,88.9
2020,1,31,2,45,0,0,2,23.200000000000003,89.87
2020,1,31,3,0,0,0,2,23.1,90.32000000000001
2020,1,31,3,15,0,0,2.1,23.1,90.41
2020,1,31,3,30,0,0,2.2,23,90.96000000000001
2020,1,31,3,45,0,0,2.2,23,91.52
2020,1,31,4,0,0,0,2.3000000000000003,22.900000000000002,92.07000000000001
2020,1,31,4,15,0,0,2.4000000000000004,22.900000000000002,92.07000000000001
2020,1,31,4,30,0,0,2.4000000000000004,22.900000000000002,92.07000000000001
2020,1,31,4,45,0,0,2.4000000000000004,22.8,93.08
2020,1,31,5,0,0,0,2.5,22.8,93.08
2020,1,31,5,15,0,0,2.5,22.900000000000002,92.52
2020,1,31,5,30,0,0,2.5,22.900000000000002,92.52
2020,1,31,5,45,0,0,2.5,22.900000000000002,92.71000000000001
2020,1,31,6,0,0,0,2.5,22.900000000000002,92.71000000000001
2020,1,31,6,15,0,0,2.5,23.200000000000003,91.14
2020,1,31,6,30,0,0,2.5,23.5,89.51
2020,1,31,6,45,0,0,2.5,23.700000000000003,90.14
2020,1,31,7,0,0,0,2.5,24,88.53
2020,1,31,7,15,37,269,2.5,24.3,86.96000000000001
2020,1,31,7,30,82,423,2.6,24.6,85.5
2020,1,31,7,45,134,529,2.6,25,83.04
2020,1,31,8,0,191,613,2.6,25.3,81.58
2020,1,31,8,15,249,678,2.6,25.5,80.62
2020,1,31,8,30,307,728,2.6,25.700000000000003,79.67
2020,1,31,8,45,364,767,2.6,25.900000000000002,77.68
2020,1,31,9,0,420,800,2.6,26.200000000000003,76.32000000000001
2020,1,31,9,15,475,828,2.6,26.400000000000002,75.42
2020,1,31,9,30,526,850,2.6,26.6,74.54
2020,1,31,9,45,575,869,2.5,26.8,72.15
2020,1,31,10,0,622,886,2.5,27,71.31
2020,1,31,10,15,664,898,2.5,27.200000000000003,70.49
2020,1,31,10,30,704,910,2.5,27.3,70.08
2020,1,31,10,45,739,920,2.4000000000000004,27.5,68.74
2020,1,31,11,0,770,927,2.4000000000000004,27.6,68.34
2020,1,31,11,15,797,934,2.4000000000000004,27.700000000000003,67.94
2020,1,31,11,30,820,940,2.4000000000000004,27.700000000000003,67.94
2020,1,31,11,45,839,941,2.4000000000000004,27.8,68.32000000000001
2020,1,31,12,0,851,943,2.4000000000000004,27.900000000000002,67.85
2020,1,31,12,15,861,945,2.4000000000000004,27.900000000000002,67.85
2020,1,31,12,30,865,946,2.4000000000000004,27.900000000000002,67.85
2020,1,31,12,45,864,943,2.4000000000000004,27.900000000000002,68.12
2020,1,31,13,0,858,940,2.5,28,67.73
2020,1,31,13,15,849,938,2.5,27.900000000000002,68.05
2020,1,31,13,30,835,935,2.5,27.900000000000002,68.05
2020,1,31,13,45,815,925,2.6,27.900000000000002,67.89
2020,1,31,14,0,792,919,2.6,27.900000000000002,67.89
2020,1,31,14,15,763,910,2.7,27.8,68.28
2020,1,31,14,30,731,901,2.7,27.700000000000003,68.68
2020,1,31,14,45,694,886,2.8000000000000003,27.6,68.91
2020,1,31,15,0,655,873,2.8000000000000003,27.6,68.91
2020,1,31,15,15,612,858,2.9000000000000004,27.400000000000002,69.72
2020,1,31,15,30,565,841,2.9000000000000004,27.3,70.13
2020,1,31,15,45,146,0,3,27.1,71.87
2020,1,31,16,0,19,0,3.1,27,72.29
2020,1,31,16,15,409,764,3.1,26.8,73.14
2020,1,31,16,30,354,729,3.1,26.6,74.01
2020,1,31,16,45,296,678,3.1,26.400000000000002,76.75
2020,1,31,17,0,238,624,3.1,26.200000000000003,77.66
2020,1,31,17,15,181,556,3.1,26,78.58
2020,1,31,17,30,127,469,3.1,25.8,79.51
2020,1,31,17,45,76,359,3.1,25.5,83.26
2020,1,31,18,0,33,203,3.1,25.3,84.25
2020,1,31,18,15,0,0,3.2,25.200000000000003,84.75
2020,1,31,18,30,0,0,3.2,25.200000000000003,84.83
2020,1,31,18,45,0,0,3.3000000000000003,25.1,86.38
2020,1,31,19,0,0,0,3.4000000000000004,25,86.9
2020,1,31,19,15,0,0,3.4000000000000004,25,86.9
2020,1,31,19,30,0,0,3.4000000000000004,25,86.9
2020,1,31,19,45,0,0,3.4000000000000004,25,86.9
2020,1,31,20,0,0,0,3.5,24.8,88.55
2020,1,31,20,15,0,0,3.5,24.700000000000003,89.16
2020,1,31,20,30,0,0,3.5,24.6,89.7
2020,1,31,20,45,0,0,3.5,24.6,90.25
2020,1,31,21,0,0,0,3.5,24.5,90.78
2020,1,31,21,15,0,0,3.5,24.400000000000002,91.33
2020,1,31,21,30,0,0,3.5,24.400000000000002,91.33
2020,1,31,21,45,0,0,3.6,24.3,92.06
2020,1,31,22,0,0,0,3.6,24.3,92.06
2020,1,31,22,15,0,0,3.6,24.3,92.06
2020,1,31,22,30,0,0,3.6,24.200000000000003,92.61
2020,1,31,22,45,0,0,3.6,24.200000000000003,92.02
2020,1,31,23,0,0,0,3.6,24.1,92.57000000000001
2020,1,31,23,15,0,0,3.6,24.1,92.48
2020,1,31,23,30,0,0,3.6,24.1,92.48
2020,1,31,23,45,0,0,3.6,24.1,91.69
2020,2,1,0,0,0,0,3.6,24.1,91.69
2020,2,1,0,15,0,0,3.6,24.1,91.69
2020,2,1,0,30,0,0,3.6,24.1,91.69
2020,2,1,0,45,0,0,3.6,24.1,91.11
2020,2,1,1,0,0,0,3.6,24.1,91.11
2020,2,1,1,15,0,0,3.5,24,91.66
2020,2,1,1,30,0,0,3.5,24,91.66
2020,2,1,1,45,0,0,3.5,23.900000000000002,91.28
2020,2,1,2,0,0,0,3.5,23.900000000000002,91.28
2020,2,1,2,15,0,0,3.5,23.900000000000002,91.28
2020,2,1,2,30,0,0,3.4000000000000004,23.900000000000002,91.28
2020,2,1,2,45,0,0,3.4000000000000004,23.900000000000002,90.37
2020,2,1,3,0,0,0,3.4000000000000004,23.8,90.91
2020,2,1,3,15,0,0,3.5,23.8,90.91
2020,2,1,3,30,0,0,3.5,23.8,90.91
2020,2,1,3,45,0,0,3.5,23.900000000000002,89.71000000000001
2020,2,1,4,0,0,0,3.5,23.900000000000002,89.71000000000001
2020,2,1,4,15,0,0,3.5,23.900000000000002,89.71000000000001
2020,2,1,4,30,0,0,3.6,23.8,90.25
2020,2,1,4,45,0,0,3.6,23.8,89.83
2020,2,1,5,0,0,0,3.6,23.8,89.83
2020,2,1,5,15,0,0,3.6,23.8,89.83
2020,2,1,5,30,0,0,3.6,23.8,89.83
2020,2,1,5,45,0,0,3.7,23.8,89.48
2020,2,1,6,0,0,0,3.7,23.8,89.48
2020,2,1,6,15,0,0,3.8000000000000003,24,88.41
2020,2,1,6,30,0,0,3.9000000000000004,24.1,87.97
2020,2,1,6,45,0,0,4,24.200000000000003,87.73
2020,2,1,7,0,0,0,4,24.400000000000002,86.69
2020,2,1,7,15,37,255,4.2,24.6,85.66
2020,2,1,7,30,82,413,4.3,24.700000000000003,85.15
2020,2,1,7,45,135,529,4.4,24.900000000000002,83.34
2020,2,1,8,0,191,614,4.5,25.1,82.44
2020,2,1,8,15,249,679,4.5,25.3,81.47
2020,2,1,8,30,308,729,4.6000000000000005,25.400000000000002,80.99
2020,2,1,8,45,365,770,4.6000000000000005,25.6,79.19
2020,2,1,9,0,422,804,4.7,25.8,78.26
2020,2,1,9,15,477,832,4.7,26,77.34
2020,2,1,9,30,529,855,4.6000000000000005,26.1,76.89
2020,2,1,9,45,580,876,4.6000000000000005,26.3,75.27
2020,2,1,10,0,627,893,4.6000000000000005,26.400000000000002,74.83
2020,2,1,10,15,670,907,4.6000000000000005,26.5,74.39
2020,2,1,10,30,710,919,4.6000000000000005,26.6,73.96000000000001
2020,2,1,10,45,745,923,4.6000000000000005,26.700000000000003,73.5
2020,2,1,11,0,777,932,4.6000000000000005,26.8,73.07000000000001
2020,2,1,11,15,805,939,4.6000000000000005,26.900000000000002,72.65
2020,2,1,11,30,828,944,4.5,27,72.22
2020,2,1,11,45,847,948,4.5,27.1,72.06
2020,2,1,12,0,861,951,4.5,27.1,71.98
2020,2,1,12,15,871,953,4.5,27.200000000000003,71.56
2020,2,1,12,30,875,955,4.4,27.200000000000003,71.56
2020,2,1,12,45,875,954,4.4,27.200000000000003,71.74
2020,2,1,13,0,870,953,4.4,27.3,71.25
2020,2,1,13,15,861,951,4.3,27.200000000000003,71.66
2020,2,1,13,30,847,947,4.2,27.200000000000003,71.66
2020,2,1,13,45,827,939,4.2,27.200000000000003,71.57000000000001
2020,2,1,14,0,803,933,4.1000000000000005,27.200000000000003,71.57000000000001
2020,2,1,14,15,775,925,4.1000000000000005,27.200000000000003,71.57000000000001
2020,2,1,14,30,743,916,4,27.1,71.99
2020,2,1,14,45,707,905,4,27.1,72
2020,2,1,15,0,667,892,3.9000000000000004,27,72.43
2020,2,1,15,15,624,877,3.9000000000000004,26.900000000000002,72.85000000000001
2020,2,1,15,30,577,860,3.9000000000000004,26.8,73.28
2020,2,1,15,45,526,837,3.9000000000000004,26.700000000000003,74.08
2020,2,1,16,0,474,813,3.8000000000000003,26.6,74.51
2020,2,1,16,15,419,784,3.8000000000000003,26.400000000000002,75.39
2020,2,1,16,30,362,749,3.8000000000000003,26.3,75.84
2020,2,1,16,45,58,0,3.7,26.1,77.32000000000001
2020,2,1,17,0,247,654,3.7,25.900000000000002,78.24
2020,2,1,17,15,189,587,3.6,25.700000000000003,79.17
2020,2,1,17,30,132,498,3.6,25.5,80.11
2020,2,1,17,45,80,387,3.5,25.3,82.67
2020,2,1,18,0,36,228,3.4000000000000004,25,84.16
2020,2,1,18,15,0,0,3.5,24.900000000000002,84.66
2020,2,1,18,30,0,0,3.5,24.8,85.16
2020,2,1,18,45,0,0,3.5,24.700000000000003,86.45
2020,2,1,19,0,0,0,3.5,24.700000000000003,86.45
2020,2,1,19,15,0,0,3.5,24.700000000000003,86.45
2020,2,1,19,30,0,0,3.5,24.700000000000003,86.45
2020,2,1,19,45,0,0,3.5,24.700000000000003,86.45
2020,2,1,20,0,0,0,3.6,24.400000000000002,88.59
2020,2,1,20,15,0,0,3.5,24.3,89.12
2020,2,1,20,30,0,0,3.5,24.200000000000003,89.66
2020,2,1,20,45,0,0,3.5,24.200000000000003,89.49
2020,2,1,21,0,0,0,3.5,24.1,90.03
2020,2,1,21,15,0,0,3.4000000000000004,24.1,90.03
2020,2,1,21,30,0,0,3.4000000000000004,24,90.57000000000001
2020,2,1,21,45,0,0,3.4000000000000004,23.900000000000002,90.48
2020,2,1,22,0,0,0,3.3000000000000003,23.900000000000002,90.48
2020,2,1,22,15,0,0,3.3000000000000003,23.8,91.02
2020,2,1,22,30,0,0,3.2,23.8,91.02
2020,2,1,22,45,0,0,3.2,23.700000000000003,90.60000000000001
2020,2,1,23,0,0,0,3.1,23.700000000000003,90.60000000000001
2020,2,1,23,15,0,0,3.1,23.700000000000003,90.60000000000001
2020,2,1,23,30,0,0,3,23.700000000000003,90.60000000000001
2020,2,1,23,45,0,0,3,23.700000000000003,89.53
2020,2,2,0,0,0,0,2.9000000000000004,23.700000000000003,89.53
2020,2,2,0,15,0,0,2.9000000000000004,23.700000000000003,89.53
2020,2,2,0,30,0,0,2.8000000000000003,23.700000000000003,89.53
2020,2,2,0,45,0,0,2.8000000000000003,23.700000000000003,88.34
2020,2,2,1,0,0,0,2.7,23.700000000000003,88.34
2020,2,2,1,15,0,0,2.7,23.700000000000003,88.26
2020,2,2,1,30,0,0,2.7,23.700000000000003,88.26
2020,2,2,1,45,0,0,2.6,23.6,87.55
2020,2,2,2,0,0,0,2.6,23.6,87.55
2020,2,2,2,15,0,0,2.5,23.6,87.55
2020,2,2,2,30,0,0,2.5,23.6,87.55
2020,2,2,2,45,0,0,2.5,23.6,86.59
2020,2,2,3,0,0,0,2.4000000000000004,23.6,86.59
2020,2,2,3,15,0,0,2.4000000000000004,23.6,86.59
2020,2,2,3,30,0,0,2.4000000000000004,23.6,86.59
2020,2,2,3,45,0,0,2.4000000000000004,23.6,85.60000000000001
2020,2,2,4,0,0,0,2.3000000000000003,23.5,86.12
2020,2,2,4,15,0,0,2.3000000000000003,23.5,86.12
2020,2,2,4,30,0,0,2.3000000000000003,23.5,86.12
2020,2,2,4,45,0,0,2.3000000000000003,23.5,84.96000000000001
2020,2,2,5,0,0,0,2.2,23.5,84.96000000000001
2020,2,2,5,15,0,0,2.2,23.6,84.45
2020,2,2,5,30,0,0,2.2,23.6,84.53
2020,2,2,5,45,0,0,2.2,23.6,83.38
2020,2,2,6,0,0,0,2.2,23.6,83.38
2020,2,2,6,15,0,0,2.1,23.8,82.38
2020,2,2,6,30,0,0,2.1,24,81.4
2020,2,2,6,45,0,0,2.1,24.200000000000003,81.89
2020,2,2,7,0,0,0,2,24.400000000000002,81
2020,2,2,7,15,37,230,2,24.6,80.04
2020,2,2,7,30,83,392,2.1,24.900000000000002,78.62
2020,2,2,7,45,136,511,2.1,25.1,75.24
2020,2,2,8,0,193,598,2.1,25.3,74.35000000000001
2020,2,2,8,15,251,663,2.1,25.5,73.48
2020,2,2,8,30,310,716,2.1,25.700000000000003,72.61
2020,2,2,8,45,368,761,2.1,25.900000000000002,70.83
2020,2,2,9,0,425,796,2.1,26.1,70
2020,2,2,9,15,480,825,2.1,26.3,69.19
2020,2,2,9,30,533,849,2.1,26.5,68.38
2020,2,2,9,45,584,870,2.1,26.700000000000003,66.93
2020,2,2,10,0,631,887,2.1,26.900000000000002,66.15
2020,2,2,10,15,675,902,2.1,27,65.77
2020,2,2,10,30,715,914,2.1,27.200000000000003,64.94
2020,2,2,10,45,753,930,2.1,27.3,64.18
2020,2,2,11,0,783,936,2.2,27.5,63.440000000000005
2020,2,2,11,15,811,943,2.1,27.6,63.07
2020,2,2,11,30,835,949,2.1,27.6,63.07
2020,2,2,11,45,853,953,2.1,27.700000000000003,63.81
2020,2,2,12,0,868,956,2.1,27.8,63.38
2020,2,2,12,15,877,958,2.1,27.8,63.38
2020,2,2,12,30,882,959,2.1,27.8,63.38
2020,2,2,12,45,883,961,2,27.8,64.97
2020,2,2,13,0,878,960,2,27.900000000000002,64.6
2020,2,2,13,15,868,958,2,27.900000000000002,64.53
2020,2,2,13,30,852,953,2,27.900000000000002,64.53
2020,2,2,13,45,831,940,2,27.900000000000002,64.53
2020,2,2,14,0,808,934,1.9000000000000001,27.900000000000002,64.53
2020,2,2,14,15,780,927,1.9000000000000001,27.8,64.9
2020,2,2,14,30,748,918,1.9000000000000001,27.700000000000003,65.28
2020,2,2,14,45,711,906,1.8,27.700000000000003,65.98
2020,2,2,15,0,671,894,1.8,27.6,66.37
2020,2,2,15,15,628,879,1.7000000000000002,27.5,66.76
2020,2,2,15,30,579,859,1.6,27.400000000000002,67.15
2020,2,2,15,45,529,837,1.6,27.3,67.8
2020,2,2,16,0,229,51,1.5,27.200000000000003,68.2
2020,2,2,16,15,167,14,1.4000000000000001,27,69
2020,2,2,16,30,365,748,1.3,26.8,69.81
2020,2,2,16,45,11,0,1.3,26.6,72.45
2020,2,2,17,0,9,0,1.2000000000000002,26.400000000000002,73.31
2020,2,2,17,15,189,574,1.2000000000000002,26.200000000000003,74.17
2020,2,2,17,30,133,485,1.1,25.900000000000002,75.57000000000001
2020,2,2,17,45,80,354,1.1,25.700000000000003,77.58
2020,2,2,18,0,36,198,1.1,25.5,78.5
2020,2,2,18,15,0,0,1,25.400000000000002,78.97
2020,2,2,18,30,0,0,1,25.400000000000002,78.97
2020,2,2,18,45,0,0,0.9,25.3,79.79
2020,2,2,19,0,0,0,0.9,25.200000000000003,80.35000000000001
2020,2,2,19,15,0,0,0.9,25.200000000000003,80.35000000000001
2020,2,2,19,30,0,0,0.9,25.200000000000003,80.35000000000001
2020,2,2,19,45,0,0,0.9,25.200000000000003,80.35000000000001
2020,2,2,20,0,0,0,0.8,24.900000000000002,82.09
2020,2,2,20,15,0,0,0.9,24.900000000000002,82.09
2020,2,2,20,30,0,0,0.9,24.8,82.58
2020,2,2,20,45,0,0,0.9,24.700000000000003,83.53
2020,2,2,21,0,0,0,0.9,24.6,84.03
2020,2,2,21,15,0,0,0.9,24.5,84.54
2020,2,2,21,30,0,0,0.9,24.5,84.54
2020,2,2,21,45,0,0,1,24.400000000000002,85.08
2020,2,2,22,0,0,0,1,24.3,85.59
2020,2,2,22,15,0,0,1,24.3,85.59
2020,2,2,22,30,0,0,1,24.200000000000003,86.10000000000001
2020,2,2,22,45,0,0,1.1,24.1,86.43
2020,2,2,23,0,0,0,1.1,24.1,86.43
2020,2,2,23,15,0,0,1.1,24.1,86.43
2020,2,2,23,30,0,0,1.1,24,86.95
2020,2,2,23,45,0,0,1.1,24,86.8
2020,2,3,0,0,0,0,1.2000000000000002,24,86.71000000000001
2020,2,3,0,15,0,0,1.2000000000000002,23.900000000000002,87.23
2020,2,3,0,30,0,0,1.2000000000000002,23.900000000000002,87.23
2020,2,3,0,45,0,0,1.2000000000000002,23.900000000000002,86.88
2020,2,3,1,0,0,0,1.3,23.8,87.4
2020,2,3,1,15,0,0,1.3,23.8,87.4
2020,2,3,1,30,0,0,1.4000000000000001,23.8,87.4
2020,2,3,1,45,0,0,1.4000000000000001,23.700000000000003,87.79
2020,2,3,2,0,0,0,1.4000000000000001,23.700000000000003,87.79
2020,2,3,2,15,0,0,1.5,23.700000000000003,87.79
2020,2,3,2,30,0,0,1.5,23.6,88.32000000000001
2020,2,3,2,45,0,0,1.5,23.6,88.48
2020,2,3,3,0,0,0,1.6,23.6,88.48
2020,2,3,3,15,0,0,1.6,23.6,88.48
2020,2,3,3,30,0,0,1.7000000000000002,23.5,89.01
2020,2,3,3,45,0,0,1.7000000000000002,23.5,89.48
2020,2,3,4,0,0,0,1.8,23.5,89.48
2020,2,3,4,15,0,0,1.8,23.400000000000002,90.02
2020,2,3,4,30,0,0,1.8,23.400000000000002,90.02
2020,2,3,4,45,0,0,1.9000000000000001,23.400000000000002,90.35000000000001
2020,2,3,5,0,0,0,1.9000000000000001,23.400000000000002,90.35000000000001
2020,2,3,5,15,0,0,1.9000000000000001,23.400000000000002,90.35000000000001
2020,2,3,5,30,0,0,1.9000000000000001,23.3,90.9
2020,2,3,5,45,0,0,2,23.3,90.81
2020,2,3,6,0,0,0,2,23.3,90.81
2020,2,3,6,15,0,0,2,23.5,89.72
2020,2,3,6,30,0,0,2,23.700000000000003,88.74
2020,2,3,6,45,0,0,2,23.900000000000002,89.36
2020,2,3,7,0,0,0,2,24.1,88.3
2020,2,3,7,15,38,249,2,24.3,87.25
2020,2,3,7,30,84,406,2,24.6,85.7
2020,2,3,7,45,138,527,2,24.8,83.24
2020,2,3,8,0,195,611,2,25.1,81.77
2020,2,3,8,15,253,676,2,25.3,80.81
2020,2,3,8,30,312,728,1.9000000000000001,25.5,79.86
2020,2,3,8,45,370,770,1.9000000000000001,25.8,74.8
2020,2,3,9,0,426,801,1.9000000000000001,26,74
2020,2,3,9,15,482,829,1.9000000000000001,26.200000000000003,73.13
2020,2,3,9,30,534,852,1.8,26.400000000000002,72.27
2020,2,3,9,45,584,872,1.8,26.6,68.97
2020,2,3,10,0,632,889,1.8,26.8,68.16
2020,2,3,10,15,675,903,1.8,27,67.37
2020,2,3,10,30,715,915,1.8,27.1,66.98
2020,2,3,10,45,748,908,1.8,27.3,65.16
2020,2,3,11,0,780,917,1.8,27.5,64.4
2020,2,3,11,15,808,924,1.8,27.6,64.03
2020,2,3,11,30,832,931,1.9000000000000001,27.6,64.03
2020,2,3,11,45,848,928,1.9000000000000001,27.700000000000003,63.93
2020,2,3,12,0,863,932,1.9000000000000001,27.8,63.56
2020,2,3,12,15,872,934,1.9000000000000001,27.900000000000002,63.190000000000005
2020,2,3,12,30,877,935,1.9000000000000001,27.900000000000002,63.190000000000005
2020,2,3,12,45,877,933,2,28,62.96
2020,2,3,13,0,872,932,2,28,62.96
2020,2,3,13,15,862,930,2,28,62.96
2020,2,3,13,30,848,926,2,28,62.89
2020,2,3,13,45,828,914,2.1,28,62.97
2020,2,3,14,0,804,908,2.1,28,62.97
2020,2,3,14,15,776,900,2.1,28,62.97
2020,2,3,14,30,744,891,2.1,27.900000000000002,63.34
2020,2,3,14,45,707,877,2.2,27.900000000000002,63.34
2020,2,3,15,0,666,862,2.2,27.8,63.71
2020,2,3,15,15,623,846,2.2,27.700000000000003,64.08
2020,2,3,15,30,576,828,2.2,27.6,64.46000000000001
2020,2,3,15,45,525,803,2.2,27.5,65.51
2020,2,3,16,0,473,778,2.3000000000000003,27.3,66.28
2020,2,3,16,15,418,747,2.2,27.1,67.06
2020,2,3,16,30,362,710,2.2,26.900000000000002,67.84
2020,2,3,16,45,303,657,2.2,26.700000000000003,70.82000000000001
2020,2,3,17,0,244,600,2.2,26.400000000000002,72.08
2020,2,3,17,15,187,530,2.2,26.200000000000003,72.93
2020,2,3,17,30,131,440,2.2,25.900000000000002,74.3
2020,2,3,17,45,80,321,2.2,25.700000000000003,77.9
2020,2,3,18,0,36,171,2.2,25.400000000000002,79.29
2020,2,3,18,15,0,0,2.2,25.3,79.76
2020,2,3,18,30,0,0,2.3000000000000003,25.200000000000003,80.24
2020,2,3,18,45,0,0,2.3000000000000003,25.1,81.39
2020,2,3,19,0,0,0,2.4000000000000004,25,81.87
2020,2,3,19,15,0,0,2.4000000000000004,25,81.87
2020,2,3,19,30,0,0,2.4000000000000004,25,81.87
2020,2,3,19,45,0,0,2.4000000000000004,25,81.87
2020,2,3,20,0,0,0,2.6,24.700000000000003,83.77
2020,2,3,20,15,0,0,2.7,24.6,84.27
2020,2,3,20,30,0,0,2.7,24.5,84.77
2020,2,3,20,45,0,0,2.7,24.400000000000002,85.28
2020,2,3,21,0,0,0,2.8000000000000003,24.400000000000002,85.28
2020,2,3,21,15,0,0,2.8000000000000003,24.3,85.79
2020,2,3,21,30,0,0,2.8000000000000003,24.200000000000003,86.31
2020,2,3,21,45,0,0,2.8000000000000003,24.200000000000003,86.02
2020,2,3,22,0,0,0,2.8000000000000003,24.1,86.54
2020,2,3,22,15,0,0,2.8000000000000003,24,87.06
2020,2,3,22,30,0,0,2.8000000000000003,24,86.97
2020,2,3,22,45,0,0,2.8000000000000003,23.900000000000002,87.25
2020,2,3,23,0,0,0,2.8000000000000003,23.900000000000002,87.25
2020,2,3,23,15,0,0,2.8000000000000003,23.8,87.77
2020,2,3,23,30,0,0,2.8000000000000003,23.8,87.77
2020,2,3,23,45,0,0,2.8000000000000003,23.700000000000003,88.12
2020,2,4,0,0,0,0,2.8000000000000003,23.700000000000003,88.12
2020,2,4,0,15,0,0,2.8000000000000003,23.6,88.65
2020,2,4,0,30,0,0,2.8000000000000003,23.6,88.65
2020,2,4,0,45,0,0,2.8000000000000003,23.5,88.96000000000001
2020,2,4,1,0,0,0,2.8000000000000003,23.5,88.96000000000001
2020,2,4,1,15,0,0,2.8000000000000003,23.5,88.88
2020,2,4,1,30,0,0,2.8000000000000003,23.400000000000002,89.41
2020,2,4,1,45,0,0,2.9000000000000004,23.400000000000002,89.29
2020,2,4,2,0,0,0,2.9000000000000004,23.400000000000002,89.29
2020,2,4,2,15,0,0,3,23.400000000000002,89.29
2020,2,4,2,30,0,0,3,23.400000000000002,89.29
2020,2,4,2,45,0,0,3.1,23.400000000000002,89.25
2020,2,4,3,0,0,0,3.1,23.3,89.78
2020,2,4,3,15,0,0,3.2,23.3,89.78
2020,2,4,3,30,0,0,3.3000000000000003,23.3,89.78
2020,2,4,3,45,0,0,3.3000000000000003,23.3,89.72
2020,2,4,4,0,0,0,3.4000000000000004,23.3,89.72
2020,2,4,4,15,0,0,3.4000000000000004,23.3,89.72
2020,2,4,4,30,0,0,3.5,23.3,89.72
2020,2,4,4,45,0,0,3.6,23.3,89.49
2020,2,4,5,0,0,0,3.6,23.3,89.49
2020,2,4,5,15,0,0,3.7,23.3,89.49
2020,2,4,5,30,0,0,3.7,23.3,89.49
2020,2,4,5,45,0,0,3.7,23.3,89.37
2020,2,4,6,0,0,0,3.8000000000000003,23.3,89.37
2020,2,4,6,15,0,0,3.8000000000000003,23.5,88.31
2020,2,4,6,30,0,0,3.9000000000000004,23.700000000000003,87.25
2020,2,4,6,45,0,0,4,23.900000000000002,86.92
2020,2,4,7,0,0,0,4.1000000000000005,24.1,85.89
2020,2,4,7,15,39,261,4.1000000000000005,24.3,84.87
2020,2,4,7,30,85,419,4.2,24.5,83.95
2020,2,4,7,45,139,537,4.3,24.700000000000003,81.85000000000001
2020,2,4,8,0,197,621,4.4,24.900000000000002,80.89
2020,2,4,8,15,255,685,4.4,25.200000000000003,79.46000000000001
2020,2,4,8,30,314,736,4.5,25.400000000000002,78.52
2020,2,4,8,45,373,775,4.5,25.6,75.56
2020,2,4,9,0,430,809,4.5,25.8,74.67
2020,2,4,9,15,485,836,4.6000000000000005,26,73.87
2020,2,4,9,30,537,857,4.6000000000000005,26.1,73.44
2020,2,4,9,45,586,874,4.6000000000000005,26.3,71.21000000000001
2020,2,4,10,0,634,891,4.6000000000000005,26.5,70.38
2020,2,4,10,15,678,905,4.6000000000000005,26.6,69.9
2020,2,4,10,30,718,917,4.7,26.700000000000003,69.49
2020,2,4,10,45,750,909,4.7,26.8,68.49
2020,2,4,11,0,782,918,4.7,26.900000000000002,68.09
2020,2,4,11,15,810,926,4.7,27,67.69
2020,2,4,11,30,457,92,4.7,27.1,67.3
2020,2,4,11,45,854,939,4.6000000000000005,27.1,67.05
2020,2,4,12,0,868,943,4.6000000000000005,27.200000000000003,66.59
2020,2,4,12,15,878,945,4.6000000000000005,27.200000000000003,66.59
2020,2,4,12,30,885,948,4.6000000000000005,27.200000000000003,66.59
2020,2,4,12,45,885,950,4.6000000000000005,27.3,66.01
2020,2,4,13,0,881,949,4.6000000000000005,27.3,65.94
2020,2,4,13,15,871,947,4.6000000000000005,27.3,65.94
2020,2,4,13,30,857,944,4.6000000000000005,27.3,65.94
2020,2,4,13,45,836,930,4.5,27.3,65.78
2020,2,4,14,0,812,924,4.5,27.200000000000003,66.16
2020,2,4,14,15,784,917,4.5,27.200000000000003,66.16
2020,2,4,14,30,752,908,4.5,27.1,66.55
2020,2,4,14,45,716,897,4.4,27.1,66.49
2020,2,4,15,0,675,884,4.4,27,66.88
2020,2,4,15,15,632,869,4.3,26.900000000000002,67.27
2020,2,4,15,30,585,851,4.3,26.8,67.66
2020,2,4,15,45,535,831,4.2,26.700000000000003,68.04
2020,2,4,16,0,482,806,4.1000000000000005,26.700000000000003,68.04
2020,2,4,16,15,426,776,4,26.5,68.84
2020,2,4,16,30,370,741,3.9000000000000004,26.3,69.65
2020,2,4,16,45,312,699,3.8000000000000003,26.1,71.03
2020,2,4,17,0,253,645,3.7,25.900000000000002,71.87
2020,2,4,17,15,194,577,3.6,25.700000000000003,72.72
2020,2,4,17,30,137,489,3.4000000000000004,25.400000000000002,74.02
2020,2,4,17,45,84,374,3.3000000000000003,25.1,77.43
2020,2,4,18,0,39,216,3.2,24.900000000000002,78.35000000000001
2020,2,4,18,15,0,0,3.2,24.8,78.82000000000001
2020,2,4,18,30,0,0,3.2,24.700000000000003,79.29
2020,2,4,18,45,0,0,3.2,24.6,80.65
2020,2,4,19,0,0,0,3.3000000000000003,24.5,81.13
2020,2,4,19,15,0,0,3.3000000000000003,24.5,81.13
2020,2,4,19,30,0,0,3.3000000000000003,24.5,81.13
2020,2,4,19,45,0,0,3.3000000000000003,24.5,81.13
2020,2,4,20,0,0,0,3.4000000000000004,24.3,82.91
2020,2,4,20,15,0,0,3.4000000000000004,24.3,82.91
2020,2,4,20,30,0,0,3.4000000000000004,24.3,82.91
2020,2,4,20,45,0,0,3.5,24.200000000000003,84.05
2020,2,4,21,0,0,0,3.5,24.200000000000003,84.05
2020,2,4,21,15,0,0,3.5,24.1,84.55
2020,2,4,21,30,0,0,3.5,24.1,84.55
2020,2,4,21,45,0,0,3.5,24.1,85.05
2020,2,4,22,0,0,0,3.5,24.1,85.05
2020,2,4,22,15,0,0,3.5,24,85.56
2020,2,4,22,30,0,0,3.5,24,85.56
2020,2,4,22,45,0,0,3.5,23.900000000000002,86.39
2020,2,4,23,0,0,0,3.5,23.900000000000002,86.39
2020,2,4,23,15,0,0,3.5,23.900000000000002,86.39
2020,2,4,23,30,0,0,3.5,23.8,86.82000000000001
2020,2,4,23,45,0,0,3.5,23.8,86.75
2020,2,5,0,0,0,0,3.5,23.700000000000003,87.27
2020,2,5,0,15,0,0,3.5,23.700000000000003,87.27
2020,2,5,0,30,0,0,3.4000000000000004,23.6,87.8
2020,2,5,0,45,0,0,3.4000000000000004,23.6,87.31
2020,2,5,1,0,0,0,3.4000000000000004,23.6,87.31
2020,2,5,1,15,0,0,3.4000000000000004,23.5,87.74
2020,2,5,1,30,0,0,3.4000000000000004,23.5,87.74
2020,2,5,1,45,0,0,3.3000000000000003,23.400000000000002,87.59
2020,2,5,2,0,0,0,3.3000000000000003,23.400000000000002,87.59
2020,2,5,2,15,0,0,3.3000000000000003,23.400000000000002,87.59
2020,2,5,2,30,0,0,3.4000000000000004,23.400000000000002,87.59
2020,2,5,2,45,0,0,3.4000000000000004,23.400000000000002,86.85000000000001
2020,2,5,3,0,0,0,3.4000000000000004,23.400000000000002,86.85000000000001
2020,2,5,3,15,0,0,3.5,23.400000000000002,86.85000000000001
2020,2,5,3,30,0,0,3.5,23.400000000000002,86.85000000000001
2020,2,5,3,45,0,0,3.6,23.400000000000002,86.19
2020,2,5,4,0,0,0,3.6,23.400000000000002,86.19
2020,2,5,4,15,0,0,3.7,23.400000000000002,86.19
2020,2,5,4,30,0,0,3.7,23.400000000000002,86.19
2020,2,5,4,45,0,0,3.8000000000000003,23.400000000000002,86.13
2020,2,5,5,0,0,0,3.8000000000000003,23.400000000000002,86.22
2020,2,5,5,15,0,0,3.8000000000000003,23.400000000000002,86.22
2020,2,5,5,30,0,0,3.9000000000000004,23.5,85.7
2020,2,5,5,45,0,0,3.9000000000000004,23.5,86.34
2020,2,5,6,0,0,0,3.9000000000000004,23.5,86.34
2020,2,5,6,15,0,0,4,23.6,85.82000000000001
2020,2,5,6,30,0,0,4.1000000000000005,23.8,84.8
2020,2,5,6,45,0,0,4.1000000000000005,23.900000000000002,85.87
2020,2,5,7,0,0,0,4.2,24.1,84.93
2020,2,5,7,15,41,290,4.3,24.3,83.93
2020,2,5,7,30,88,446,4.4,24.5,82.93
2020,2,5,7,45,141,551,4.5,24.700000000000003,81.98
2020,2,5,8,0,198,633,4.6000000000000005,24.900000000000002,81.01
2020,2,5,8,15,257,696,4.6000000000000005,25.1,80.06
2020,2,5,8,30,316,745,4.6000000000000005,25.3,79.11
2020,2,5,8,45,103,0,4.7,25.5,78.38
2020,2,5,9,0,431,813,4.7,25.8,77.01
2020,2,5,9,15,485,838,4.7,25.900000000000002,76.55
2020,2,5,9,30,537,861,4.7,26.1,75.66
2020,2,5,9,45,587,878,4.7,26.3,74.43
2020,2,5,10,0,257,25,4.7,26.5,73.56
2020,2,5,10,15,678,908,4.7,26.6,73.13
2020,2,5,10,30,718,920,4.7,26.700000000000003,72.7
2020,2,5,10,45,748,902,4.7,26.900000000000002,71.59
2020,2,5,11,0,255,13,4.7,27,71.17
2020,2,5,11,15,807,916,4.7,27.1,70.76
2020,2,5,11,30,392,49,4.7,27.1,70.69
2020,2,5,11,45,851,932,4.7,27.200000000000003,70.12
2020,2,5,12,0,865,936,4.7,27.3,69.72
2020,2,5,12,15,443,65,4.7,27.3,69.72
2020,2,5,12,30,880,939,4.7,27.3,69.72
2020,2,5,12,45,377,34,4.7,27.3,69.21000000000001
2020,2,5,13,0,877,947,4.6000000000000005,27.3,69.21000000000001
2020,2,5,13,15,868,944,4.6000000000000005,27.3,69.21000000000001
2020,2,5,13,30,338,26,4.6000000000000005,27.3,69.21000000000001
2020,2,5,13,45,831,922,4.6000000000000005,27.3,68.9
2020,2,5,14,0,808,916,4.6000000000000005,27.200000000000003,69.24
2020,2,5,14,15,780,909,4.6000000000000005,27.200000000000003,69.24
2020,2,5,14,30,748,900,4.5,27.200000000000003,69.24
2020,2,5,14,45,713,892,4.5,27.1,69.76
2020,2,5,15,0,183,3,4.5,27.1,69.76
2020,2,5,15,15,630,864,4.6000000000000005,27,70.17
2020,2,5,15,30,272,45,4.6000000000000005,26.900000000000002,70.59
2020,2,5,15,45,533,828,4.6000000000000005,26.8,71.56
2020,2,5,16,0,481,804,4.6000000000000005,26.8,71.56
2020,2,5,16,15,54,0,4.5,26.6,72.4
2020,2,5,16,30,369,740,4.5,26.400000000000002,73.26
2020,2,5,16,45,313,705,4.4,26.3,74.94
2020,2,5,17,0,254,653,4.4,26.1,75.82000000000001
2020,2,5,17,15,196,586,4.3,25.900000000000002,76.72
2020,2,5,17,30,139,500,4.2,25.700000000000003,77.63
2020,2,5,17,45,87,392,4.1000000000000005,25.400000000000002,81.71000000000001
2020,2,5,18,0,41,236,4,25.200000000000003,82.68
2020,2,5,18,15,0,0,4,25.1,83.17
2020,2,5,18,30,0,0,4,25,83.67
2020,2,5,18,45,0,0,3.9000000000000004,24.900000000000002,86.04
2020,2,5,19,0,0,0,3.9000000000000004,24.8,86.55
2020,2,5,19,15,0,0,3.9000000000000004,24.8,86.55
2020,2,5,19,30,0,0,3.9000000000000004,24.8,86.55
2020,2,5,19,45,0,0,3.9000000000000004,24.8,86.55
2020,2,5,20,0,0,0,4,24.6,88.66
2020,2,5,20,15,0,0,4.1000000000000005,24.5,89.19
2020,2,5,20,30,0,0,4.1000000000000005,24.5,89.19
2020,2,5,20,45,0,0,4.1000000000000005,24.400000000000002,90.43
2020,2,5,21,0,0,0,4.2,24.400000000000002,90.43
2020,2,5,21,15,0,0,4.2,24.3,90.97
2020,2,5,21,30,0,0,4.2,24.3,90.97
2020,2,5,21,45,0,0,4.2,24.200000000000003,91.92
2020,2,5,22,0,0,0,4.2,24.200000000000003,91.92
2020,2,5,22,15,0,0,4.3,24.200000000000003,91.92
2020,2,5,22,30,0,0,4.3,24.1,92.47
2020,2,5,22,45,0,0,4.3,24.1,92.58
2020,2,5,23,0,0,0,4.3,24.1,92.58
2020,2,5,23,15,0,0,4.3,24.1,92.48
2020,2,5,23,30,0,0,4.4,24.1,92.48
2020,2,5,23,45,0,0,4.4,24.1,91.99
2020,2,6,0,0,0,0,4.5,24.1,91.99
2020,2,6,0,15,0,0,4.5,24.1,91.99
2020,2,6,0,30,0,0,4.5,24.1,91.99
2020,2,6,0,45,0,0,4.5,24,92
2020,2,6,1,0,0,0,4.5,24,92
2020,2,6,1,15,0,0,4.6000000000000005,24,92
2020,2,6,1,30,0,0,4.6000000000000005,24,91.91
2020,2,6,1,45,0,0,4.6000000000000005,24,90.62
2020,2,6,2,0,0,0,4.7,24,90.62
2020,2,6,2,15,0,0,4.7,24.1,90.08
2020,2,6,2,30,0,0,4.800000000000001,24.1,90.08
2020,2,6,2,45,0,0,4.800000000000001,24.1,89.01
2020,2,6,3,0,0,0,4.800000000000001,24.1,89.01
2020,2,6,3,15,0,0,4.800000000000001,24.1,89.01
2020,2,6,3,30,0,0,4.800000000000001,24.1,89.01
2020,2,6,3,45,0,0,4.9,24,88.98
2020,2,6,4,0,0,0,4.9,24,88.98
2020,2,6,4,15,0,0,4.9,24,88.98
2020,2,6,4,30,0,0,4.9,24,88.98
2020,2,6,4,45,0,0,4.9,24,88.55
2020,2,6,5,0,0,0,4.9,24,88.55
2020,2,6,5,15,0,0,4.9,24,88.64
2020,2,6,5,30,0,0,4.9,24,88.64
2020,2,6,5,45,0,0,5,24.1,87.47
2020,2,6,6,0,0,0,5,24.1,87.47
2020,2,6,6,15,0,0,5.1000000000000005,24.200000000000003,86.95
2020,2,6,6,30,0,0,5.2,24.3,86.43
2020,2,6,6,45,0,0,5.2,24.400000000000002,85.56
2020,2,6,7,0,0,0,5.300000000000001,24.5,85.05
2020,2,6,7,15,41,267,5.4,24.700000000000003,84.05
2020,2,6,7,30,88,424,5.5,24.900000000000002,83.14
2020,2,6,7,45,142,536,5.6000000000000005,25.1,81.13
2020,2,6,8,0,199,619,5.7,25.3,80.17
2020,2,6,8,15,53,0,5.800000000000001,25.5,79.23
2020,2,6,8,30,318,734,5.800000000000001,25.700000000000003,78.3
2020,2,6,8,45,376,773,5.9,25.900000000000002,76.06
2020,2,6,9,0,434,806,5.9,26.1,75.24
2020,2,6,9,15,111,0,6,26.3,74.36
2020,2,6,9,30,542,857,6,26.400000000000002,73.93
2020,2,6,9,45,146,0,6,26.6,72.39
2020,2,6,10,0,640,892,6,26.700000000000003,71.97
2020,2,6,10,15,682,904,6,26.8,71.55
2020,2,6,10,30,723,916,5.9,26.900000000000002,71.06
2020,2,6,10,45,753,897,5.9,27,70.5
2020,2,6,11,0,785,906,5.9,27.1,70.09
2020,2,6,11,15,813,914,5.9,27.1,70.09
2020,2,6,11,30,837,920,5.800000000000001,27.200000000000003,69.68
2020,2,6,11,45,857,926,5.800000000000001,27.3,69.4
2020,2,6,12,0,869,928,5.800000000000001,27.3,69.4
2020,2,6,12,15,879,930,5.800000000000001,27.3,69.33
2020,2,6,12,30,884,931,5.7,27.400000000000002,68.93
2020,2,6,12,45,885,933,5.7,27.400000000000002,68.92
2020,2,6,13,0,111,0,5.7,27.400000000000002,68.92
2020,2,6,13,15,871,929,5.7,27.400000000000002,68.85000000000001
2020,2,6,13,30,856,926,5.6000000000000005,27.3,69.26
2020,2,6,13,45,837,919,5.6000000000000005,27.3,69.18
2020,2,6,14,0,813,912,5.6000000000000005,27.3,69.18
2020,2,6,14,15,787,907,5.5,27.200000000000003,69.59
2020,2,6,14,30,755,898,5.5,27.200000000000003,69.59
2020,2,6,14,45,720,893,5.4,27.1,69.77
2020,2,6,15,0,680,880,5.4,27.1,69.77
2020,2,6,15,15,636,865,5.300000000000001,27,70.18
2020,2,6,15,30,358,144,5.2,26.900000000000002,70.59
2020,2,6,15,45,279,73,5.2,26.8,71.07000000000001
2020,2,6,16,0,272,101,5.1000000000000005,26.700000000000003,71.49
2020,2,6,16,15,431,774,5,26.6,71.91
2020,2,6,16,30,374,739,4.9,26.400000000000002,72.76
2020,2,6,16,45,316,697,4.800000000000001,26.3,74.07000000000001
2020,2,6,17,0,257,645,4.7,26.1,74.94
2020,2,6,17,15,199,580,4.5,25.900000000000002,75.91
2020,2,6,17,30,142,493,4.4,25.700000000000003,76.81
2020,2,6,17,45,88,370,4.2,25.5,79.62
2020,2,6,18,0,42,215,4.1000000000000005,25.3,80.56
2020,2,6,18,15,0,0,4,25.3,80.56
2020,2,6,18,30,0,0,4,25.200000000000003,81.04
2020,2,6,18,45,0,0,3.9000000000000004,25.200000000000003,82.18
2020,2,6,19,0,0,0,3.9000000000000004,25.1,82.67
2020,2,6,19,15,0,0,3.9000000000000004,25.1,82.67
2020,2,6,19,30,0,0,3.9000000000000004,25.1,82.67
2020,2,6,19,45,0,0,3.9000000000000004,25.1,82.67
2020,2,6,20,0,0,0,3.9000000000000004,25,83.36
2020,2,6,20,15,0,0,3.9000000000000004,25,83.44
2020,2,6,20,30,0,0,3.9000000000000004,24.900000000000002,83.94
2020,2,6,20,45,0,0,3.9000000000000004,24.900000000000002,83.94
2020,2,6,21,0,0,0,3.9000000000000004,24.900000000000002,83.94
2020,2,6,21,15,0,0,4,24.900000000000002,83.94
2020,2,6,21,30,0,0,4,24.8,84.44
2020,2,6,21,45,0,0,4,24.8,84.3
2020,2,6,22,0,0,0,4,24.8,84.3
2020,2,6,22,15,0,0,4,24.700000000000003,84.8
2020,2,6,22,30,0,0,4,24.700000000000003,84.8
2020,2,6,22,45,0,0,4,24.700000000000003,84.48
2020,2,6,23,0,0,0,4,24.6,84.9
2020,2,6,23,15,0,0,3.9000000000000004,24.6,84.9
2020,2,6,23,30,0,0,3.9000000000000004,24.5,85.41
2020,2,6,23,45,0,0,3.9000000000000004,24.5,85.12
2020,2,7,0,0,0,0,3.9000000000000004,24.5,85.12
2020,2,7,0,15,0,0,3.8000000000000003,24.400000000000002,85.63
2020,2,7,0,30,0,0,3.8000000000000003,24.400000000000002,85.63
2020,2,7,0,45,0,0,3.8000000000000003,24.400000000000002,84.98
2020,2,7,1,0,0,0,3.7,24.3,85.49
2020,2,7,1,15,0,0,3.7,24.3,85.49
2020,2,7,1,30,0,0,3.7,24.3,85.49
2020,2,7,1,45,0,0,3.7,24.200000000000003,85.16
2020,2,7,2,0,0,0,3.7,24.200000000000003,85.16
2020,2,7,2,15,0,0,3.7,24.200000000000003,85.16
2020,2,7,2,30,0,0,3.7,24.200000000000003,85.16
2020,2,7,2,45,0,0,3.8000000000000003,24.1,85.4
2020,2,7,3,0,0,0,3.8000000000000003,24.1,85.31
2020,2,7,3,15,0,0,3.8000000000000003,24.1,85.31
2020,2,7,3,30,0,0,3.8000000000000003,24.1,85.4
2020,2,7,3,45,0,0,3.9000000000000004,24.1,85.54
2020,2,7,4,0,0,0,3.9000000000000004,24.1,85.54
2020,2,7,4,15,0,0,3.9000000000000004,24.1,85.54
2020,2,7,4,30,0,0,3.9000000000000004,24.1,85.54
2020,2,7,4,45,0,0,4,24,86.47
2020,2,7,5,0,0,0,4,24,86.47
2020,2,7,5,15,0,0,4,24,86.47
2020,2,7,5,30,0,0,4,24,86.47
2020,2,7,5,45,0,0,4,23.900000000000002,88.43
2020,2,7,6,0,0,0,4,23.900000000000002,88.43
2020,2,7,6,15,0,0,4.1000000000000005,24.1,87.47
2020,2,7,6,30,0,0,4.2,24.200000000000003,86.94
2020,2,7,6,45,0,0,4.3,24.400000000000002,88.43
2020,2,7,7,0,0,0,4.4,24.5,87.91
2020,2,7,7,15,41,242,4.5,24.700000000000003,86.86
2020,2,7,7,30,87,397,4.7,24.900000000000002,85.84
2020,2,7,7,45,139,502,4.800000000000001,25.1,85.03
2020,2,7,8,0,196,587,5,25.3,84.03
2020,2,7,8,15,255,653,5.1000000000000005,25.5,83.04
2020,2,7,8,30,313,705,5.2,25.700000000000003,82.15
2020,2,7,8,45,371,745,5.300000000000001,25.900000000000002,80.32000000000001
2020,2,7,9,0,427,778,5.4,26.1,79.38
2020,2,7,9,15,482,806,5.4,26.3,78.45
2020,2,7,9,30,535,830,5.5,26.400000000000002,78
2020,2,7,9,45,584,846,5.5,26.6,76.14
2020,2,7,10,0,631,863,5.6000000000000005,26.8,75.26
2020,2,7,10,15,675,878,5.6000000000000005,26.900000000000002,74.82000000000001
2020,2,7,10,30,715,891,5.6000000000000005,27,74.38
2020,2,7,10,45,744,866,5.6000000000000005,27.1,73.55
2020,2,7,11,0,776,876,5.6000000000000005,27.200000000000003,73.04
2020,2,7,11,15,804,884,5.6000000000000005,27.3,72.62
2020,2,7,11,30,334,26,5.6000000000000005,27.3,72.62
2020,2,7,11,45,845,888,5.6000000000000005,27.400000000000002,71.9
2020,2,7,12,0,859,891,5.6000000000000005,27.400000000000002,71.9
2020,2,7,12,15,869,894,5.6000000000000005,27.400000000000002,71.9
2020,2,7,12,30,876,897,5.6000000000000005,27.400000000000002,71.9
2020,2,7,12,45,875,894,5.5,27.400000000000002,71.62
2020,2,7,13,0,870,893,5.5,27.400000000000002,71.62
2020,2,7,13,15,861,890,5.5,27.400000000000002,71.62
2020,2,7,13,30,847,887,5.4,27.400000000000002,71.62
2020,2,7,13,45,834,908,5.4,27.3,71.75
2020,2,7,14,0,811,902,5.300000000000001,27.3,71.75
2020,2,7,14,15,783,894,5.300000000000001,27.200000000000003,72.17
2020,2,7,14,30,751,885,5.2,27.200000000000003,72.17
2020,2,7,14,45,714,872,5.2,27.1,72.29
2020,2,7,15,0,36,0,5.2,27,72.71000000000001
2020,2,7,15,15,229,14,5.1000000000000005,26.900000000000002,73.14
2020,2,7,15,30,585,827,5,26.8,73.57000000000001
2020,2,7,15,45,535,804,5,26.700000000000003,73.84
2020,2,7,16,0,163,2,4.9,26.6,74.28
2020,2,7,16,15,427,749,4.800000000000001,26.5,74.72
2020,2,7,16,30,15,0,4.800000000000001,26.3,75.60000000000001
2020,2,7,16,45,85,0,4.7,26.1,76.92
2020,2,7,17,0,255,620,4.6000000000000005,25.900000000000002,77.83
2020,2,7,17,15,197,552,4.5,25.700000000000003,78.76
2020,2,7,17,30,140,464,4.4,25.6,79.3
2020,2,7,17,45,87,345,4.2,25.400000000000002,81.52
2020,2,7,18,0,42,192,4.1000000000000005,25.200000000000003,82.5
2020,2,7,18,15,0,0,4.1000000000000005,25.1,82.99
2020,2,7,18,30,0,0,4.1000000000000005,25,83.48
2020,2,7,18,45,0,0,4.1000000000000005,25,84.15
2020,2,7,19,0,0,0,4.1000000000000005,24.900000000000002,84.66
2020,2,7,19,15,0,0,4.1000000000000005,24.900000000000002,84.66
2020,2,7,19,30,0,0,4.1000000000000005,24.900000000000002,84.66
2020,2,7,19,45,0,0,4.1000000000000005,24.900000000000002,84.66
2020,2,7,20,0,0,0,4.1000000000000005,24.8,85.16
2020,2,7,20,15,0,0,4.2,24.8,85.16
2020,2,7,20,30,0,0,4.2,24.700000000000003,85.67
2020,2,7,20,45,0,0,4.2,24.700000000000003,85.07000000000001
2020,2,7,21,0,0,0,4.2,24.700000000000003,85.07000000000001
2020,2,7,21,15,0,0,4.3,24.700000000000003,85.07000000000001
2020,2,7,21,30,0,0,4.3,24.6,85.58
2020,2,7,21,45,0,0,4.4,24.6,84.92
2020,2,7,22,0,0,0,4.4,24.6,84.92
2020,2,7,22,15,0,0,4.4,24.6,84.92
2020,2,7,22,30,0,0,4.4,24.5,85.43
2020,2,7,22,45,0,0,4.5,24.5,85.15
2020,2,7,23,0,0,0,4.5,24.5,85.15
2020,2,7,23,15,0,0,4.5,24.5,85.15
2020,2,7,23,30,0,0,4.5,24.5,85.15
2020,2,7,23,45,0,0,4.5,24.400000000000002,85.33
2020,2,8,0,0,0,0,4.5,24.400000000000002,85.33
2020,2,8,0,15,0,0,4.6000000000000005,24.400000000000002,85.33
2020,2,8,0,30,0,0,4.6000000000000005,24.400000000000002,85.33
2020,2,8,0,45,0,0,4.6000000000000005,24.400000000000002,84.86
2020,2,8,1,0,0,0,4.6000000000000005,24.3,85.37
2020,2,8,1,15,0,0,4.6000000000000005,24.3,85.37
2020,2,8,1,30,0,0,4.7,24.3,85.28
2020,2,8,1,45,0,0,4.7,24.3,84.79
2020,2,8,2,0,0,0,4.7,24.3,84.79
2020,2,8,2,15,0,0,4.7,24.200000000000003,85.3
2020,2,8,2,30,0,0,4.7,24.200000000000003,85.3
2020,2,8,2,45,0,0,4.800000000000001,24.200000000000003,84.88
2020,2,8,3,0,0,0,4.800000000000001,24.200000000000003,84.88
2020,2,8,3,15,0,0,4.800000000000001,24.200000000000003,84.88
2020,2,8,3,30,0,0,4.800000000000001,24.200000000000003,84.88
2020,2,8,3,45,0,0,4.800000000000001,24.200000000000003,84.57000000000001
2020,2,8,4,0,0,0,4.800000000000001,24.200000000000003,84.57000000000001
2020,2,8,4,15,0,0,4.800000000000001,24.200000000000003,84.57000000000001
2020,2,8,4,30,0,0,4.800000000000001,24.200000000000003,84.57000000000001
2020,2,8,4,45,0,0,4.800000000000001,24.200000000000003,83.71000000000001
2020,2,8,5,0,0,0,4.800000000000001,24.200000000000003,83.71000000000001
2020,2,8,5,15,0,0,4.9,24.200000000000003,83.71000000000001
2020,2,8,5,30,0,0,4.9,24.200000000000003,83.8
2020,2,8,5,45,0,0,5,24.1,82.67
2020,2,8,6,0,0,0,5,24.1,82.67
2020,2,8,6,15,0,0,5.1000000000000005,24.3,81.69
2020,2,8,6,30,0,0,5.2,24.400000000000002,81.2
2020,2,8,6,45,0,0,5.300000000000001,24.5,79.09
2020,2,8,7,0,0,0,5.4,24.6,78.62
2020,2,8,7,15,42,209,5.5,24.8,77.69
2020,2,8,7,30,88,366,5.7,25,76.85000000000001
2020,2,8,7,45,142,474,5.800000000000001,25.200000000000003,74.02
2020,2,8,8,0,200,564,5.9,25.400000000000002,73.15
2020,2,8,8,15,259,633,6,25.5,72.72
2020,2,8,8,30,319,688,6,25.700000000000003,71.86
2020,2,8,8,45,132,0,6.1000000000000005,25.900000000000002,70.3
2020,2,8,9,0,432,748,6.1000000000000005,26,69.89
2020,2,8,9,15,488,780,6.1000000000000005,26.1,69.48
2020,2,8,9,30,541,806,6.2,26.3,68.66
2020,2,8,9,45,589,814,6.2,26.400000000000002,68.06
2020,2,8,10,0,637,833,6.2,26.5,67.66
2020,2,8,10,15,682,850,6.2,26.6,67.26
2020,2,8,10,30,723,864,6.2,26.700000000000003,66.87
2020,2,8,10,45,764,893,6.2,26.8,66.4
2020,2,8,11,0,796,903,6.2,26.900000000000002,66.01
2020,2,8,11,15,825,911,6.2,27,65.63
2020,2,8,11,30,849,917,6.1000000000000005,27,65.63
2020,2,8,11,45,870,928,6.1000000000000005,27.1,65.17
2020,2,8,12,0,884,931,6.1000000000000005,27.1,65.1
2020,2,8,12,15,894,934,6,27.1,65.1
2020,2,8,12,30,899,935,6,27.1,65.1
2020,2,8,12,45,899,934,5.9,27.1,64.89
2020,2,8,13,0,289,15,5.9,27.1,64.89
2020,2,8,13,15,885,931,5.800000000000001,27,65.27
2020,2,8,13,30,871,927,5.7,27,65.21000000000001
2020,2,8,13,45,526,150,5.7,27,65.32000000000001
2020,2,8,14,0,821,886,5.6000000000000005,26.900000000000002,65.7
2020,2,8,14,15,793,877,5.5,26.900000000000002,65.7
2020,2,8,14,30,760,867,5.4,26.8,66.09
2020,2,8,14,45,229,10,5.4,26.8,66.07000000000001
2020,2,8,15,0,682,835,5.300000000000001,26.700000000000003,66.45
2020,2,8,15,15,286,38,5.2,26.6,66.85
2020,2,8,15,30,102,0,5.2,26.5,67.24
2020,2,8,15,45,539,771,5.1000000000000005,26.400000000000002,67.78
2020,2,8,16,0,485,744,5.1000000000000005,26.3,68.18
2020,2,8,16,15,430,711,5,26.200000000000003,68.58
2020,2,8,16,30,109,0,5,26,69.39
2020,2,8,16,45,314,626,4.9,25.900000000000002,70.23
2020,2,8,17,0,255,568,4.800000000000001,25.700000000000003,71.06
2020,2,8,17,15,196,495,4.7,25.6,71.48
2020,2,8,17,30,140,404,4.6000000000000005,25.400000000000002,72.33
2020,2,8,17,45,87,288,4.5,25.200000000000003,74.38
2020,2,8,18,0,42,141,4.4,25,75.35000000000001
2020,2,8,18,15,11,13,4.4,24.900000000000002,75.8
2020,2,8,18,30,0,0,4.5,24.900000000000002,75.8
2020,2,8,18,45,0,0,4.5,24.8,77.49
2020,2,8,19,0,0,0,4.5,24.700000000000003,77.96000000000001
2020,2,8,19,15,0,0,4.5,24.700000000000003,77.96000000000001
2020,2,8,19,30,0,0,4.5,24.700000000000003,77.96000000000001
2020,2,8,19,45,0,0,4.5,24.700000000000003,77.96000000000001
2020,2,8,20,0,0,0,4.7,24.5,79.85000000000001
2020,2,8,20,15,0,0,4.7,24.5,79.85000000000001
2020,2,8,20,30,0,0,4.7,24.400000000000002,80.32000000000001
2020,2,8,20,45,0,0,4.7,24.400000000000002,81.28
2020,2,8,21,0,0,0,4.7,24.3,81.76
2020,2,8,21,15,0,0,4.6000000000000005,24.200000000000003,82.25
2020,2,8,21,30,0,0,4.6000000000000005,24.200000000000003,82.25
2020,2,8,21,45,0,0,4.6000000000000005,24.1,83.31
2020,2,8,22,0,0,0,4.6000000000000005,24.1,83.31
2020,2,8,22,15,0,0,4.6000000000000005,24,83.81
2020,2,8,22,30,0,0,4.5,24,83.81
2020,2,8,22,45,0,0,4.5,23.900000000000002,85.05
2020,2,8,23,0,0,0,4.5,23.900000000000002,85.05
2020,2,8,23,15,0,0,4.4,23.8,85.56
2020,2,8,23,30,0,0,4.4,23.8,85.56
2020,2,8,23,45,0,0,4.3,23.8,86.26
2020,2,9,0,0,0,0,4.3,23.700000000000003,86.69
2020,2,9,0,15,0,0,4.3,23.700000000000003,86.69
2020,2,9,0,30,0,0,4.2,23.700000000000003,86.69
2020,2,9,0,45,0,0,4.2,23.6,88.10000000000001
2020,2,9,1,0,0,0,4.1000000000000005,23.6,88.10000000000001
2020,2,9,1,15,0,0,4.1000000000000005,23.6,88.10000000000001
2020,2,9,1,30,0,0,4.1000000000000005,23.5,88.63
2020,2,9,1,45,0,0,4.1000000000000005,23.5,89.64
2020,2,9,2,0,0,0,4.1000000000000005,23.400000000000002,90.18
2020,2,9,2,15,0,0,4.1000000000000005,23.400000000000002,90.18
2020,2,9,2,30,0,0,4.1000000000000005,23.400000000000002,90.09
2020,2,9,2,45,0,0,4.1000000000000005,23.400000000000002,91.39
2020,2,9,3,0,0,0,4.1000000000000005,23.400000000000002,91.39
2020,2,9,3,15,0,0,4.1000000000000005,23.400000000000002,91.39
2020,2,9,3,30,0,0,4.1000000000000005,23.400000000000002,91.39
2020,2,9,3,45,0,0,4.2,23.400000000000002,92.54
2020,2,9,4,0,0,0,4.2,23.400000000000002,92.54
2020,2,9,4,15,0,0,4.2,23.5,91.98
2020,2,9,4,30,0,0,4.2,23.5,92.08
2020,2,9,4,45,0,0,4.2,23.5,92.93
2020,2,9,5,0,0,0,4.3,23.5,92.93
2020,2,9,5,15,0,0,4.3,23.6,92.37
2020,2,9,5,30,0,0,4.2,23.6,92.37
2020,2,9,5,45,0,0,4.2,23.700000000000003,92.43
2020,2,9,6,0,0,0,4.2,23.700000000000003,92.43
2020,2,9,6,15,0,0,4.2,23.8,91.88
2020,2,9,6,30,0,0,4.3,24,90.87
2020,2,9,6,45,0,0,4.3,24.1,91.07000000000001
2020,2,9,7,0,0,0,4.3,24.200000000000003,90.53
2020,2,9,7,15,41,193,4.4,24.400000000000002,89.46000000000001
2020,2,9,7,30,87,346,4.5,24.6,88.4
2020,2,9,7,45,142,492,4.6000000000000005,24.700000000000003,86.62
2020,2,9,8,0,200,578,4.7,24.900000000000002,85.60000000000001
2020,2,9,8,15,259,644,4.800000000000001,25.1,84.67
2020,2,9,8,30,318,697,4.9,25.3,83.68
2020,2,9,8,45,377,743,5,25.6,79.53
2020,2,9,9,0,435,777,5.1000000000000005,25.8,78.59
2020,2,9,9,15,490,806,5.2,25.900000000000002,78.13
2020,2,9,9,30,544,831,5.2,26.1,77.22
2020,2,9,9,45,596,853,5.2,26.3,74.18
2020,2,9,10,0,643,870,5.300000000000001,26.5,73.31
2020,2,9,10,15,688,885,5.300000000000001,26.6,72.88
2020,2,9,10,30,728,898,5.300000000000001,26.700000000000003,72.45
2020,2,9,10,45,765,905,5.300000000000001,26.8,70.9
2020,2,9,11,0,798,914,5.300000000000001,26.900000000000002,70.42
2020,2,9,11,15,826,921,5.2,27,70.01
2020,2,9,11,30,852,929,5.2,27.1,69.60000000000001
2020,2,9,11,45,872,935,5.2,27.1,68.66
2020,2,9,12,0,887,939,5.2,27.200000000000003,68.26
2020,2,9,12,15,897,941,5.2,27.200000000000003,68.26
2020,2,9,12,30,904,944,5.1000000000000005,27.3,67.79
2020,2,9,12,45,903,943,5.1000000000000005,27.3,66.87
2020,2,9,13,0,899,942,5,27.3,66.87
2020,2,9,13,15,889,940,5,27.3,66.87
2020,2,9,13,30,877,939,5,27.200000000000003,67.27
2020,2,9,13,45,858,934,5,27.200000000000003,66.56
2020,2,9,14,0,834,929,4.9,27.200000000000003,66.49
2020,2,9,14,15,806,921,4.9,27.1,66.88
2020,2,9,14,30,773,912,4.9,27,67.27
2020,2,9,14,45,738,903,4.9,27,67.06
2020,2,9,15,0,697,891,4.9,26.900000000000002,67.46000000000001
2020,2,9,15,15,653,876,4.800000000000001,26.8,67.85
2020,2,9,15,30,605,858,4.800000000000001,26.700000000000003,68.25
2020,2,9,15,45,555,840,4.800000000000001,26.5,69.36
2020,2,9,16,0,501,816,4.800000000000001,26.400000000000002,69.77
2020,2,9,16,15,445,787,4.7,26.200000000000003,70.60000000000001
2020,2,9,16,30,387,752,4.6000000000000005,26.1,71.01
2020,2,9,16,45,328,711,4.5,25.900000000000002,72.78
2020,2,9,17,0,268,659,4.5,25.700000000000003,73.71000000000001
2020,2,9,17,15,208,593,4.3,25.5,74.59
2020,2,9,17,30,149,505,4.2,25.3,75.48
2020,2,9,17,45,95,396,4.1000000000000005,25.1,78.32000000000001
2020,2,9,18,0,47,242,3.9000000000000004,24.900000000000002,79.25
2020,2,9,18,15,13,56,3.9000000000000004,24.8,79.73
2020,2,9,18,30,0,0,3.9000000000000004,24.8,79.73
2020,2,9,18,45,0,0,3.9000000000000004,24.700000000000003,81.51
2020,2,9,19,0,0,0,3.9000000000000004,24.6,81.99
2020,2,9,19,15,0,0,3.9000000000000004,24.6,81.99
2020,2,9,19,30,0,0,3.9000000000000004,24.6,81.99
2020,2,9,19,45,0,0,3.9000000000000004,24.6,81.99
2020,2,9,20,0,0,0,4,24.5,83.68
2020,2,9,20,15,0,0,4,24.400000000000002,84.18
2020,2,9,20,30,0,0,4,24.400000000000002,84.18
2020,2,9,20,45,0,0,4.1000000000000005,24.3,85.91
2020,2,9,21,0,0,0,4.1000000000000005,24.3,85.91
2020,2,9,21,15,0,0,4.1000000000000005,24.200000000000003,86.43
2020,2,9,21,30,0,0,4.1000000000000005,24.200000000000003,86.43
2020,2,9,21,45,0,0,4.2,24.200000000000003,87.36
2020,2,9,22,0,0,0,4.2,24.200000000000003,87.36
2020,2,9,22,15,0,0,4.2,24.1,87.88
2020,2,9,22,30,0,0,4.2,24.1,87.88
2020,2,9,22,45,0,0,4.2,24.1,88.7
2020,2,9,23,0,0,0,4.3,24.1,88.7
2020,2,9,23,15,0,0,4.3,24,89.24
2020,2,9,23,30,0,0,4.3,24,89.24
2020,2,9,23,45,0,0,4.3,24,89.97
2020,2,10,0,0,0,0,4.3,24,89.97
2020,2,10,0,15,0,0,4.3,24,89.97
2020,2,10,0,30,0,0,4.3,23.900000000000002,90.51
2020,2,10,0,45,0,0,4.3,23.900000000000002,90.63
2020,2,10,1,0,0,0,4.3,23.900000000000002,90.63
2020,2,10,1,15,0,0,4.3,23.900000000000002,90.63
2020,2,10,1,30,0,0,4.3,23.900000000000002,90.54
2020,2,10,1,45,0,0,4.3,23.900000000000002,90.22
2020,2,10,2,0,0,0,4.3,23.900000000000002,90.22
2020,2,10,2,15,0,0,4.3,23.8,90.76
2020,2,10,2,30,0,0,4.3,23.8,90.76
2020,2,10,2,45,0,0,4.3,23.8,90.35000000000001
2020,2,10,3,0,0,0,4.3,23.8,90.35000000000001
2020,2,10,3,15,0,0,4.3,23.8,90.35000000000001
2020,2,10,3,30,0,0,4.3,23.8,90.35000000000001
2020,2,10,3,45,0,0,4.3,23.8,89.8
2020,2,10,4,0,0,0,4.3,23.700000000000003,90.34
2020,2,10,4,15,0,0,4.3,23.700000000000003,90.34
2020,2,10,4,30,0,0,4.3,23.700000000000003,90.34
2020,2,10,4,45,0,0,4.4,23.700000000000003,89.72
2020,2,10,5,0,0,0,4.4,23.700000000000003,89.72
2020,2,10,5,15,0,0,4.4,23.700000000000003,89.72
2020,2,10,5,30,0,0,4.5,23.700000000000003,89.72
2020,2,10,5,45,0,0,4.5,23.700000000000003,89.03
2020,2,10,6,0,0,0,4.5,23.700000000000003,89.03
2020,2,10,6,15,0,0,4.6000000000000005,23.900000000000002,87.97
2020,2,10,6,30,0,0,4.7,24,87.45
2020,2,10,6,45,0,0,4.9,24.1,86.92
2020,2,10,7,0,0,0,5,24.200000000000003,86.4
2020,2,10,7,15,44,254,5.1000000000000005,24.400000000000002,85.37
2020,2,10,7,30,91,404,5.2,24.6,84.36
2020,2,10,7,45,145,517,5.300000000000001,24.8,82.11
2020,2,10,8,0,203,600,5.4,24.900000000000002,81.62
2020,2,10,8,15,262,664,5.5,25.1,80.66
2020,2,10,8,30,322,715,5.6000000000000005,25.400000000000002,79.32000000000001
2020,2,10,8,45,380,752,5.7,25.6,76.3
2020,2,10,9,0,437,786,5.800000000000001,25.8,75.4
2020,2,10,9,15,492,814,5.800000000000001,26,74.52
2020,2,10,9,30,546,837,5.9,26.200000000000003,73.64
2020,2,10,9,45,596,854,5.9,26.400000000000002,71.58
2020,2,10,10,0,644,871,6,26.6,70.74
2020,2,10,10,15,215,8,6,26.700000000000003,70.33
2020,2,10,10,30,432,128,6,26.8,69.92
2020,2,10,10,45,239,11,6,26.900000000000002,68.99
2020,2,10,11,0,336,32,6,27,68.52
2020,2,10,11,15,488,123,6,27.1,68.12
2020,2,10,11,30,396,47,6,27.1,68.12
2020,2,10,11,45,404,46,6,27.200000000000003,67.29
2020,2,10,12,0,883,920,5.9,27.200000000000003,67.29
2020,2,10,12,15,521,115,5.9,27.3,66.83
2020,2,10,12,30,508,101,5.9,27.3,66.83
2020,2,10,12,45,900,924,5.9,27.3,66.33
2020,2,10,13,0,897,925,5.800000000000001,27.3,66.33
2020,2,10,13,15,460,72,5.800000000000001,27.3,66.27
2020,2,10,13,30,873,919,5.800000000000001,27.3,66.27
2020,2,10,13,45,857,920,5.7,27.200000000000003,66.41
2020,2,10,14,0,833,914,5.7,27.200000000000003,66.41
2020,2,10,14,15,805,907,5.7,27.200000000000003,66.41
2020,2,10,14,30,773,897,5.6000000000000005,27.1,66.8
2020,2,10,14,45,735,881,5.6000000000000005,27,67.38
2020,2,10,15,0,694,868,5.5,27,67.38
2020,2,10,15,15,650,852,5.5,26.900000000000002,67.77
2020,2,10,15,30,602,834,5.4,26.8,68.17
2020,2,10,15,45,550,805,5.4,26.700000000000003,69.17
2020,2,10,16,0,496,779,5.300000000000001,26.6,69.57000000000001
2020,2,10,16,15,440,749,5.300000000000001,26.400000000000002,70.47
2020,2,10,16,30,383,712,5.2,26.200000000000003,71.3
2020,2,10,16,45,322,656,5.1000000000000005,26,73.19
2020,2,10,17,0,263,600,5,25.900000000000002,73.62
2020,2,10,17,15,203,531,4.9,25.700000000000003,74.49
2020,2,10,17,30,146,442,4.7,25.6,74.93
2020,2,10,17,45,91,315,4.6000000000000005,25.400000000000002,77.42
2020,2,10,18,0,45,167,4.5,25.200000000000003,78.43
2020,2,10,18,15,12,24,4.4,25.200000000000003,78.43
2020,2,10,18,30,0,0,4.4,25.1,78.89
2020,2,10,18,45,0,0,4.4,25,80.41
2020,2,10,19,0,0,0,4.3,25,80.41
2020,2,10,19,15,0,0,4.3,25,80.41
2020,2,10,19,30,0,0,4.3,25,80.41
2020,2,10,19,45,0,0,4.3,25,80.41
2020,2,10,20,0,0,0,4.3,24.700000000000003,82.75
2020,2,10,20,15,0,0,4.3,24.6,83.25
2020,2,10,20,30,0,0,4.3,24.6,83.25
2020,2,10,20,45,0,0,4.3,24.5,83.94
2020,2,10,21,0,0,0,4.3,24.5,83.94
2020,2,10,21,15,0,0,4.3,24.400000000000002,84.44
2020,2,10,21,30,0,0,4.4,24.400000000000002,84.44
2020,2,10,21,45,0,0,4.4,24.400000000000002,84.29
2020,2,10,22,0,0,0,4.4,24.3,84.79
2020,2,10,22,15,0,0,4.4,24.3,84.79
2020,2,10,22,30,0,0,4.4,24.3,84.79
2020,2,10,22,45,0,0,4.4,24.3,84.8
2020,2,10,23,0,0,0,4.4,24.3,84.8
2020,2,10,23,15,0,0,4.4,24.3,84.8
2020,2,10,23,30,0,0,4.4,24.200000000000003,85.31
2020,2,10,23,45,0,0,4.4,24.200000000000003,84.76
2020,2,11,0,0,0,0,4.4,24.200000000000003,84.76
2020,2,11,0,15,0,0,4.4,24.200000000000003,84.76
2020,2,11,0,30,0,0,4.4,24.1,85.19
2020,2,11,0,45,0,0,4.4,24.1,84.43
2020,2,11,1,0,0,0,4.4,24.1,84.43
2020,2,11,1,15,0,0,4.4,24,84.94
2020,2,11,1,30,0,0,4.4,24,84.94
2020,2,11,1,45,0,0,4.4,24,84.69
2020,2,11,2,0,0,0,4.4,23.900000000000002,85.2
2020,2,11,2,15,0,0,4.4,23.900000000000002,85.2
2020,2,11,2,30,0,0,4.4,23.8,85.62
2020,2,11,2,45,0,0,4.4,23.8,85.48
2020,2,11,3,0,0,0,4.3,23.700000000000003,86
2020,2,11,3,15,0,0,4.4,23.700000000000003,86
2020,2,11,3,30,0,0,4.4,23.700000000000003,86
2020,2,11,3,45,0,0,4.4,23.700000000000003,85.38
2020,2,11,4,0,0,0,4.4,23.700000000000003,85.38
2020,2,11,4,15,0,0,4.5,23.700000000000003,85.38
2020,2,11,4,30,0,0,4.5,23.700000000000003,85.38
2020,2,11,4,45,0,0,4.5,23.700000000000003,84.78
2020,2,11,5,0,0,0,4.6000000000000005,23.700000000000003,84.78
2020,2,11,5,15,0,0,4.6000000000000005,23.700000000000003,84.78
2020,2,11,5,30,0,0,4.6000000000000005,23.700000000000003,84.87
2020,2,11,5,45,0,0,4.6000000000000005,23.700000000000003,85.23
2020,2,11,6,0,0,0,4.6000000000000005,23.700000000000003,85.23
2020,2,11,6,15,0,0,4.7,23.900000000000002,84.21000000000001
2020,2,11,6,30,0,0,4.800000000000001,24,83.71000000000001
2020,2,11,6,45,0,0,5,24.200000000000003,83.26
2020,2,11,7,0,10,21,5.1000000000000005,24.3,82.76
2020,2,11,7,15,42,160,5.2,24.5,81.86
2020,2,11,7,30,88,305,5.4,24.700000000000003,80.89
2020,2,11,7,45,140,418,5.6000000000000005,24.900000000000002,78.25
2020,2,11,8,0,197,507,5.800000000000001,25,77.79
2020,2,11,8,15,256,578,5.9,25.200000000000003,76.87
2020,2,11,8,30,104,0,5.9,25.400000000000002,75.96000000000001
2020,2,11,8,45,373,669,6,25.6,72.82000000000001
2020,2,11,9,0,431,708,6.1000000000000005,25.8,72.04
2020,2,11,9,15,21,0,6.1000000000000005,25.900000000000002,71.61
2020,2,11,9,30,276,63,6.1000000000000005,26.1,70.78
2020,2,11,9,45,588,774,6.1000000000000005,26.200000000000003,69.57000000000001
2020,2,11,10,0,636,795,6.1000000000000005,26.400000000000002,68.76
2020,2,11,10,15,293,31,6.1000000000000005,26.5,68.35000000000001
2020,2,11,10,30,330,41,6.1000000000000005,26.5,68.35000000000001
2020,2,11,10,45,298,23,6.1000000000000005,26.6,67.93
2020,2,11,11,0,392,58,6.1000000000000005,26.700000000000003,67.53
2020,2,11,11,15,818,851,6.1000000000000005,26.8,67.07000000000001
2020,2,11,11,30,842,858,6.1000000000000005,26.8,67.07000000000001
2020,2,11,11,45,861,861,6.1000000000000005,26.8,67.3
2020,2,11,12,0,398,40,6.1000000000000005,26.900000000000002,66.9
2020,2,11,12,15,170,4,6.1000000000000005,26.900000000000002,66.9
2020,2,11,12,30,399,39,6.1000000000000005,26.900000000000002,66.84
2020,2,11,12,45,888,864,6.1000000000000005,26.900000000000002,66.9
2020,2,11,13,0,333,22,6,26.900000000000002,66.9
2020,2,11,13,15,496,96,6,26.8,67.29
2020,2,11,13,30,231,10,6,26.8,67.23
2020,2,11,13,45,225,9,5.9,26.8,67.28
2020,2,11,14,0,471,104,5.9,26.8,67.28
2020,2,11,14,15,780,795,5.9,26.700000000000003,67.68
2020,2,11,14,30,748,783,5.800000000000001,26.700000000000003,67.68
2020,2,11,14,45,711,770,5.800000000000001,26.6,68.29
2020,2,11,15,0,671,754,5.800000000000001,26.6,68.22
2020,2,11,15,15,627,736,5.7,26.5,68.62
2020,2,11,15,30,580,714,5.7,26.400000000000002,69.03
2020,2,11,15,45,529,684,5.7,26.3,70
2020,2,11,16,0,476,653,5.6000000000000005,26.200000000000003,70.41
2020,2,11,16,15,421,618,5.6000000000000005,26.1,70.9
2020,2,11,16,30,364,576,5.5,25.900000000000002,71.74
2020,2,11,16,45,306,526,5.4,25.8,73.06
2020,2,11,17,0,248,466,5.4,25.6,73.92
2020,2,11,17,15,191,395,5.2,25.400000000000002,74.8
2020,2,11,17,30,136,307,5.1000000000000005,25.3,75.25
2020,2,11,17,45,84,204,5,25.1,78.02
2020,2,11,18,0,40,90,4.9,24.900000000000002,78.95
2020,2,11,18,15,9,8,4.9,24.900000000000002,78.95
2020,2,11,18,30,0,0,4.9,24.8,79.51
2020,2,11,18,45,0,0,4.9,24.8,80.79
2020,2,11,19,0,0,0,4.9,24.8,80.79
2020,2,11,19,15,0,0,4.9,24.8,80.79
2020,2,11,19,30,0,0,4.9,24.8,80.79
2020,2,11,19,45,0,0,4.9,24.8,80.79
2020,2,11,20,0,0,0,5,24.6,82.32000000000001
2020,2,11,20,15,0,0,5,24.6,82.4
2020,2,11,20,30,0,0,5,24.5,82.89
2020,2,11,20,45,0,0,5,24.5,83.24
2020,2,11,21,0,0,0,5,24.5,83.24
2020,2,11,21,15,0,0,5,24.400000000000002,83.74
2020,2,11,21,30,0,0,5,24.400000000000002,83.74
2020,2,11,21,45,0,0,5,24.400000000000002,84.06
2020,2,11,22,0,0,0,5,24.3,84.56
2020,2,11,22,15,0,0,4.9,24.3,84.56
2020,2,11,22,30,0,0,4.9,24.3,84.56
2020,2,11,22,45,0,0,4.9,24.200000000000003,85.56
2020,2,11,23,0,0,0,4.9,24.200000000000003,85.56
2020,2,11,23,15,0,0,4.800000000000001,24.200000000000003,85.56
2020,2,11,23,30,0,0,4.800000000000001,24.1,86.07000000000001
2020,2,11,23,45,0,0,4.800000000000001,24.1,86.46000000000001
2020,2,12,0,0,0,0,4.800000000000001,24.1,86.46000000000001
2020,2,12,0,15,0,0,4.7,24,86.98
2020,2,12,0,30,0,0,4.7,24,86.98
2020,2,12,0,45,0,0,4.7,23.900000000000002,87.89
2020,2,12,1,0,0,0,4.7,23.900000000000002,87.89
2020,2,12,1,15,0,0,4.7,23.900000000000002,87.89
2020,2,12,1,30,0,0,4.7,23.900000000000002,87.89
2020,2,12,1,45,0,0,4.7,23.8,88.99
2020,2,12,2,0,0,0,4.7,23.8,88.99
2020,2,12,2,15,0,0,4.7,23.8,88.99
2020,2,12,2,30,0,0,4.7,23.8,88.99
2020,2,12,2,45,0,0,4.7,23.700000000000003,89.9
2020,2,12,3,0,0,0,4.7,23.700000000000003,89.9
2020,2,12,3,15,0,0,4.7,23.700000000000003,89.9
2020,2,12,3,30,0,0,4.7,23.700000000000003,89.9
2020,2,12,3,45,0,0,4.7,23.6,90.63
2020,2,12,4,0,0,0,4.7,23.6,90.63
2020,2,12,4,15,0,0,4.6000000000000005,23.6,90.63
2020,2,12,4,30,0,0,4.6000000000000005,23.5,91.18
2020,2,12,4,45,0,0,4.6000000000000005,23.5,90.84
2020,2,12,5,0,0,0,4.6000000000000005,23.400000000000002,91.39
2020,2,12,5,15,0,0,4.6000000000000005,23.400000000000002,91.39
2020,2,12,5,30,0,0,4.6000000000000005,23.400000000000002,91.39
2020,2,12,5,45,0,0,4.6000000000000005,23.400000000000002,91.29
2020,2,12,6,0,0,0,4.6000000000000005,23.400000000000002,91.29
2020,2,12,6,15,0,0,4.6000000000000005,23.5,90.74
2020,2,12,6,30,0,0,4.7,23.6,90.29
2020,2,12,6,45,0,0,4.800000000000001,23.8,90.22
2020,2,12,7,0,12,50,4.800000000000001,23.900000000000002,89.68
2020,2,12,7,15,45,220,5,24.1,88.62
2020,2,12,7,30,92,367,5.1000000000000005,24.200000000000003,88.09
2020,2,12,7,45,145,476,5.2,24.400000000000002,86.33
2020,2,12,8,0,203,561,5.300000000000001,24.6,85.31
2020,2,12,8,15,262,627,5.4,24.8,84.38
2020,2,12,8,30,321,679,5.5,25,83.39
2020,2,12,8,45,378,710,5.6000000000000005,25.200000000000003,80.33
2020,2,12,9,0,435,746,5.7,25.5,78.91
2020,2,12,9,15,186,11,5.800000000000001,25.6,78.45
2020,2,12,9,30,155,0,5.800000000000001,25.8,77.53
2020,2,12,9,45,593,818,5.9,26,75.16
2020,2,12,10,0,640,837,6,26.200000000000003,74.28
2020,2,12,10,15,685,852,6,26.3,73.84
2020,2,12,10,30,725,866,6,26.3,73.84
2020,2,12,10,45,757,853,6,26.400000000000002,72.99
2020,2,12,11,0,486,136,6,26.5,72.56
2020,2,12,11,15,818,871,6,26.5,72.56
2020,2,12,11,30,459,82,6,26.6,72.06
2020,2,12,11,45,862,887,6,26.6,72.05
2020,2,12,12,0,877,891,6,26.700000000000003,71.62
2020,2,12,12,15,886,894,6,26.700000000000003,71.62
2020,2,12,12,30,891,895,6,26.700000000000003,71.62
2020,2,12,12,45,892,896,6,26.700000000000003,71.62
2020,2,12,13,0,887,894,6,26.700000000000003,71.62
2020,2,12,13,15,878,892,6,26.700000000000003,71.62
2020,2,12,13,30,863,888,5.9,26.6,72.04
2020,2,12,13,45,841,868,5.9,26.6,72.2
2020,2,12,14,0,390,47,5.9,26.6,72.2
2020,2,12,14,15,789,853,5.9,26.5,72.63
2020,2,12,14,30,759,845,5.9,26.400000000000002,73.05
2020,2,12,14,45,723,836,5.800000000000001,26.400000000000002,73.45
2020,2,12,15,0,446,171,5.800000000000001,26.3,73.89
2020,2,12,15,15,639,805,5.800000000000001,26.200000000000003,74.32000000000001
2020,2,12,15,30,591,786,5.800000000000001,26.1,74.76
2020,2,12,15,45,269,53,5.7,26,75.66
2020,2,12,16,0,488,732,5.7,25.900000000000002,76.10000000000001
2020,2,12,16,15,432,700,5.6000000000000005,25.700000000000003,77.01
2020,2,12,16,30,195,56,5.5,25.6,77.46000000000001
2020,2,12,16,45,19,0,5.4,25.400000000000002,79.25
2020,2,12,17,0,259,558,5.300000000000001,25.3,79.72
2020,2,12,17,15,200,488,5.2,25.1,80.67
2020,2,12,17,30,144,400,5.1000000000000005,24.900000000000002,81.63
2020,2,12,17,45,91,284,4.9,24.8,83.92
2020,2,12,18,0,45,148,4.800000000000001,24.6,84.92
2020,2,12,18,15,13,22,4.800000000000001,24.5,85.43
2020,2,12,18,30,0,0,4.7,24.400000000000002,85.94
2020,2,12,18,45,0,0,4.7,24.400000000000002,87.06
2020,2,12,19,0,0,0,4.7,24.3,87.58
2020,2,12,19,15,0,0,4.7,24.3,87.58
2020,2,12,19,30,0,0,4.7,24.3,87.58
2020,2,12,19,45,0,0,4.7,24.3,87.58
2020,2,12,20,0,0,0,4.800000000000001,24.1,89.08
2020,2,12,20,15,0,0,4.800000000000001,24.1,89.08
2020,2,12,20,30,0,0,4.800000000000001,24,89.61
2020,2,12,20,45,0,0,4.800000000000001,24,89.59
2020,2,12,21,0,0,0,4.9,24,89.59
2020,2,12,21,15,0,0,4.9,23.900000000000002,90.13
2020,2,12,21,30,0,0,4.9,23.900000000000002,90.13
2020,2,12,21,45,0,0,4.9,23.900000000000002,89.91
2020,2,12,22,0,0,0,4.9,23.8,90.45
2020,2,12,22,15,0,0,5,23.8,90.45
2020,2,12,22,30,0,0,5,23.8,90.45
2020,2,12,22,45,0,0,5,23.8,90.16
2020,2,12,23,0,0,0,5,23.700000000000003,90.71000000000001
2020,2,12,23,15,0,0,5,23.700000000000003,90.71000000000001
2020,2,12,23,30,0,0,5,23.700000000000003,90.71000000000001
2020,2,12,23,45,0,0,5,23.700000000000003,90.16
2020,2,13,0,0,0,0,5,23.700000000000003,90.16
2020,2,13,0,15,0,0,5,23.6,90.7
2020,2,13,0,30,0,0,5,23.6,90.61
2020,2,13,0,45,0,0,5,23.6,89.74
2020,2,13,1,0,0,0,5,23.6,89.74
2020,2,13,1,15,0,0,5,23.6,89.74
2020,2,13,1,30,0,0,5,23.6,89.74
2020,2,13,1,45,0,0,4.9,23.6,88.87
2020,2,13,2,0,0,0,4.9,23.6,88.87
2020,2,13,2,15,0,0,4.9,23.6,88.78
2020,2,13,2,30,0,0,4.9,23.6,88.78
2020,2,13,2,45,0,0,4.9,23.6,87.3
2020,2,13,3,0,0,0,4.9,23.6,87.3
2020,2,13,3,15,0,0,4.9,23.6,87.3
2020,2,13,3,30,0,0,4.9,23.6,87.3
2020,2,13,3,45,0,0,4.9,23.6,85.34
2020,2,13,4,0,0,0,4.9,23.6,85.34
2020,2,13,4,15,0,0,4.9,23.6,85.34
2020,2,13,4,30,0,0,4.9,23.6,85.34
2020,2,13,4,45,0,0,5,23.6,83.66
2020,2,13,5,0,0,0,5,23.6,83.66
2020,2,13,5,15,0,0,5,23.6,83.66
2020,2,13,5,30,0,0,5.1000000000000005,23.6,83.66
2020,2,13,5,45,0,0,5.1000000000000005,23.6,82.5
2020,2,13,6,0,0,0,5.1000000000000005,23.6,82.5
2020,2,13,6,15,0,0,5.2,23.8,81.52
2020,2,13,6,30,0,0,5.300000000000001,23.900000000000002,81.03
2020,2,13,6,45,0,0,5.4,24,80.15
2020,2,13,7,0,13,27,5.5,24.200000000000003,79.19
2020,2,13,7,15,46,174,5.7,24.400000000000002,78.25
2020,2,13,7,30,93,320,5.9,24.6,77.4
2020,2,13,7,45,148,442,6.1000000000000005,24.8,73.36
2020,2,13,8,0,206,532,6.300000000000001,25,72.49
2020,2,13,8,15,266,601,6.4,25.200000000000003,71.64
2020,2,13,8,30,327,657,6.6000000000000005,25.400000000000002,70.8
2020,2,13,8,45,387,706,6.7,25.6,66.79
2020,2,13,9,0,445,743,6.800000000000001,25.8,66.01
2020,2,13,9,15,502,774,6.800000000000001,26,65.24
2020,2,13,9,30,228,24,6.9,26.1,64.85
2020,2,13,9,45,610,836,6.9,26.3,63.35
2020,2,13,10,0,659,854,6.9,26.400000000000002,62.980000000000004
2020,2,13,10,15,704,870,6.9,26.5,62.61
2020,2,13,10,30,745,883,6.9,26.5,62.61
2020,2,13,10,45,789,923,6.9,26.6,62.730000000000004
2020,2,13,11,0,822,932,6.9,26.700000000000003,62.36
2020,2,13,11,15,851,939,6.9,26.700000000000003,62.36
2020,2,13,11,30,873,943,6.9,26.700000000000003,62.36
2020,2,13,11,45,892,943,6.800000000000001,26.8,63.21
2020,2,13,12,0,907,946,6.800000000000001,26.8,63.21
2020,2,13,12,15,917,949,6.7,26.8,63.21
2020,2,13,12,30,922,950,6.7,26.8,63.21
2020,2,13,12,45,921,946,6.6000000000000005,26.8,64.85
2020,2,13,13,0,917,945,6.6000000000000005,26.8,64.85
2020,2,13,13,15,905,941,6.5,26.700000000000003,65.23
2020,2,13,13,30,891,937,6.5,26.700000000000003,65.23
2020,2,13,13,45,869,923,6.4,26.700000000000003,66.5
2020,2,13,14,0,845,917,6.300000000000001,26.6,66.83
2020,2,13,14,15,817,909,6.300000000000001,26.6,66.83
2020,2,13,14,30,784,900,6.2,26.5,67.22
2020,2,13,14,45,746,884,6.1000000000000005,26.400000000000002,68.34
2020,2,13,15,0,705,871,6,26.400000000000002,68.34
2020,2,13,15,15,659,853,6,26.3,68.74
2020,2,13,15,30,611,835,5.9,26.200000000000003,69.14
2020,2,13,15,45,559,812,5.9,26.1,70.31
2020,2,13,16,0,505,787,5.800000000000001,26,70.73
2020,2,13,16,15,449,757,5.7,25.8,71.57000000000001
2020,2,13,16,30,391,721,5.6000000000000005,25.6,72.42
2020,2,13,16,45,332,685,5.5,25.5,73.91
2020,2,13,17,0,272,632,5.5,25.3,74.79
2020,2,13,17,15,212,566,5.300000000000001,25.1,75.68
2020,2,13,17,30,154,481,5.2,25,76.21000000000001
2020,2,13,17,45,98,369,5,24.8,79.11
2020,2,13,18,0,50,222,4.9,24.6,80.06
2020,2,13,18,15,15,52,4.800000000000001,24.5,80.54
2020,2,13,18,30,0,0,4.7,24.5,80.54
2020,2,13,18,45,0,0,4.7,24.400000000000002,83.17
2020,2,13,19,0,0,0,4.6000000000000005,24.3,83.75
2020,2,13,19,15,0,0,4.6000000000000005,24.3,83.75
2020,2,13,19,30,0,0,4.6000000000000005,24.3,83.75
2020,2,13,19,45,0,0,4.6000000000000005,24.3,83.75
2020,2,13,20,0,0,0,4.7,24.200000000000003,85.4
2020,2,13,20,15,0,0,4.7,24.1,85.92
2020,2,13,20,30,0,0,4.7,24.1,86
2020,2,13,20,45,0,0,4.800000000000001,24.1,86.83
2020,2,13,21,0,0,0,4.800000000000001,24,87.35000000000001
2020,2,13,21,15,0,0,4.800000000000001,24,87.35000000000001
2020,2,13,21,30,0,0,4.800000000000001,24,87.35000000000001
2020,2,13,21,45,0,0,4.7,23.900000000000002,87.78
2020,2,13,22,0,0,0,4.7,23.900000000000002,87.78
2020,2,13,22,15,0,0,4.7,23.8,88.31
2020,2,13,22,30,0,0,4.7,23.8,88.31
2020,2,13,22,45,0,0,4.6000000000000005,23.700000000000003,88.42
2020,2,13,23,0,0,0,4.6000000000000005,23.700000000000003,88.42
2020,2,13,23,15,0,0,4.5,23.700000000000003,88.42
2020,2,13,23,30,0,0,4.5,23.6,88.96000000000001
2020,2,13,23,45,0,0,4.5,23.6,88.62
2020,2,14,0,0,0,0,4.4,23.6,88.62
2020,2,14,0,15,0,0,4.4,23.5,89.07000000000001
2020,2,14,0,30,0,0,4.4,23.5,89.07000000000001
2020,2,14,0,45,0,0,4.4,23.5,88.88
2020,2,14,1,0,0,0,4.4,23.400000000000002,89.42
2020,2,14,1,15,0,0,4.4,23.400000000000002,89.42
2020,2,14,1,30,0,0,4.3,23.400000000000002,89.42
2020,2,14,1,45,0,0,4.3,23.3,89.66
2020,2,14,2,0,0,0,4.3,23.3,89.66
2020,2,14,2,15,0,0,4.3,23.3,89.66
2020,2,14,2,30,0,0,4.3,23.200000000000003,90.21000000000001
2020,2,14,2,45,0,0,4.3,23.200000000000003,89.78
2020,2,14,3,0,0,0,4.3,23.200000000000003,89.78
2020,2,14,3,15,0,0,4.2,23.1,90.32000000000001
2020,2,14,3,30,0,0,4.2,23.1,90.32000000000001
2020,2,14,3,45,0,0,4.2,23,90.71000000000001
2020,2,14,4,0,0,0,4.2,23,90.71000000000001
2020,2,14,4,15,0,0,4.2,23,90.71000000000001
2020,2,14,4,30,0,0,4.2,23,90.71000000000001
2020,2,14,4,45,0,0,4.2,22.900000000000002,91.28
2020,2,14,5,0,0,0,4.2,22.900000000000002,91.28
2020,2,14,5,15,0,0,4.2,22.900000000000002,91.28
2020,2,14,5,30,0,0,4.2,22.900000000000002,91.28
2020,2,14,5,45,0,0,4.2,22.900000000000002,91.5
2020,2,14,6,0,0,0,4.3,22.900000000000002,91.5
2020,2,14,6,15,0,0,4.3,23.1,90.4
2020,2,14,6,30,0,0,4.4,23.200000000000003,89.86
2020,2,14,6,45,0,0,4.5,23.400000000000002,90.60000000000001
2020,2,14,7,0,15,116,4.6000000000000005,23.6,89.51
2020,2,14,7,15,52,314,4.7,23.8,88.45
2020,2,14,7,30,101,459,4.800000000000001,23.900000000000002,88.01
2020,2,14,7,45,157,561,5,24.1,85.83
2020,2,14,8,0,216,640,5.1000000000000005,24.3,84.81
2020,2,14,8,15,277,700,5.1000000000000005,24.6,83.31
2020,2,14,8,30,336,745,5.2,24.8,82.32000000000001
2020,2,14,8,45,394,771,5.300000000000001,25,78.9
2020,2,14,9,0,452,804,5.300000000000001,25.200000000000003,77.97
2020,2,14,9,15,508,831,5.4,25.400000000000002,77.06
2020,2,14,9,30,225,22,5.4,25.6,76.15
2020,2,14,9,45,611,862,5.4,25.8,74.02
2020,2,14,10,0,659,879,5.4,26,73.15
2020,2,14,10,15,702,891,5.4,26.1,72.72
2020,2,14,10,30,743,904,5.300000000000001,26.200000000000003,72.29
2020,2,14,10,45,773,886,5.300000000000001,26.3,72
2020,2,14,11,0,806,895,5.300000000000001,26.5,71.16
2020,2,14,11,15,833,901,5.300000000000001,26.5,71.09
2020,2,14,11,30,857,908,5.300000000000001,26.5,71.09
2020,2,14,11,45,874,907,5.300000000000001,26.6,71.08
2020,2,14,12,0,888,910,5.300000000000001,26.6,71.08
2020,2,14,12,15,897,911,5.300000000000001,26.6,71.08
2020,2,14,12,30,902,913,5.300000000000001,26.6,71.01
2020,2,14,12,45,899,907,5.2,26.6,71.45
2020,2,14,13,0,893,904,5.2,26.6,71.45
2020,2,14,13,15,884,902,5.2,26.6,71.45
2020,2,14,13,30,868,897,5.2,26.5,71.87
2020,2,14,13,45,847,883,5.2,26.5,72.77
2020,2,14,14,0,823,875,5.2,26.400000000000002,73.12
2020,2,14,14,15,795,868,5.2,26.400000000000002,73.12
2020,2,14,14,30,761,857,5.2,26.3,73.55
2020,2,14,14,45,723,833,5.300000000000001,26.3,74.36
2020,2,14,15,0,682,819,5.300000000000001,26.200000000000003,74.8
2020,2,14,15,15,639,803,5.300000000000001,26.1,75.24
2020,2,14,15,30,591,782,5.300000000000001,26,75.68
2020,2,14,15,45,539,750,5.300000000000001,25.8,77.74
2020,2,14,16,0,486,723,5.2,25.700000000000003,78.2
2020,2,14,16,15,432,691,5.2,25.5,79.13
2020,2,14,16,30,375,653,5.1000000000000005,25.3,80.07000000000001
2020,2,14,16,45,317,602,5,25.1,82.65
2020,2,14,17,0,258,546,4.9,24.900000000000002,83.64
2020,2,14,17,15,201,476,4.800000000000001,24.8,84.14
2020,2,14,17,30,144,389,4.7,24.6,85.23
2020,2,14,17,45,92,284,4.6000000000000005,24.5,87.36
2020,2,14,18,0,47,149,4.5,24.3,88.41
2020,2,14,18,15,14,22,4.5,24.3,88.41
2020,2,14,18,30,0,0,4.5,24.200000000000003,88.94
2020,2,14,18,45,0,0,4.5,24.200000000000003,89.7
2020,2,14,19,0,0,0,4.4,24.1,90.24
2020,2,14,19,15,0,0,4.4,24.1,90.24
2020,2,14,19,30,0,0,4.4,24.1,90.24
2020,2,14,19,45,0,0,4.4,24.1,90.24
2020,2,14,20,0,0,0,4.5,24,91.33
2020,2,14,20,15,0,0,4.5,23.900000000000002,91.88
2020,2,14,20,30,0,0,4.5,23.900000000000002,91.88
2020,2,14,20,45,0,0,4.5,23.8,92.58
2020,2,14,21,0,0,0,4.5,23.8,92.58
2020,2,14,21,15,0,0,4.5,23.700000000000003,93.14
2020,2,14,21,30,0,0,4.5,23.700000000000003,93.14
2020,2,14,21,45,0,0,4.5,23.6,93.57000000000001
2020,2,14,22,0,0,0,4.5,23.6,93.57000000000001
2020,2,14,22,15,0,0,4.5,23.6,93.57000000000001
2020,2,14,22,30,0,0,4.5,23.5,94.13
2020,2,14,22,45,0,0,4.5,23.5,93.69
2020,2,14,23,0,0,0,4.5,23.5,93.69
2020,2,14,23,15,0,0,4.5,23.400000000000002,94.25
2020,2,14,23,30,0,0,4.4,23.400000000000002,94.25
2020,2,14,23,45,0,0,4.4,23.400000000000002,93.58
2020,2,15,0,0,0,0,4.4,23.400000000000002,93.58
2020,2,15,0,15,0,0,4.3,23.3,94.15
2020,2,15,0,30,0,0,4.2,23.3,94.15
2020,2,15,0,45,0,0,4.2,23.200000000000003,94.09
2020,2,15,1,0,0,0,4.1000000000000005,23.200000000000003,94.09
2020,2,15,1,15,0,0,4.1000000000000005,23.200000000000003,93.99
2020,2,15,1,30,0,0,4,23.1,94.56
2020,2,15,1,45,0,0,4,23.1,93.99
2020,2,15,2,0,0,0,3.9000000000000004,23.1,93.99
2020,2,15,2,15,0,0,3.9000000000000004,23,94.56
2020,2,15,2,30,0,0,3.9000000000000004,23,94.56
2020,2,15,2,45,0,0,3.8000000000000003,23,94.11
2020,2,15,3,0,0,0,3.8000000000000003,23,94.11
2020,2,15,3,15,0,0,3.8000000000000003,23,94.11
2020,2,15,3,30,0,0,3.7,23,94.11
2020,2,15,3,45,0,0,3.7,23,93.74
2020,2,15,4,0,0,0,3.7,23,93.74
2020,2,15,4,15,0,0,3.6,23,93.74
2020,2,15,4,30,0,0,3.6,23,93.74
2020,2,15,4,45,0,0,3.6,23,93.65
2020,2,15,5,0,0,0,3.6,23,93.65
2020,2,15,5,15,0,0,3.6,23,93.65
2020,2,15,5,30,0,0,3.6,23.1,93.09
2020,2,15,5,45,0,0,3.5,23.1,93.18
2020,2,15,6,0,0,0,3.5,23.1,93.27
2020,2,15,6,15,0,0,3.6,23.3,92.15
2020,2,15,6,30,0,0,3.7,23.400000000000002,91.60000000000001
2020,2,15,6,45,0,0,3.8000000000000003,23.6,92.7
2020,2,15,7,0,15,80,3.8000000000000003,23.8,91.60000000000001
2020,2,15,7,15,50,263,3.9000000000000004,23.900000000000002,91.05
2020,2,15,7,30,99,409,4,24.1,89.97
2020,2,15,7,45,154,524,4.1000000000000005,24.200000000000003,88.95
2020,2,15,8,0,213,604,4.2,24.400000000000002,87.89
2020,2,15,8,15,272,666,4.3,24.6,86.94
2020,2,15,8,30,332,715,4.4,24.8,85.91
2020,2,15,8,45,390,753,4.5,25,83.10000000000001
2020,2,15,9,0,447,786,4.6000000000000005,25.200000000000003,82.12
2020,2,15,9,15,503,813,4.6000000000000005,25.400000000000002,81.16
2020,2,15,9,30,556,836,4.7,25.6,80.2
2020,2,15,9,45,608,858,4.800000000000001,25.700000000000003,78.45
2020,2,15,10,0,655,874,4.800000000000001,25.900000000000002,77.53
2020,2,15,10,15,699,888,4.800000000000001,26,77.07000000000001
2020,2,15,10,30,740,900,4.9,26.1,76.62
2020,2,15,10,45,777,910,4.9,26.200000000000003,75.56
2020,2,15,11,0,809,918,4.9,26.3,75.12
2020,2,15,11,15,837,925,4.9,26.3,75.12
2020,2,15,11,30,861,931,4.9,26.400000000000002,74.68
2020,2,15,11,45,880,934,5,26.400000000000002,74.62
2020,2,15,12,0,895,937,5,26.5,74.11
2020,2,15,12,15,905,939,5,26.5,74.11
2020,2,15,12,30,910,940,5,26.5,74.11
2020,2,15,12,45,910,939,5,26.5,73.92
2020,2,15,13,0,905,938,5,26.6,73.49
2020,2,15,13,15,895,936,4.9,26.5,73.85000000000001
2020,2,15,13,30,881,933,4.9,26.5,73.85000000000001
2020,2,15,13,45,860,918,4.9,26.5,73.72
2020,2,15,14,0,836,912,4.9,26.400000000000002,74.15
2020,2,15,14,15,808,905,4.9,26.400000000000002,74.15
2020,2,15,14,30,776,896,4.9,26.3,74.59
2020,2,15,14,45,740,884,4.9,26.3,74.53
2020,2,15,15,0,699,872,4.9,26.200000000000003,74.97
2020,2,15,15,15,656,858,4.800000000000001,26.1,75.42
2020,2,15,15,30,608,840,4.800000000000001,26,75.86
2020,2,15,15,45,557,818,4.800000000000001,25.900000000000002,76.44
2020,2,15,16,0,504,794,4.800000000000001,25.900000000000002,76.52
2020,2,15,16,15,448,765,4.7,25.700000000000003,77.43
2020,2,15,16,30,391,731,4.6000000000000005,25.5,78.35000000000001
2020,2,15,16,45,333,694,4.6000000000000005,25.400000000000002,79.88
2020,2,15,17,0,273,644,4.5,25.200000000000003,80.84
2020,2,15,17,15,214,580,4.4,25,81.8
2020,2,15,17,30,156,499,4.2,24.8,82.78
2020,2,15,17,45,101,393,4.1000000000000005,24.5,86.82000000000001
2020,2,15,18,0,52,250,4,24.3,87.86
2020,2,15,18,15,17,75,4,24.200000000000003,88.38
2020,2,15,18,30,0,0,4,24.200000000000003,88.47
2020,2,15,18,45,0,0,4,24.1,90.74
2020,2,15,19,0,0,0,4,24,91.28
2020,2,15,19,15,0,0,4,24,91.28
2020,2,15,19,30,0,0,4,24,91.28
2020,2,15,19,45,0,0,4,24,91.28
2020,2,15,20,0,0,0,4.1000000000000005,23.900000000000002,92.84
2020,2,15,20,15,0,0,4.1000000000000005,23.8,93.4
2020,2,15,20,30,0,0,4.1000000000000005,23.8,93.49
2020,2,15,20,45,0,0,4.1000000000000005,23.8,94.11
2020,2,15,21,0,0,0,4.1000000000000005,23.8,94.11
2020,2,15,21,15,0,0,4.1000000000000005,23.700000000000003,94.67
2020,2,15,21,30,0,0,4.1000000000000005,23.700000000000003,94.67
2020,2,15,21,45,0,0,4.1000000000000005,23.700000000000003,95.07000000000001
2020,2,15,22,0,0,0,4.1000000000000005,23.700000000000003,95.07000000000001
2020,2,15,22,15,0,0,4.1000000000000005,23.700000000000003,94.97
2020,2,15,22,30,0,0,4.1000000000000005,23.700000000000003,94.97
2020,2,15,22,45,0,0,4.1000000000000005,23.700000000000003,95.23
2020,2,15,23,0,0,0,4.1000000000000005,23.6,95.8
2020,2,15,23,15,0,0,4.1000000000000005,23.700000000000003,95.23
2020,2,15,23,30,0,0,4.1000000000000005,23.700000000000003,95.23
2020,2,15,23,45,0,0,4.1000000000000005,23.700000000000003,95.36
2020,2,16,0,0,0,0,4.1000000000000005,23.700000000000003,95.36
2020,2,16,0,15,0,0,4.1000000000000005,23.700000000000003,95.36
2020,2,16,0,30,0,0,4.1000000000000005,23.700000000000003,95.26
2020,2,16,0,45,0,0,4.1000000000000005,23.700000000000003,95.17
2020,2,16,1,0,0,0,4.1000000000000005,23.700000000000003,95.17
2020,2,16,1,15,0,0,4.1000000000000005,23.700000000000003,95.17
2020,2,16,1,30,0,0,4.1000000000000005,23.700000000000003,95.17
2020,2,16,1,45,0,0,4.1000000000000005,23.700000000000003,94.92
2020,2,16,2,0,0,0,4.1000000000000005,23.6,95.49
2020,2,16,2,15,0,0,4.1000000000000005,23.6,95.49
2020,2,16,2,30,0,0,4.1000000000000005,23.6,95.49
2020,2,16,2,45,0,0,4.1000000000000005,23.6,95.14
2020,2,16,3,0,0,0,4.2,23.6,95.14
2020,2,16,3,15,0,0,4.2,23.6,95.14
2020,2,16,3,30,0,0,4.2,23.6,95.14
2020,2,16,3,45,0,0,4.2,23.6,94.71000000000001
2020,2,16,4,0,0,0,4.2,23.6,94.71000000000001
2020,2,16,4,15,0,0,4.3,23.6,94.8
2020,2,16,4,30,0,0,4.3,23.6,94.8
2020,2,16,4,45,0,0,4.4,23.6,94.08
2020,2,16,5,0,0,0,4.4,23.6,94.08
2020,2,16,5,15,0,0,4.4,23.5,94.64
2020,2,16,5,30,0,0,4.4,23.5,94.64
2020,2,16,5,45,0,0,4.4,23.5,93.48
2020,2,16,6,0,0,0,4.4,23.5,93.48
2020,2,16,6,15,0,0,4.5,23.6,93.02
2020,2,16,6,30,0,0,4.6000000000000005,23.700000000000003,92.46000000000001
2020,2,16,6,45,0,0,4.6000000000000005,23.8,92.64
2020,2,16,7,0,16,97,4.7,23.900000000000002,92.09
2020,2,16,7,15,52,281,4.800000000000001,24.1,90.99
2020,2,16,7,30,101,424,4.9,24.200000000000003,90.45
2020,2,16,7,45,157,531,5,24.400000000000002,88.02
2020,2,16,8,0,215,609,5.1000000000000005,24.6,87.06
2020,2,16,8,15,274,670,5.2,24.8,86.03
2020,2,16,8,30,334,718,5.300000000000001,25,85.02
2020,2,16,8,45,392,752,5.4,25.200000000000003,81.51
2020,2,16,9,0,450,785,5.5,25.400000000000002,80.55
2020,2,16,9,15,506,812,5.5,25.6,79.61
2020,2,16,9,30,559,835,5.5,25.8,78.67
2020,2,16,9,45,609,852,5.5,26,75.96000000000001
2020,2,16,10,0,657,868,5.5,26.200000000000003,75.08
2020,2,16,10,15,701,883,5.5,26.3,74.64
2020,2,16,10,30,742,895,5.5,26.400000000000002,74.2
2020,2,16,10,45,264,14,5.5,26.5,73.24
2020,2,16,11,0,808,898,5.5,26.6,72.81
2020,2,16,11,15,836,906,5.5,26.6,72.74
2020,2,16,11,30,860,912,5.5,26.6,72.74
2020,2,16,11,45,878,910,5.5,26.700000000000003,72.48
2020,2,16,12,0,288,15,5.5,26.700000000000003,72.48
2020,2,16,12,15,902,916,5.6000000000000005,26.700000000000003,72.48
2020,2,16,12,30,346,23,5.6000000000000005,26.700000000000003,72.41
2020,2,16,12,45,324,19,5.6000000000000005,26.700000000000003,72.7
2020,2,16,13,0,198,7,5.6000000000000005,26.700000000000003,72.7
2020,2,16,13,15,163,3,5.7,26.700000000000003,72.7
2020,2,16,13,30,878,906,5.7,26.6,73.06
2020,2,16,13,45,860,911,5.7,26.6,73.42
2020,2,16,14,0,240,10,5.7,26.5,73.85000000000001
2020,2,16,14,15,809,897,5.800000000000001,26.5,73.85000000000001
2020,2,16,14,30,776,889,5.800000000000001,26.400000000000002,74.29
2020,2,16,14,45,739,876,5.800000000000001,26.3,75.15
2020,2,16,15,0,699,863,5.9,26.3,75.15
2020,2,16,15,15,90,0,5.9,26.1,76.04
2020,2,16,15,30,30,0,5.9,26,76.49
2020,2,16,15,45,41,0,6,25.900000000000002,77.46000000000001
2020,2,16,16,0,159,0,6,25.8,77.84
2020,2,16,16,15,155,1,6,25.6,78.84
2020,2,16,16,30,28,0,5.9,25.400000000000002,79.78
2020,2,16,16,45,129,2,5.9,25.200000000000003,81.47
2020,2,16,17,0,273,632,5.800000000000001,25.1,81.95
2020,2,16,17,15,214,568,5.7,24.900000000000002,82.93
2020,2,16,17,30,156,486,5.6000000000000005,24.8,83.43
2020,2,16,17,45,102,384,5.5,24.6,85.17
2020,2,16,18,0,53,243,5.4,24.5,85.67
2020,2,16,18,15,17,72,5.300000000000001,24.400000000000002,86.19
2020,2,16,18,30,0,0,5.2,24.3,86.7
2020,2,16,18,45,0,0,5.1000000000000005,24.3,87.39
2020,2,16,19,0,0,0,5,24.200000000000003,87.91
2020,2,16,19,15,0,0,5,24.200000000000003,87.91
2020,2,16,19,30,0,0,5,24.200000000000003,87.91
2020,2,16,19,45,0,0,5,24.200000000000003,87.91
2020,2,16,20,0,0,0,4.800000000000001,24.1,88.58
2020,2,16,20,15,0,0,4.7,24.1,88.67
2020,2,16,20,30,0,0,4.6000000000000005,24,89.2
2020,2,16,20,45,0,0,4.6000000000000005,24,89.21000000000001
2020,2,16,21,0,0,0,4.5,24,89.21000000000001
2020,2,16,21,15,0,0,4.5,24,89.21000000000001
2020,2,16,21,30,0,0,4.4,23.900000000000002,89.74
2020,2,16,21,45,0,0,4.4,23.900000000000002,89.35000000000001
2020,2,16,22,0,0,0,4.3,23.900000000000002,89.35000000000001
2020,2,16,22,15,0,0,4.3,23.900000000000002,89.35000000000001
2020,2,16,22,30,0,0,4.3,23.8,89.89
2020,2,16,22,45,0,0,4.2,23.8,89.53
2020,2,16,23,0,0,0,4.2,23.8,89.53
2020,2,16,23,15,0,0,4.2,23.8,89.53
2020,2,16,23,30,0,0,4.1000000000000005,23.700000000000003,90.07000000000001
2020,2,16,23,45,0,0,4.1000000000000005,23.700000000000003,89.79
2020,2,17,0,0,0,0,4.1000000000000005,23.700000000000003,89.79
2020,2,17,0,15,0,0,4,23.700000000000003,89.79
2020,2,17,0,30,0,0,4,23.700000000000003,89.79
2020,2,17,0,45,0,0,3.9000000000000004,23.6,90.23
2020,2,17,1,0,0,0,3.9000000000000004,23.6,90.23
2020,2,17,1,15,0,0,3.9000000000000004,23.6,90.23
2020,2,17,1,30,0,0,3.8000000000000003,23.6,90.13
2020,2,17,1,45,0,0,3.8000000000000003,23.5,90.27
2020,2,17,2,0,0,0,3.8000000000000003,23.5,90.27
2020,2,17,2,15,0,0,3.8000000000000003,23.5,90.27
2020,2,17,2,30,0,0,3.7,23.5,90.27
2020,2,17,2,45,0,0,3.7,23.400000000000002,90.22
2020,2,17,3,0,0,0,3.7,23.400000000000002,90.22
2020,2,17,3,15,0,0,3.7,23.400000000000002,90.22
2020,2,17,3,30,0,0,3.7,23.400000000000002,90.22
2020,2,17,3,45,0,0,3.7,23.400000000000002,89.86
2020,2,17,4,0,0,0,3.8000000000000003,23.400000000000002,89.86
2020,2,17,4,15,0,0,3.8000000000000003,23.3,90.4
2020,2,17,4,30,0,0,3.8000000000000003,23.3,90.4
2020,2,17,4,45,0,0,3.8000000000000003,23.3,90.10000000000001
2020,2,17,5,0,0,0,3.8000000000000003,23.3,90.10000000000001
2020,2,17,5,15,0,0,3.9000000000000004,23.3,90.10000000000001
2020,2,17,5,30,0,0,3.9000000000000004,23.3,90.19
2020,2,17,5,45,0,0,3.9000000000000004,23.3,90.25
2020,2,17,6,0,0,0,3.9000000000000004,23.400000000000002,89.71000000000001
2020,2,17,6,15,0,0,4.1000000000000005,23.5,89.18
2020,2,17,6,30,0,0,4.2,23.700000000000003,88.11
2020,2,17,6,45,0,0,4.3,23.8,87.95
2020,2,17,7,0,18,144,4.4,24,86.99
2020,2,17,7,15,57,337,4.5,24.1,86.47
2020,2,17,7,30,108,477,4.6000000000000005,24.3,85.44
2020,2,17,7,45,164,574,4.800000000000001,24.5,82.79
2020,2,17,8,0,225,651,4.9,24.700000000000003,81.81
2020,2,17,8,15,285,710,5,24.900000000000002,80.85000000000001
2020,2,17,8,30,346,756,5.1000000000000005,25.1,79.89
2020,2,17,8,45,406,791,5.2,25.3,77.04
2020,2,17,9,0,464,822,5.300000000000001,25.5,76.14
2020,2,17,9,15,522,850,5.4,25.700000000000003,75.24
2020,2,17,9,30,576,872,5.4,25.900000000000002,74.36
2020,2,17,9,45,627,887,5.4,26.1,72.17
2020,2,17,10,0,675,903,5.5,26.3,71.32000000000001
2020,2,17,10,15,720,917,5.5,26.400000000000002,70.91
2020,2,17,10,30,761,928,5.5,26.5,70.49
2020,2,17,10,45,796,925,5.4,26.6,70.10000000000001
2020,2,17,11,0,829,934,5.4,26.8,69.22
2020,2,17,11,15,195,6,5.4,26.8,69.22
2020,2,17,11,30,882,946,5.4,26.900000000000002,68.81
2020,2,17,11,45,329,21,5.4,26.900000000000002,69.52
2020,2,17,12,0,916,954,5.4,27,69.11
2020,2,17,12,15,924,954,5.4,27,69.11
2020,2,17,12,30,929,955,5.4,27,69.11
2020,2,17,12,45,929,954,5.4,27,69.72
2020,2,17,13,0,924,953,5.4,27,69.72
2020,2,17,13,15,915,950,5.4,27,69.72
2020,2,17,13,30,900,947,5.4,26.900000000000002,70.13
2020,2,17,13,45,879,932,5.4,26.900000000000002,70.55
2020,2,17,14,0,855,927,5.4,26.900000000000002,70.55
2020,2,17,14,15,824,917,5.4,26.8,70.96000000000001
2020,2,17,14,30,792,909,5.4,26.700000000000003,71.38
2020,2,17,14,45,754,895,5.4,26.6,72.13
2020,2,17,15,0,713,883,5.4,26.6,72.06
2020,2,17,15,15,669,869,5.4,26.400000000000002,72.91
2020,2,17,15,30,621,852,5.4,26.3,73.34
2020,2,17,15,45,568,829,5.4,26.200000000000003,74.14
2020,2,17,16,0,514,805,5.300000000000001,26.1,74.58
2020,2,17,16,15,458,777,5.300000000000001,25.900000000000002,75.54
2020,2,17,16,30,88,0,5.2,25.8,75.98
2020,2,17,16,45,109,0,5.2,25.6,77.67
2020,2,17,17,0,11,0,5.1000000000000005,25.400000000000002,78.60000000000001
2020,2,17,17,15,220,591,5,25.200000000000003,79.53
2020,2,17,17,30,161,510,4.9,25,80.48
2020,2,17,17,45,105,405,4.800000000000001,24.8,83.18
2020,2,17,18,0,56,263,4.6000000000000005,24.6,84.17
2020,2,17,18,15,18,85,4.6000000000000005,24.6,84.17
2020,2,17,18,30,0,0,4.5,24.5,84.76
2020,2,17,18,45,0,0,4.4,24.400000000000002,86.9
2020,2,17,19,0,0,0,4.3,24.3,87.42
2020,2,17,19,15,0,0,4.3,24.3,87.42
2020,2,17,19,30,0,0,4.3,24.3,87.42
2020,2,17,19,45,0,0,4.3,24.3,87.42
2020,2,17,20,0,0,0,4.3,24,89.99
2020,2,17,20,15,0,0,4.3,24,89.99
2020,2,17,20,30,0,0,4.3,23.900000000000002,90.53
2020,2,17,20,45,0,0,4.3,23.900000000000002,91.24
2020,2,17,21,0,0,0,4.4,23.900000000000002,91.24
2020,2,17,21,15,0,0,4.4,23.8,91.79
2020,2,17,21,30,0,0,4.5,23.8,91.79
2020,2,17,21,45,0,0,4.5,23.8,92.14
2020,2,17,22,0,0,0,4.6000000000000005,23.8,92.14
2020,2,17,22,15,0,0,4.6000000000000005,23.700000000000003,92.69
2020,2,17,22,30,0,0,4.6000000000000005,23.700000000000003,92.69
2020,2,17,22,45,0,0,4.6000000000000005,23.700000000000003,92.93
2020,2,17,23,0,0,0,4.6000000000000005,23.700000000000003,92.93
2020,2,17,23,15,0,0,4.6000000000000005,23.6,93.49
2020,2,17,23,30,0,0,4.7,23.6,93.49
2020,2,17,23,45,0,0,4.7,23.6,93.62
2020,2,18,0,0,0,0,4.7,23.6,93.62
2020,2,18,0,15,0,0,4.7,23.6,93.53
2020,2,18,0,30,0,0,4.7,23.6,93.53
2020,2,18,0,45,0,0,4.7,23.5,94.10000000000001
2020,2,18,1,0,0,0,4.7,23.5,94.10000000000001
2020,2,18,1,15,0,0,4.7,23.5,94.10000000000001
2020,2,18,1,30,0,0,4.7,23.5,94.10000000000001
2020,2,18,1,45,0,0,4.800000000000001,23.5,93.76
2020,2,18,2,0,0,0,4.800000000000001,23.5,93.76
2020,2,18,2,15,0,0,4.800000000000001,23.5,93.76
2020,2,18,2,30,0,0,4.800000000000001,23.5,93.76
2020,2,18,2,45,0,0,4.800000000000001,23.5,93.35000000000001
2020,2,18,3,0,0,0,4.800000000000001,23.5,93.35000000000001
2020,2,18,3,15,0,0,4.800000000000001,23.5,93.35000000000001
2020,2,18,3,30,0,0,4.800000000000001,23.5,93.35000000000001
2020,2,18,3,45,0,0,4.7,23.5,93.02
2020,2,18,4,0,0,0,4.7,23.5,93.02
2020,2,18,4,15,0,0,4.7,23.5,93.02
2020,2,18,4,30,0,0,4.7,23.5,93.02
2020,2,18,4,45,0,0,4.7,23.5,92.61
2020,2,18,5,0,0,0,4.7,23.5,92.61
2020,2,18,5,15,0,0,4.7,23.5,92.61
2020,2,18,5,30,0,0,4.800000000000001,23.5,92.61
2020,2,18,5,45,0,0,4.800000000000001,23.5,91.5
2020,2,18,6,0,0,0,4.800000000000001,23.5,91.59
2020,2,18,6,15,0,0,4.9,23.6,91.05
2020,2,18,6,30,0,0,4.9,23.700000000000003,90.5
2020,2,18,6,45,0,0,5,23.8,89.94
2020,2,18,7,0,20,180,5,23.900000000000002,89.4
2020,2,18,7,15,60,373,5.2,24.1,88.34
2020,2,18,7,30,112,508,5.300000000000001,24.3,87.29
2020,2,18,7,45,168,594,5.4,24.400000000000002,85.03
2020,2,18,8,0,228,668,5.5,24.6,84.03
2020,2,18,8,15,288,722,5.6000000000000005,24.8,83.03
2020,2,18,8,30,349,767,5.7,25,82.05
2020,2,18,8,45,407,790,5.7,25.200000000000003,79.26
2020,2,18,9,0,466,821,5.800000000000001,25.400000000000002,78.32000000000001
2020,2,18,9,15,522,846,5.9,25.6,77.4
2020,2,18,9,30,576,868,5.9,25.8,76.49
2020,2,18,9,45,625,875,6,26,74.51
2020,2,18,10,0,674,891,6,26.200000000000003,73.64
2020,2,18,10,15,718,905,6,26.3,73.21000000000001
2020,2,18,10,30,760,916,6.1000000000000005,26.5,72.35000000000001
2020,2,18,10,45,792,905,6.1000000000000005,26.6,71.10000000000001
2020,2,18,11,0,327,26,6.1000000000000005,26.700000000000003,70.68
2020,2,18,11,15,854,921,6.2,26.8,70.27
2020,2,18,11,30,878,927,6.2,26.900000000000002,69.79
2020,2,18,11,45,894,919,6.2,26.900000000000002,69.23
2020,2,18,12,0,302,16,6.2,27,68.82000000000001
2020,2,18,12,15,333,20,6.2,27,68.82000000000001
2020,2,18,12,30,924,926,6.300000000000001,27,68.82000000000001
2020,2,18,12,45,925,922,6.300000000000001,27,68.05
2020,2,18,13,0,567,141,6.300000000000001,27,67.99
2020,2,18,13,15,910,919,6.300000000000001,27,67.99
2020,2,18,13,30,596,193,6.2,27,67.99
2020,2,18,13,45,881,925,6.2,26.900000000000002,67.66
2020,2,18,14,0,857,919,6.2,26.900000000000002,67.66
2020,2,18,14,15,828,912,6.1000000000000005,26.8,68.06
2020,2,18,14,30,796,903,6.1000000000000005,26.700000000000003,68.46000000000001
2020,2,18,14,45,761,903,6,26.700000000000003,68.11
2020,2,18,15,0,721,893,6,26.6,68.51
2020,2,18,15,15,676,878,5.9,26.5,68.92
2020,2,18,15,30,628,862,5.9,26.3,69.73
2020,2,18,15,45,577,846,5.800000000000001,26.200000000000003,70.56
2020,2,18,16,0,523,823,5.800000000000001,26.1,70.98
2020,2,18,16,15,467,796,5.7,25.900000000000002,71.82000000000001
2020,2,18,16,30,408,763,5.6000000000000005,25.8,72.25
2020,2,18,16,45,348,724,5.5,25.6,74.01
2020,2,18,17,0,287,675,5.5,25.5,74.45
2020,2,18,17,15,225,611,5.300000000000001,25.3,75.34
2020,2,18,17,30,166,532,5.2,25.1,76.24
2020,2,18,17,45,109,419,5,24.900000000000002,78.88
2020,2,18,18,0,58,276,4.9,24.700000000000003,79.82000000000001
2020,2,18,18,15,20,94,4.9,24.700000000000003,79.82000000000001
2020,2,18,18,30,0,0,4.800000000000001,24.6,80.3
2020,2,18,18,45,0,0,4.800000000000001,24.5,82.76
2020,2,18,19,0,0,0,4.7,24.400000000000002,83.26
2020,2,18,19,15,0,0,4.7,24.400000000000002,83.26
2020,2,18,19,30,0,0,4.7,24.400000000000002,83.26
2020,2,18,19,45,0,0,4.7,24.400000000000002,83.26
2020,2,18,20,0,0,0,4.800000000000001,24.3,85.21000000000001
2020,2,18,20,15,0,0,4.800000000000001,24.200000000000003,85.72
2020,2,18,20,30,0,0,4.9,24.200000000000003,85.72
2020,2,18,20,45,0,0,4.9,24.200000000000003,86.93
2020,2,18,21,0,0,0,5,24.1,87.45
2020,2,18,21,15,0,0,5,24.1,87.45
2020,2,18,21,30,0,0,5,24.1,87.45
2020,2,18,21,45,0,0,5.1000000000000005,24.1,88.59
2020,2,18,22,0,0,0,5.1000000000000005,24.1,88.59
2020,2,18,22,15,0,0,5.1000000000000005,24,89.12
2020,2,18,22,30,0,0,5.1000000000000005,24,89.03
2020,2,18,22,45,0,0,5.1000000000000005,23.900000000000002,90.51
2020,2,18,23,0,0,0,5.1000000000000005,23.900000000000002,90.51
2020,2,18,23,15,0,0,5.1000000000000005,23.900000000000002,90.51
2020,2,18,23,30,0,0,5.1000000000000005,23.8,91.05
2020,2,18,23,45,0,0,5.1000000000000005,23.8,91.85000000000001
2020,2,19,0,0,0,0,5.1000000000000005,23.8,91.85000000000001
2020,2,19,0,15,0,0,5.1000000000000005,23.700000000000003,92.4
2020,2,19,0,30,0,0,5.1000000000000005,23.700000000000003,92.4
2020,2,19,0,45,0,0,5.1000000000000005,23.700000000000003,91.92
2020,2,19,1,0,0,0,5,23.6,92.48
2020,2,19,1,15,0,0,5.1000000000000005,23.6,92.48
2020,2,19,1,30,0,0,5.1000000000000005,23.6,92.48
2020,2,19,1,45,0,0,5.1000000000000005,23.5,91.02
2020,2,19,2,0,0,0,5.1000000000000005,23.5,91.02
2020,2,19,2,15,0,0,5.1000000000000005,23.400000000000002,91.57000000000001
2020,2,19,2,30,0,0,5.2,23.400000000000002,91.57000000000001
2020,2,19,2,45,0,0,5.2,23.400000000000002,89.66
2020,2,19,3,0,0,0,5.2,23.400000000000002,89.66
2020,2,19,3,15,0,0,5.2,23.3,90.2
2020,2,19,3,30,0,0,5.2,23.3,90.2
2020,2,19,3,45,0,0,5.2,23.3,88.46000000000001
2020,2,19,4,0,0,0,5.2,23.3,88.46000000000001
2020,2,19,4,15,0,0,5.2,23.200000000000003,88.99
2020,2,19,4,30,0,0,5.300000000000001,23.200000000000003,88.99
2020,2,19,4,45,0,0,5.300000000000001,23.200000000000003,87.2
2020,2,19,5,0,0,0,5.300000000000001,23.200000000000003,87.2
2020,2,19,5,15,0,0,5.300000000000001,23.200000000000003,87.2
2020,2,19,5,30,0,0,5.300000000000001,23.200000000000003,87.28
2020,2,19,5,45,0,0,5.300000000000001,23.200000000000003,85.98
2020,2,19,6,0,0,0,5.2,23.200000000000003,85.98
2020,2,19,6,15,0,0,5.300000000000001,23.400000000000002,84.95
2020,2,19,6,30,0,0,5.4,23.5,84.44
2020,2,19,6,45,0,0,5.5,23.700000000000003,83.32000000000001
2020,2,19,7,0,20,120,5.5,23.8,82.83
2020,2,19,7,15,59,309,5.7,24,81.84
2020,2,19,7,30,111,451,5.800000000000001,24.200000000000003,80.87
2020,2,19,7,45,166,529,5.9,24.400000000000002,78.65
2020,2,19,8,0,37,0,6,24.6,77.71000000000001
2020,2,19,8,15,287,671,6.1000000000000005,24.8,76.79
2020,2,19,8,30,348,720,6.2,25.1,75.44
2020,2,19,8,45,405,743,6.2,25.3,72.60000000000001
2020,2,19,9,0,464,777,6.300000000000001,25.5,71.74
2020,2,19,9,15,160,0,6.300000000000001,25.700000000000003,70.9
2020,2,19,9,30,575,830,6.300000000000001,25.8,70.48
2020,2,19,9,45,625,843,6.300000000000001,26,68.43
2020,2,19,10,0,101,0,6.300000000000001,26.200000000000003,67.63
2020,2,19,10,15,719,876,6.2,26.3,67.23
2020,2,19,10,30,759,886,6.2,26.3,67.23
2020,2,19,10,45,101,0,6.1000000000000005,26.400000000000002,67.37
2020,2,19,11,0,457,93,6.1000000000000005,26.5,66.98
2020,2,19,11,15,852,888,6,26.6,66.52
2020,2,19,11,30,876,895,5.9,26.6,66.52
2020,2,19,11,45,218,9,5.9,26.6,67.51
2020,2,19,12,0,910,907,5.800000000000001,26.700000000000003,67.12
2020,2,19,12,15,920,910,5.7,26.700000000000003,67.12
2020,2,19,12,30,925,911,5.7,26.700000000000003,67.12
2020,2,19,12,45,928,923,5.6000000000000005,26.700000000000003,67.5
2020,2,19,13,0,923,921,5.6000000000000005,26.700000000000003,67.5
2020,2,19,13,15,913,919,5.5,26.700000000000003,67.5
2020,2,19,13,30,292,15,5.4,26.700000000000003,67.5
2020,2,19,13,45,294,16,5.4,26.700000000000003,67.84
2020,2,19,14,0,860,917,5.300000000000001,26.6,68.24
2020,2,19,14,15,831,910,5.2,26.6,68.17
2020,2,19,14,30,798,901,5.1000000000000005,26.5,68.57000000000001
2020,2,19,14,45,760,888,5.1000000000000005,26.400000000000002,69.32000000000001
2020,2,19,15,0,404,102,5,26.400000000000002,69.32000000000001
2020,2,19,15,15,287,31,4.9,26.3,69.73
2020,2,19,15,30,626,844,4.800000000000001,26.200000000000003,70.14
2020,2,19,15,45,573,818,4.800000000000001,26,71.75
2020,2,19,16,0,519,793,4.7,25.900000000000002,72.17
2020,2,19,16,15,463,764,4.6000000000000005,25.8,72.60000000000001
2020,2,19,16,30,404,730,4.5,25.6,73.46000000000001
2020,2,19,16,45,342,671,4.4,25.400000000000002,75.32000000000001
2020,2,19,17,0,281,618,4.3,25.3,75.84
2020,2,19,17,15,221,553,4.2,25,77.2
2020,2,19,17,30,162,469,4.1000000000000005,24.8,78.12
2020,2,19,17,45,104,333,3.9000000000000004,24.6,80.45
2020,2,19,18,0,55,194,3.8000000000000003,24.400000000000002,81.41
2020,2,19,18,15,19,45,3.8000000000000003,24.400000000000002,81.41
2020,2,19,18,30,0,0,3.9000000000000004,24.3,81.9
2020,2,19,18,45,0,0,3.9000000000000004,24.3,82.35000000000001
2020,2,19,19,0,0,0,3.9000000000000004,24.3,82.35000000000001
2020,2,19,19,15,0,0,3.9000000000000004,24.3,82.35000000000001
2020,2,19,19,30,0,0,3.9000000000000004,24.3,82.35000000000001
2020,2,19,19,45,0,0,3.9000000000000004,24.3,82.35000000000001
2020,2,19,20,0,0,0,4,24.200000000000003,82.91
2020,2,19,20,15,0,0,4.1000000000000005,24.1,83.41
2020,2,19,20,30,0,0,4.1000000000000005,24.1,83.41
2020,2,19,20,45,0,0,4.1000000000000005,24.1,83.8
2020,2,19,21,0,0,0,4.2,24,84.3
2020,2,19,21,15,0,0,4.2,24,84.3
2020,2,19,21,30,0,0,4.2,24,84.3
2020,2,19,21,45,0,0,4.3,24,84.89
2020,2,19,22,0,0,0,4.3,23.900000000000002,85.39
2020,2,19,22,15,0,0,4.3,23.900000000000002,85.39
2020,2,19,22,30,0,0,4.3,23.900000000000002,85.39
2020,2,19,22,45,0,0,4.3,23.900000000000002,86.23
2020,2,19,23,0,0,0,4.3,23.8,86.75
2020,2,19,23,15,0,0,4.3,23.8,86.75
2020,2,19,23,30,0,0,4.3,23.8,86.75
2020,2,19,23,45,0,0,4.3,23.8,87.52
2020,2,20,0,0,0,0,4.2,23.700000000000003,88.05
2020,2,20,0,15,0,0,4.2,23.700000000000003,88.05
2020,2,20,0,30,0,0,4.2,23.700000000000003,87.96000000000001
2020,2,20,0,45,0,0,4.2,23.6,89
2020,2,20,1,0,0,0,4.2,23.6,89
2020,2,20,1,15,0,0,4.2,23.6,89
2020,2,20,1,30,0,0,4.3,23.5,89.54
2020,2,20,1,45,0,0,4.3,23.5,89.77
2020,2,20,2,0,0,0,4.3,23.5,89.68
2020,2,20,2,15,0,0,4.3,23.400000000000002,90.22
2020,2,20,2,30,0,0,4.3,23.400000000000002,90.22
2020,2,20,2,45,0,0,4.3,23.400000000000002,90.17
2020,2,20,3,0,0,0,4.3,23.400000000000002,90.17
2020,2,20,3,15,0,0,4.4,23.400000000000002,90.17
2020,2,20,3,30,0,0,4.4,23.3,90.71000000000001
2020,2,20,3,45,0,0,4.4,23.3,90.35000000000001
2020,2,20,4,0,0,0,4.4,23.3,90.35000000000001
2020,2,20,4,15,0,0,4.4,23.3,90.35000000000001
2020,2,20,4,30,0,0,4.4,23.3,90.35000000000001
2020,2,20,4,45,0,0,4.4,23.200000000000003,89.95
2020,2,20,5,0,0,0,4.4,23.200000000000003,89.95
2020,2,20,5,15,0,0,4.5,23.200000000000003,89.95
2020,2,20,5,30,0,0,4.5,23.200000000000003,89.95
2020,2,20,5,45,0,0,4.5,23.200000000000003,88.88
2020,2,20,6,0,0,0,4.5,23.200000000000003,88.88
2020,2,20,6,15,0,0,4.6000000000000005,23.400000000000002,87.82000000000001
2020,2,20,6,30,0,0,4.800000000000001,23.5,87.38
2020,2,20,6,45,0,0,4.9,23.700000000000003,85.9
2020,2,20,7,0,18,37,5,23.900000000000002,84.87
2020,2,20,7,15,55,178,5.2,24,84.37
2020,2,20,7,30,104,315,5.4,24.200000000000003,83.36
2020,2,20,7,45,159,435,5.5,24.400000000000002,79.29
2020,2,20,8,0,218,520,5.7,24.6,78.43
2020,2,20,8,15,279,589,5.800000000000001,24.8,77.5
2020,2,20,8,30,339,643,5.9,25,76.59
2020,2,20,8,45,399,686,5.9,25.200000000000003,72.99
2020,2,20,9,0,457,723,6,25.400000000000002,72.13
2020,2,20,9,15,514,754,6,25.6,71.28
2020,2,20,9,30,569,782,6.1000000000000005,25.700000000000003,70.86
2020,2,20,9,45,620,799,6.1000000000000005,25.900000000000002,68.85000000000001
2020,2,20,10,0,668,818,6.1000000000000005,26,68.44
2020,2,20,10,15,713,835,6.1000000000000005,26.1,68.04
2020,2,20,10,30,754,849,6.1000000000000005,26.200000000000003,67.64
2020,2,20,10,45,804,912,6.1000000000000005,26.3,66.45
2020,2,20,11,0,839,923,6.1000000000000005,26.400000000000002,66
2020,2,20,11,15,868,931,6.1000000000000005,26.5,65.61
2020,2,20,11,30,892,936,6.1000000000000005,26.5,65.61
2020,2,20,11,45,907,921,6,26.6,64.49
2020,2,20,12,0,921,924,6,26.6,64.43
2020,2,20,12,15,931,927,6,26.700000000000003,64.05
2020,2,20,12,30,310,17,5.9,26.700000000000003,64.05
2020,2,20,12,45,935,914,5.9,26.8,62.86
2020,2,20,13,0,930,913,5.800000000000001,26.8,62.86
2020,2,20,13,15,920,911,5.800000000000001,26.8,62.79
2020,2,20,13,30,905,907,5.7,26.8,62.79
2020,2,20,13,45,875,856,5.7,26.8,62.13
2020,2,20,14,0,851,849,5.6000000000000005,26.8,62.13
2020,2,20,14,15,822,840,5.5,26.8,62.13
2020,2,20,14,30,789,830,5.5,26.700000000000003,62.49
2020,2,20,14,45,750,811,5.4,26.700000000000003,62.06
2020,2,20,15,0,709,796,5.300000000000001,26.700000000000003,62
2020,2,20,15,15,664,778,5.300000000000001,26.6,62.36
2020,2,20,15,30,617,759,5.2,26.5,62.730000000000004
2020,2,20,15,45,564,728,5.2,26.400000000000002,62.940000000000005
2020,2,20,16,0,510,699,5.1000000000000005,26.3,63.31
2020,2,20,16,15,453,665,5,26.1,64.13
2020,2,20,16,30,111,0,4.9,26,64.51
2020,2,20,16,45,19,0,4.800000000000001,25.8,65.95
2020,2,20,17,0,97,0,4.7,25.6,66.73
2020,2,20,17,15,214,441,4.5,25.400000000000002,67.52
2020,2,20,17,30,156,353,4.4,25.200000000000003,68.33
2020,2,20,17,45,101,240,4.2,25,71.63
2020,2,20,18,0,53,117,4,24.700000000000003,72.92
2020,2,20,18,15,17,15,4,24.6,73.43
2020,2,20,18,30,0,0,3.9000000000000004,24.5,73.87
2020,2,20,18,45,0,0,3.9000000000000004,24.3,77
2020,2,20,19,0,0,0,3.9000000000000004,24.200000000000003,77.46000000000001
2020,2,20,19,15,0,0,3.9000000000000004,24.200000000000003,77.46000000000001
2020,2,20,19,30,0,0,3.9000000000000004,24.200000000000003,77.46000000000001
2020,2,20,19,45,0,0,3.9000000000000004,24.200000000000003,77.46000000000001
2020,2,20,20,0,0,0,3.9000000000000004,24,79.83
2020,2,20,20,15,0,0,3.9000000000000004,24,79.83
2020,2,20,20,30,0,0,3.9000000000000004,24,79.83
2020,2,20,20,45,0,0,3.9000000000000004,23.900000000000002,81.31
2020,2,20,21,0,0,0,3.9000000000000004,23.900000000000002,81.31
2020,2,20,21,15,0,0,3.9000000000000004,23.900000000000002,81.31
2020,2,20,21,30,0,0,3.9000000000000004,23.8,81.8
2020,2,20,21,45,0,0,3.9000000000000004,23.8,82.35000000000001
2020,2,20,22,0,0,0,3.9000000000000004,23.8,82.35000000000001
2020,2,20,22,15,0,0,3.9000000000000004,23.700000000000003,82.84
2020,2,20,22,30,0,0,3.8000000000000003,23.700000000000003,82.84
2020,2,20,22,45,0,0,3.8000000000000003,23.6,83.79
2020,2,20,23,0,0,0,3.8000000000000003,23.6,83.79
2020,2,20,23,15,0,0,3.8000000000000003,23.5,84.3
2020,2,20,23,30,0,0,3.8000000000000003,23.5,84.21000000000001
2020,2,20,23,45,0,0,3.7,23.5,84.22
2020,2,21,0,0,0,0,3.7,23.400000000000002,84.73
2020,2,21,0,15,0,0,3.7,23.400000000000002,84.73
2020,2,21,0,30,0,0,3.7,23.400000000000002,84.73
2020,2,21,0,45,0,0,3.7,23.3,84.72
2020,2,21,1,0,0,0,3.6,23.3,84.72
2020,2,21,1,15,0,0,3.6,23.3,84.63
2020,2,21,1,30,0,0,3.6,23.200000000000003,85.14
2020,2,21,1,45,0,0,3.6,23.200000000000003,84.28
2020,2,21,2,0,0,0,3.6,23.1,84.79
2020,2,21,2,15,0,0,3.5,23.1,84.79
2020,2,21,2,30,0,0,3.5,23.1,84.79
2020,2,21,2,45,0,0,3.5,23,84.42
2020,2,21,3,0,0,0,3.5,23,84.42
2020,2,21,3,15,0,0,3.5,23,84.42
2020,2,21,3,30,0,0,3.5,23,84.42
2020,2,21,3,45,0,0,3.5,22.900000000000002,84.18
2020,2,21,4,0,0,0,3.5,22.900000000000002,84.18
2020,2,21,4,15,0,0,3.5,22.900000000000002,84.18
2020,2,21,4,30,0,0,3.5,22.900000000000002,84.18
2020,2,21,4,45,0,0,3.5,22.8,84.2
2020,2,21,5,0,0,0,3.5,22.8,84.2
2020,2,21,5,15,0,0,3.5,22.8,84.2
2020,2,21,5,30,0,0,3.5,22.700000000000003,84.71000000000001
2020,2,21,5,45,0,0,3.5,22.700000000000003,84.43
2020,2,21,6,0,0,0,3.5,22.700000000000003,84.52
2020,2,21,6,15,0,0,3.5,23,83
2020,2,21,6,30,0,0,3.5,23.3,81.52
2020,2,21,6,45,0,0,3.6,23.6,80.37
2020,2,21,7,0,22,123,3.6,23.900000000000002,78.94
2020,2,21,7,15,63,310,3.7,24.1,78
2020,2,21,7,30,115,451,3.7,24.3,77.15
2020,2,21,7,45,174,554,3.8000000000000003,24.6,74.04
2020,2,21,8,0,234,631,3.8000000000000003,24.8,73.17
2020,2,21,8,15,296,692,3.8000000000000003,25,72.3
2020,2,21,8,30,358,739,3.8000000000000003,25.200000000000003,71.45
2020,2,21,8,45,419,779,3.8000000000000003,25.400000000000002,69.5
2020,2,21,9,0,478,811,3.8000000000000003,25.6,68.68
2020,2,21,9,15,536,838,3.7,25.8,67.88
2020,2,21,9,30,590,860,3.7,26,67.08
2020,2,21,9,45,642,877,3.7,26.1,65.96000000000001
2020,2,21,10,0,691,893,3.6,26.3,65.25
2020,2,21,10,15,736,907,3.6,26.5,64.43
2020,2,21,10,30,776,917,3.6,26.6,64.05
2020,2,21,10,45,811,917,3.6,26.8,63.190000000000005
2020,2,21,11,0,844,925,3.5,26.900000000000002,62.83
2020,2,21,11,15,873,932,3.5,27,62.46
2020,2,21,11,30,898,938,3.5,27.1,62.09
2020,2,21,11,45,918,944,3.5,27.200000000000003,61.74
2020,2,21,12,0,933,948,3.4000000000000004,27.3,61.38
2020,2,21,12,15,940,948,3.4000000000000004,27.3,61.38
2020,2,21,12,30,945,949,3.4000000000000004,27.3,61.38
2020,2,21,12,45,946,949,3.3000000000000003,27.400000000000002,61.45
2020,2,21,13,0,941,948,3.3000000000000003,27.400000000000002,61.39
2020,2,21,13,15,931,946,3.3000000000000003,27.400000000000002,61.39
2020,2,21,13,30,914,940,3.2,27.400000000000002,61.39
2020,2,21,13,45,893,929,3.2,27.3,62.47
2020,2,21,14,0,869,923,3.1,27.3,62.47
2020,2,21,14,15,840,916,3.1,27.200000000000003,62.77
2020,2,21,14,30,805,905,3.1,27.200000000000003,62.77
2020,2,21,14,45,767,893,3,27.1,63.410000000000004
2020,2,21,15,0,726,881,3,27.1,63.410000000000004
2020,2,21,15,15,681,866,3,26.900000000000002,64.15
2020,2,21,15,30,633,849,3,26.8,64.53
2020,2,21,15,45,580,826,3,26.700000000000003,65.35
2020,2,21,16,0,525,800,2.9000000000000004,26.6,65.73
2020,2,21,16,15,468,772,2.9000000000000004,26.400000000000002,66.51
2020,2,21,16,30,409,738,2.9000000000000004,26.200000000000003,67.29
2020,2,21,16,45,350,698,2.9000000000000004,26.1,68.47
2020,2,21,17,0,289,648,2.9000000000000004,25.900000000000002,69.29
2020,2,21,17,15,228,586,2.8000000000000003,25.6,70.59
2020,2,21,17,30,168,505,2.8000000000000003,25.3,71.86
2020,2,21,17,45,112,405,2.7,25.1,74.71000000000001
2020,2,21,18,0,61,266,2.7,24.8,76.06
2020,2,21,18,15,22,93,2.7,24.700000000000003,76.51
2020,2,21,18,30,0,0,2.7,24.6,76.97
2020,2,21,18,45,0,0,2.7,24.5,78.46000000000001
2020,2,21,19,0,0,0,2.8000000000000003,24.3,79.4
2020,2,21,19,15,0,0,2.8000000000000003,24.3,79.4
2020,2,21,19,30,0,0,2.8000000000000003,24.3,79.4
2020,2,21,19,45,0,0,2.8000000000000003,24.3,79.4
2020,2,21,20,0,0,0,2.8000000000000003,24,81.16
2020,2,21,20,15,0,0,2.8000000000000003,23.900000000000002,81.65
2020,2,21,20,30,0,0,2.8000000000000003,23.900000000000002,81.65
2020,2,21,20,45,0,0,2.8000000000000003,23.8,81.92
2020,2,21,21,0,0,0,2.8000000000000003,23.700000000000003,82.42
2020,2,21,21,15,0,0,2.8000000000000003,23.700000000000003,82.42
2020,2,21,21,30,0,0,2.8000000000000003,23.6,82.91
2020,2,21,21,45,0,0,2.8000000000000003,23.5,83.15
2020,2,21,22,0,0,0,2.8000000000000003,23.5,83.15
2020,2,21,22,15,0,0,2.8000000000000003,23.400000000000002,83.65
2020,2,21,22,30,0,0,2.8000000000000003,23.400000000000002,83.65
2020,2,21,22,45,0,0,2.8000000000000003,23.3,84.06
2020,2,21,23,0,0,0,2.8000000000000003,23.3,84.06
2020,2,21,23,15,0,0,2.8000000000000003,23.3,83.98
2020,2,21,23,30,0,0,2.7,23.200000000000003,84.48
2020,2,21,23,45,0,0,2.7,23.200000000000003,84.53
2020,2,22,0,0,0,0,2.7,23.200000000000003,84.53
2020,2,22,0,15,0,0,2.7,23.200000000000003,84.53
2020,2,22,0,30,0,0,2.7,23.1,85.04
2020,2,22,0,45,0,0,2.7,23.1,85.18
2020,2,22,1,0,0,0,2.7,23.1,85.09
2020,2,22,1,15,0,0,2.7,23.1,85.09
2020,2,22,1,30,0,0,2.6,23.1,85.09
2020,2,22,1,45,0,0,2.6,23.1,85.13
2020,2,22,2,0,0,0,2.6,23.1,85.13
2020,2,22,2,15,0,0,2.6,23,85.64
2020,2,22,2,30,0,0,2.6,23,85.64
2020,2,22,2,45,0,0,2.6,23,85.57000000000001
2020,2,22,3,0,0,0,2.6,23,85.57000000000001
2020,2,22,3,15,0,0,2.6,22.900000000000002,86
2020,2,22,3,30,0,0,2.6,22.900000000000002,86
2020,2,22,3,45,0,0,2.6,22.900000000000002,85.9
2020,2,22,4,0,0,0,2.6,22.900000000000002,85.9
2020,2,22,4,15,0,0,2.6,22.900000000000002,85.99
2020,2,22,4,30,0,0,2.6,22.900000000000002,85.99
2020,2,22,4,45,0,0,2.7,22.900000000000002,85.74
2020,2,22,5,0,0,0,2.7,22.900000000000002,85.74
2020,2,22,5,15,0,0,2.7,22.900000000000002,85.74
2020,2,22,5,30,0,0,2.7,22.900000000000002,85.74
2020,2,22,5,45,0,0,2.7,22.900000000000002,85.24
2020,2,22,6,0,0,0,2.7,22.900000000000002,85.24
2020,2,22,6,15,0,0,2.7,23.200000000000003,83.71000000000001
2020,2,22,6,30,0,0,2.8000000000000003,23.5,82.3
2020,2,22,6,45,0,0,2.8000000000000003,23.8,80.78
2020,2,22,7,0,25,174,2.9000000000000004,24.1,79.34
2020,2,22,7,15,67,361,2.9000000000000004,24.3,78.4
2020,2,22,7,30,121,495,2.9000000000000004,24.5,77.47
2020,2,22,7,45,180,600,3,24.700000000000003,74.22
2020,2,22,8,0,242,672,3,25,72.91
2020,2,22,8,15,304,728,3,25.1,72.48
2020,2,22,8,30,366,773,3,25.3,71.62
2020,2,22,8,45,427,811,3,25.5,68.97
2020,2,22,9,0,485,838,3,25.700000000000003,68.16
2020,2,22,9,15,542,863,3,25.900000000000002,67.36
2020,2,22,9,30,597,884,3,26.1,66.64
2020,2,22,9,45,650,905,3,26.200000000000003,64.76
2020,2,22,10,0,698,920,3,26.400000000000002,64
2020,2,22,10,15,744,933,2.9000000000000004,26.5,63.57
2020,2,22,10,30,785,944,2.9000000000000004,26.700000000000003,62.82
2020,2,22,10,45,820,944,2.9000000000000004,26.8,61.84
2020,2,22,11,0,854,951,2.9000000000000004,26.900000000000002,61.480000000000004
2020,2,22,11,15,883,958,2.8000000000000003,27,61.120000000000005
2020,2,22,11,30,907,963,2.7,27.1,60.76
2020,2,22,11,45,926,966,2.6,27.200000000000003,60.97
2020,2,22,12,0,941,969,2.5,27.3,60.620000000000005
2020,2,22,12,15,951,971,2.4000000000000004,27.3,60.620000000000005
2020,2,22,12,30,956,972,2.3000000000000003,27.400000000000002,60.27
2020,2,22,12,45,956,972,2.3000000000000003,27.400000000000002,60.28
2020,2,22,13,0,951,971,2.2,27.5,59.93
2020,2,22,13,15,941,969,2.1,27.5,59.93
2020,2,22,13,30,924,964,2,27.5,59.93
2020,2,22,13,45,902,947,1.9000000000000001,27.6,58.08
2020,2,22,14,0,877,942,1.9000000000000001,27.6,58.02
2020,2,22,14,15,848,935,1.8,27.6,58.02
2020,2,22,14,30,815,927,1.8,27.6,58.02
2020,2,22,14,45,778,917,1.7000000000000002,27.6,58
2020,2,22,15,0,736,906,1.7000000000000002,27.5,58.34
2020,2,22,15,15,691,892,1.7000000000000002,27.400000000000002,58.68
2020,2,22,15,30,641,874,1.6,27.3,59.02
2020,2,22,15,45,589,854,1.6,27.200000000000003,60.06
2020,2,22,16,0,534,831,1.6,27.1,60.410000000000004
2020,2,22,16,15,477,805,1.6,26.900000000000002,61.120000000000005
2020,2,22,16,30,418,774,1.6,26.700000000000003,61.84
2020,2,22,16,45,357,729,1.6,26.6,63.690000000000005
2020,2,22,17,0,295,680,1.6,26.400000000000002,64.44
2020,2,22,17,15,233,620,1.6,26.1,65.65
2020,2,22,17,30,173,544,1.6,25.8,66.82000000000001
2020,2,22,17,45,115,438,1.6,25.6,69.72
2020,2,22,18,0,64,304,1.7000000000000002,25.3,70.97
2020,2,22,18,15,23,127,1.7000000000000002,25.200000000000003,71.39
2020,2,22,18,30,0,0,1.7000000000000002,25.1,71.82000000000001
2020,2,22,18,45,0,0,1.7000000000000002,24.900000000000002,73.12
2020,2,22,19,0,0,0,1.7000000000000002,24.8,73.63
2020,2,22,19,15,0,0,1.7000000000000002,24.8,73.63
2020,2,22,19,30,0,0,1.7000000000000002,24.8,73.63
2020,2,22,19,45,0,0,1.7000000000000002,24.8,73.63
2020,2,22,20,0,0,0,1.7000000000000002,24.5,75
2020,2,22,20,15,0,0,1.8,24.400000000000002,75.45
2020,2,22,20,30,0,0,1.8,24.3,75.9
2020,2,22,20,45,0,0,1.8,24.3,75.76
2020,2,22,21,0,0,0,1.8,24.200000000000003,76.21000000000001
2020,2,22,21,15,0,0,1.8,24.1,76.67
2020,2,22,21,30,0,0,1.8,24.1,76.67
2020,2,22,21,45,0,0,1.9000000000000001,24,77.29
2020,2,22,22,0,0,0,1.9000000000000001,23.900000000000002,77.75
2020,2,22,22,15,0,0,1.9000000000000001,23.900000000000002,77.75
2020,2,22,22,30,0,0,1.9000000000000001,23.8,78.22
2020,2,22,22,45,0,0,1.9000000000000001,23.700000000000003,78.89
2020,2,22,23,0,0,0,1.9000000000000001,23.700000000000003,78.89
2020,2,22,23,15,0,0,1.9000000000000001,23.6,79.36
2020,2,22,23,30,0,0,1.9000000000000001,23.6,79.28
2020,2,22,23,45,0,0,1.9000000000000001,23.5,80.03
2020,2,23,0,0,0,0,2,23.5,80.03
2020,2,23,0,15,0,0,2,23.400000000000002,80.51
2020,2,23,0,30,0,0,2,23.400000000000002,80.51
2020,2,23,0,45,0,0,2,23.3,81.18
2020,2,23,1,0,0,0,2,23.3,81.18
2020,2,23,1,15,0,0,1.9000000000000001,23.200000000000003,81.67
2020,2,23,1,30,0,0,1.9000000000000001,23.200000000000003,81.67
2020,2,23,1,45,0,0,1.9000000000000001,23.1,81.99
2020,2,23,2,0,0,0,1.9000000000000001,23.1,81.99
2020,2,23,2,15,0,0,1.9000000000000001,23.1,81.99
2020,2,23,2,30,0,0,1.9000000000000001,23,82.48
2020,2,23,2,45,0,0,1.8,23,82.18
2020,2,23,3,0,0,0,1.8,23,82.18
2020,2,23,3,15,0,0,1.8,23,82.18
2020,2,23,3,30,0,0,1.8,22.900000000000002,82.67
2020,2,23,3,45,0,0,1.7000000000000002,22.900000000000002,82.39
2020,2,23,4,0,0,0,1.7000000000000002,22.900000000000002,82.39
2020,2,23,4,15,0,0,1.7000000000000002,22.900000000000002,82.39
2020,2,23,4,30,0,0,1.7000000000000002,22.900000000000002,82.39
2020,2,23,4,45,0,0,1.7000000000000002,22.900000000000002,82.21000000000001
2020,2,23,5,0,0,0,1.7000000000000002,22.900000000000002,82.21000000000001
2020,2,23,5,15,0,0,1.8,22.900000000000002,82.21000000000001
2020,2,23,5,30,0,0,1.9000000000000001,22.900000000000002,82.21000000000001
2020,2,23,5,45,0,0,1.9000000000000001,22.8,82.93
2020,2,23,6,0,0,0,2,22.8,82.93
2020,2,23,6,15,0,0,2.1,23.1,81.44
2020,2,23,6,30,0,0,2.2,23.3,80.55
2020,2,23,6,45,0,0,2.3000000000000003,23.5,82.95
2020,2,23,7,0,25,162,2.4000000000000004,23.700000000000003,81.97
2020,2,23,7,15,67,339,2.5,23.900000000000002,80.99
2020,2,23,7,30,120,469,2.7,24.200000000000003,79.55
2020,2,23,7,45,178,568,2.8000000000000003,24.400000000000002,77.69
2020,2,23,8,0,238,641,3,24.6,76.77
2020,2,23,8,15,299,696,3,24.900000000000002,75.41
2020,2,23,8,30,360,741,3.1,25.1,74.52
2020,2,23,8,45,420,779,3.1,25.400000000000002,70.88
2020,2,23,9,0,479,809,3.2,25.6,70.12
2020,2,23,9,15,535,835,3.2,25.8,69.3
2020,2,23,9,30,589,856,3.3000000000000003,26,68.48
2020,2,23,9,45,641,875,3.3000000000000003,26.200000000000003,66.46000000000001
2020,2,23,10,0,688,889,3.4000000000000004,26.400000000000002,65.68
2020,2,23,10,15,733,903,3.3000000000000003,26.5,65.23
2020,2,23,10,30,774,914,3.3000000000000003,26.6,64.85
2020,2,23,10,45,810,920,3.3000000000000003,26.8,64.09
2020,2,23,11,0,843,928,3.3000000000000003,26.900000000000002,63.71
2020,2,23,11,15,870,933,3.2,26.900000000000002,63.71
2020,2,23,11,30,894,939,3.1,26.900000000000002,63.71
2020,2,23,11,45,912,939,3,26.900000000000002,64.53
2020,2,23,12,0,927,942,2.9000000000000004,27,64.15
2020,2,23,12,15,935,942,2.8000000000000003,26.900000000000002,64.53
2020,2,23,12,30,940,944,2.7,26.900000000000002,64.53
2020,2,23,12,45,939,941,2.6,26.900000000000002,65.13
2020,2,23,13,0,933,938,2.5,26.900000000000002,65.13
2020,2,23,13,15,923,936,2.4000000000000004,26.8,65.51
2020,2,23,13,30,908,933,2.4000000000000004,26.8,65.44
2020,2,23,13,45,595,192,2.3000000000000003,26.700000000000003,66.06
2020,2,23,14,0,862,917,2.2,26.700000000000003,66.06
2020,2,23,14,15,834,910,2.1,26.6,66.44
2020,2,23,14,30,546,208,2.1,26.400000000000002,67.23
2020,2,23,14,45,764,891,2,26.3,68.41
2020,2,23,15,0,83,0,2,26.200000000000003,68.82000000000001
2020,2,23,15,15,50,0,1.9000000000000001,26.1,69.22
2020,2,23,15,30,126,0,1.9000000000000001,26,69.63
2020,2,23,15,45,244,27,1.8,25.8,71.39
2020,2,23,16,0,166,1,1.8,25.700000000000003,71.81
2020,2,23,16,15,83,0,1.7000000000000002,25.5,72.67
2020,2,23,16,30,195,41,1.7000000000000002,25.400000000000002,73.10000000000001
2020,2,23,16,45,92,0,1.6,25.200000000000003,75.72
2020,2,23,17,0,74,0,1.6,25,76.62
2020,2,23,17,15,229,600,1.5,24.8,77.62
2020,2,23,17,30,170,524,1.5,24.6,78.55
2020,2,23,17,45,113,422,1.4000000000000001,24.400000000000002,81.78
2020,2,23,18,0,63,291,1.3,24.200000000000003,82.76
2020,2,23,18,15,23,123,1.3,24.1,83.26
2020,2,23,18,30,0,0,1.3,24,83.75
2020,2,23,18,45,0,0,1.2000000000000002,24,83.28
2020,2,23,19,0,0,0,1.2000000000000002,23.900000000000002,83.78
2020,2,23,19,15,0,0,1.2000000000000002,23.900000000000002,83.78
2020,2,23,19,30,0,0,1.2000000000000002,23.900000000000002,83.78
2020,2,23,19,45,0,0,1.2000000000000002,23.900000000000002,83.78
2020,2,23,20,0,0,0,1,23.700000000000003,84.06
2020,2,23,20,15,0,0,1,23.700000000000003,84.06
2020,2,23,20,30,0,0,1,23.6,84.56
2020,2,23,20,45,0,0,1,23.6,84.53
2020,2,23,21,0,0,0,1,23.5,85.04
2020,2,23,21,15,0,0,1,23.5,85.04
2020,2,23,21,30,0,0,1,23.400000000000002,85.55
2020,2,23,21,45,0,0,1,23.400000000000002,85.77
2020,2,23,22,0,0,0,1.1,23.3,86.29
2020,2,23,22,15,0,0,1.1,23.3,86.29
2020,2,23,22,30,0,0,1.1,23.200000000000003,86.81
2020,2,23,22,45,0,0,1.1,23.200000000000003,86.95
2020,2,23,23,0,0,0,1.1,23.200000000000003,86.95
2020,2,23,23,15,0,0,1.1,23.200000000000003,86.95
2020,2,23,23,30,0,0,1.1,23.200000000000003,86.95
2020,2,23,23,45,0,0,1.1,23.1,87.59
2020,2,24,0,0,0,0,1.1,23.1,87.59
2020,2,24,0,15,0,0,1.1,23.1,87.59
2020,2,24,0,30,0,0,1.1,23.1,87.5
2020,2,24,0,45,0,0,1.1,23.1,87.73
2020,2,24,1,0,0,0,1.1,23.1,87.73
2020,2,24,1,15,0,0,1,23.1,87.73
2020,2,24,1,30,0,0,1,23.1,87.73
2020,2,24,1,45,0,0,0.9,23.1,87.24
2020,2,24,2,0,0,0,0.9,23.1,87.24
2020,2,24,2,15,0,0,0.9,23.1,87.24
2020,2,24,2,30,0,0,0.9,23.1,87.24
2020,2,24,2,45,0,0,0.8,23.1,86.83
2020,2,24,3,0,0,0,0.8,23.1,86.83
2020,2,24,3,15,0,0,0.8,23.1,86.83
2020,2,24,3,30,0,0,0.8,23.1,86.83
2020,2,24,3,45,0,0,0.8,23,87.22
2020,2,24,4,0,0,0,0.8,23,87.22
2020,2,24,4,15,0,0,0.8,23,87.22
2020,2,24,4,30,0,0,0.8,23,87.22
2020,2,24,4,45,0,0,0.8,23,87.08
2020,2,24,5,0,0,0,0.8,23,87.08
2020,2,24,5,15,0,0,0.8,23,87.08
2020,2,24,5,30,0,0,0.9,23,87.08
2020,2,24,5,45,0,0,0.9,23,87.24
2020,2,24,6,0,0,0,1,23,87.24
2020,2,24,6,15,0,0,1,23.1,86.72
2020,2,24,6,30,0,0,1.1,23.200000000000003,86.2
2020,2,24,6,45,0,0,1.1,23.3,88.66
2020,2,24,7,0,25,153,1.2000000000000002,23.400000000000002,88.13
2020,2,24,7,15,66,320,1.2000000000000002,23.6,87.17
2020,2,24,7,30,118,447,1.2000000000000002,23.700000000000003,86.64
2020,2,24,7,45,175,544,1.2000000000000002,23.900000000000002,85.28
2020,2,24,8,0,234,616,1.2000000000000002,24.1,84.26
2020,2,24,8,15,294,673,1.1,24.200000000000003,83.76
2020,2,24,8,30,354,718,1.1,24.3,83.26
2020,2,24,8,45,413,754,1.1,24.5,79.56
2020,2,24,9,0,470,785,1,24.6,79.17
2020,2,24,9,15,526,811,1.1,24.8,78.23
2020,2,24,9,30,579,833,1.2000000000000002,25,77.31
2020,2,24,9,45,630,853,1.3,25.200000000000003,75.23
2020,2,24,10,0,678,869,1.4000000000000001,25.400000000000002,74.35000000000001
2020,2,24,10,15,722,883,1.5,25.5,73.91
2020,2,24,10,30,763,894,1.6,25.6,73.4
2020,2,24,10,45,796,891,1.8,25.700000000000003,72.71000000000001
2020,2,24,11,0,829,900,1.9000000000000001,25.8,72.28
2020,2,24,11,15,555,161,1.9000000000000001,25.8,72.28
2020,2,24,11,30,392,37,2,25.8,72.28
2020,2,24,11,45,314,18,2,25.8,72.49
2020,2,24,12,0,131,0,2.1,25.8,72.49
2020,2,24,12,15,64,0,2.1,25.700000000000003,72.92
2020,2,24,12,30,98,0,2.1,25.700000000000003,72.92
2020,2,24,12,45,92,0,2.2,25.6,73.85000000000001
2020,2,24,13,0,138,0,2.2,25.6,73.78
2020,2,24,13,15,153,2,2.3000000000000003,25.5,74.21000000000001
2020,2,24,13,30,76,0,2.3000000000000003,25.400000000000002,74.65
2020,2,24,13,45,53,0,2.4000000000000004,25.400000000000002,75.18
2020,2,24,14,0,126,0,2.5,25.3,75.62
2020,2,24,14,15,194,6,2.5,25.200000000000003,76.07000000000001
2020,2,24,14,30,128,0,2.6,25.1,76.52
2020,2,24,14,45,197,6,2.7,25,77.48
2020,2,24,15,0,167,2,2.8000000000000003,25,77.48
2020,2,24,15,15,182,3,2.8000000000000003,24.900000000000002,77.94
2020,2,24,15,30,136,0,2.9000000000000004,24.8,78.4
2020,2,24,15,45,153,0,3,24.6,80.06
2020,2,24,16,0,28,0,3,24.5,80.54
2020,2,24,16,15,153,0,3.1,24.400000000000002,81.02
2020,2,24,16,30,48,0,3.1,24.3,81.5
2020,2,24,16,45,43,0,3.2,24.1,83.84
2020,2,24,17,0,39,0,3.2,24,84.35000000000001
2020,2,24,17,15,228,586,3.2,23.8,85.36
2020,2,24,17,30,169,511,3.2,23.700000000000003,85.88
2020,2,24,17,45,114,428,3.2,23.5,88.10000000000001
2020,2,24,18,0,63,298,3.2,23.3,89.17
2020,2,24,18,15,23,128,3.3000000000000003,23.3,89.17
2020,2,24,18,30,0,0,3.4000000000000004,23.200000000000003,89.7
2020,2,24,18,45,0,0,3.4000000000000004,23.1,90.97
2020,2,24,19,0,0,0,3.5,23.1,90.97
2020,2,24,19,15,0,0,3.5,23.1,90.97
2020,2,24,19,30,0,0,3.5,23.1,90.97
2020,2,24,19,45,0,0,3.5,23.1,90.97
2020,2,24,20,0,0,0,3.8000000000000003,23,92.14
2020,2,24,20,15,0,0,3.8000000000000003,22.900000000000002,92.69
2020,2,24,20,30,0,0,3.8000000000000003,22.900000000000002,92.79
2020,2,24,20,45,0,0,3.9000000000000004,22.900000000000002,93.49
2020,2,24,21,0,0,0,3.9000000000000004,22.900000000000002,93.49
2020,2,24,21,15,0,0,3.9000000000000004,22.8,94.05
2020,2,24,21,30,0,0,3.9000000000000004,22.8,94.05
2020,2,24,21,45,0,0,3.9000000000000004,22.8,94.4
2020,2,24,22,0,0,0,3.9000000000000004,22.8,94.31
2020,2,24,22,15,0,0,3.9000000000000004,22.8,94.31
2020,2,24,22,30,0,0,3.8000000000000003,22.8,94.31
2020,2,24,22,45,0,0,3.8000000000000003,22.8,94.4
2020,2,24,23,0,0,0,3.8000000000000003,22.8,94.4
2020,2,24,23,15,0,0,3.8000000000000003,22.8,94.4
2020,2,24,23,30,0,0,3.8000000000000003,22.8,94.4
2020,2,24,23,45,0,0,3.8000000000000003,22.8,94.49
2020,2,25,0,0,0,0,3.8000000000000003,22.8,94.49
2020,2,25,0,15,0,0,3.8000000000000003,22.700000000000003,95.06
2020,2,25,0,30,0,0,3.8000000000000003,22.700000000000003,95.06
2020,2,25,0,45,0,0,3.8000000000000003,22.700000000000003,95.09
2020,2,25,1,0,0,0,3.8000000000000003,22.700000000000003,95.09
2020,2,25,1,15,0,0,3.9000000000000004,22.700000000000003,95
2020,2,25,1,30,0,0,3.9000000000000004,22.700000000000003,95
2020,2,25,1,45,0,0,3.9000000000000004,22.700000000000003,95.08
2020,2,25,2,0,0,0,3.9000000000000004,22.700000000000003,95.08
2020,2,25,2,15,0,0,4,22.700000000000003,95.08
2020,2,25,2,30,0,0,4,22.700000000000003,95.08
2020,2,25,2,45,0,0,4,22.700000000000003,95.28
2020,2,25,3,0,0,0,4.1000000000000005,22.700000000000003,95.28
2020,2,25,3,15,0,0,4.1000000000000005,22.700000000000003,95.28
2020,2,25,3,30,0,0,4.1000000000000005,22.700000000000003,95.28
2020,2,25,3,45,0,0,4.2,22.700000000000003,95.28
2020,2,25,4,0,0,0,4.2,22.700000000000003,95.28
2020,2,25,4,15,0,0,4.3,22.700000000000003,95.28
2020,2,25,4,30,0,0,4.3,22.700000000000003,95.28
2020,2,25,4,45,0,0,4.3,22.700000000000003,95.46000000000001
2020,2,25,5,0,0,0,4.4,22.700000000000003,95.46000000000001
2020,2,25,5,15,0,0,4.4,22.700000000000003,95.46000000000001
2020,2,25,5,30,0,0,4.4,22.700000000000003,95.56
2020,2,25,5,45,0,0,4.4,22.700000000000003,95.83
2020,2,25,6,0,0,0,4.4,22.700000000000003,95.83
2020,2,25,6,15,0,0,4.5,22.8,95.25
2020,2,25,6,30,0,0,4.5,22.8,95.25
2020,2,25,6,45,0,0,4.6000000000000005,22.900000000000002,95.44
2020,2,25,7,0,26,123,4.7,23,94.87
2020,2,25,7,15,67,291,4.7,23.1,94.3
2020,2,25,7,30,118,421,4.800000000000001,23.200000000000003,93.73
2020,2,25,7,45,175,522,4.9,23.400000000000002,92.14
2020,2,25,8,0,8,0,4.9,23.5,91.68
2020,2,25,8,15,134,21,5,23.700000000000003,90.59
2020,2,25,8,30,157,22,5,23.8,90.05
2020,2,25,8,45,158,7,5,24,87.99
2020,2,25,9,0,472,767,5.1000000000000005,24.200000000000003,86.95
2020,2,25,9,15,103,0,5.1000000000000005,24.400000000000002,85.91
2020,2,25,9,30,179,3,5.1000000000000005,24.6,84.9
2020,2,25,9,45,631,832,5.1000000000000005,24.700000000000003,83.84
2020,2,25,10,0,679,849,5.1000000000000005,24.900000000000002,82.85000000000001
2020,2,25,10,15,266,17,5.1000000000000005,25.1,81.88
2020,2,25,10,30,764,876,5,25.200000000000003,81.39
2020,2,25,10,45,794,854,5,25.3,80.92
2020,2,25,11,0,258,12,5,25.5,79.97
2020,2,25,11,15,854,872,4.9,25.6,79.5
2020,2,25,11,30,878,878,4.9,25.6,79.42
2020,2,25,11,45,897,882,4.800000000000001,25.700000000000003,79.04
2020,2,25,12,0,912,886,4.800000000000001,25.8,78.58
2020,2,25,12,15,460,55,4.7,25.8,78.58
2020,2,25,12,30,926,889,4.7,25.900000000000002,78.12
2020,2,25,12,45,928,896,4.6000000000000005,25.900000000000002,78.01
2020,2,25,13,0,924,895,4.6000000000000005,26,77.47
2020,2,25,13,15,368,26,4.6000000000000005,26,77.47
2020,2,25,13,30,899,889,4.5,26,77.47
2020,2,25,13,45,886,910,4.5,26,77.31
2020,2,25,14,0,862,904,4.4,26,77.31
2020,2,25,14,15,506,127,4.4,25.900000000000002,77.77
2020,2,25,14,30,325,26,4.4,25.900000000000002,77.77
2020,2,25,14,45,380,57,4.3,25.8,78.06
2020,2,25,15,0,332,41,4.3,25.8,78.06
2020,2,25,15,15,267,21,4.3,25.700000000000003,78.53
2020,2,25,15,30,336,76,4.3,25.6,78.99
2020,2,25,15,45,194,7,4.3,25.5,79.72
2020,2,25,16,0,92,0,4.3,25.400000000000002,80.2
2020,2,25,16,15,466,751,4.3,25.200000000000003,81.15
2020,2,25,16,30,408,717,4.3,25,82.12
2020,2,25,16,45,348,676,4.2,24.8,83.96000000000001
2020,2,25,17,0,11,0,4.2,24.700000000000003,84.46000000000001
2020,2,25,17,15,96,0,4.2,24.5,85.47
2020,2,25,17,30,169,487,4.1000000000000005,24.3,86.5
2020,2,25,17,45,114,395,4.1000000000000005,24.200000000000003,88.24
2020,2,25,18,0,63,264,4.1000000000000005,24,89.31
2020,2,25,18,15,24,99,4.1000000000000005,23.900000000000002,89.93
2020,2,25,18,30,0,0,4.1000000000000005,23.8,90.47
2020,2,25,18,45,0,0,4.1000000000000005,23.8,91.23
2020,2,25,19,0,0,0,4.1000000000000005,23.700000000000003,91.78
2020,2,25,19,15,0,0,4.1000000000000005,23.700000000000003,91.78
2020,2,25,19,30,0,0,4.1000000000000005,23.700000000000003,91.78
2020,2,25,19,45,0,0,4.1000000000000005,23.700000000000003,91.78
2020,2,25,20,0,0,0,4.1000000000000005,23.5,93.18
2020,2,25,20,15,0,0,4.1000000000000005,23.5,93.18
2020,2,25,20,30,0,0,4.1000000000000005,23.5,93.27
2020,2,25,20,45,0,0,4.1000000000000005,23.5,93.3
2020,2,25,21,0,0,0,4,23.400000000000002,93.87
2020,2,25,21,15,0,0,4,23.400000000000002,93.87
2020,2,25,21,30,0,0,4,23.400000000000002,93.87
2020,2,25,21,45,0,0,4,23.400000000000002,93.85000000000001
2020,2,25,22,0,0,0,4,23.400000000000002,93.85000000000001
2020,2,25,22,15,0,0,4,23.3,94.42
2020,2,25,22,30,0,0,4,23.3,94.32000000000001
2020,2,25,22,45,0,0,4,23.3,94.06
2020,2,25,23,0,0,0,3.9000000000000004,23.3,94.06
2020,2,25,23,15,0,0,3.9000000000000004,23.200000000000003,94.62
2020,2,25,23,30,0,0,4,23.200000000000003,94.62
2020,2,25,23,45,0,0,4,23.200000000000003,94.23
2020,2,26,0,0,0,0,4,23.200000000000003,94.23
2020,2,26,0,15,0,0,4,23.1,94.8
2020,2,26,0,30,0,0,3.9000000000000004,23.1,94.8
2020,2,26,0,45,0,0,3.9000000000000004,23.1,94.59
2020,2,26,1,0,0,0,3.9000000000000004,23.1,94.49
2020,2,26,1,15,0,0,3.9000000000000004,23,95.07000000000001
2020,2,26,1,30,0,0,3.9000000000000004,23,95.07000000000001
2020,2,26,1,45,0,0,3.9000000000000004,23,94.81
2020,2,26,2,0,0,0,3.9000000000000004,22.900000000000002,95.38
2020,2,26,2,15,0,0,3.9000000000000004,22.900000000000002,95.38
2020,2,26,2,30,0,0,3.9000000000000004,22.900000000000002,95.38
2020,2,26,2,45,0,0,3.8000000000000003,22.900000000000002,95.22
2020,2,26,3,0,0,0,3.8000000000000003,22.900000000000002,95.22
2020,2,26,3,15,0,0,3.8000000000000003,22.900000000000002,95.22
2020,2,26,3,30,0,0,3.8000000000000003,22.8,95.79
2020,2,26,3,45,0,0,3.8000000000000003,22.8,95.72
2020,2,26,4,0,0,0,3.7,22.8,95.72
2020,2,26,4,15,0,0,3.7,22.8,95.72
2020,2,26,4,30,0,0,3.7,22.8,95.72
2020,2,26,4,45,0,0,3.7,22.8,95.57000000000001
2020,2,26,5,0,0,0,3.7,22.8,95.57000000000001
2020,2,26,5,15,0,0,3.7,22.8,95.57000000000001
2020,2,26,5,30,0,0,3.7,22.900000000000002,94.99
2020,2,26,5,45,0,0,3.7,22.900000000000002,95.32000000000001
2020,2,26,6,0,0,0,3.7,22.900000000000002,95.32000000000001
2020,2,26,6,15,0,0,3.8000000000000003,23,94.75
2020,2,26,6,30,0,0,3.9000000000000004,23.200000000000003,93.62
2020,2,26,6,45,0,0,4,23.3,94.8
2020,2,26,7,0,30,221,4.1000000000000005,23.5,93.67
2020,2,26,7,15,75,392,4.2,23.6,93.11
2020,2,26,7,30,129,514,4.3,23.8,92.09
2020,2,26,7,45,187,604,4.4,24,90.83
2020,2,26,8,0,248,672,4.5,24.1,90.29
2020,2,26,8,15,309,725,4.6000000000000005,24.400000000000002,88.68
2020,2,26,8,30,370,767,4.7,24.6,87.63
2020,2,26,8,45,429,795,4.800000000000001,24.8,85.18
2020,2,26,9,0,488,824,4.9,25.1,83.67
2020,2,26,9,15,545,848,4.9,25.200000000000003,83.18
2020,2,26,9,30,599,868,4.9,25.400000000000002,82.2
2020,2,26,9,45,649,880,4.9,25.6,79.94
2020,2,26,10,0,698,897,5,25.8,79.08
2020,2,26,10,15,743,910,5,25.900000000000002,78.53
2020,2,26,10,30,248,12,4.9,26.1,77.61
2020,2,26,10,45,820,925,4.9,26.200000000000003,76.45
2020,2,26,11,0,853,933,4.9,26.3,76
2020,2,26,11,15,881,940,4.9,26.3,76
2020,2,26,11,30,499,91,4.9,26.400000000000002,75.56
2020,2,26,11,45,923,944,4.9,26.5,74.64
2020,2,26,12,0,324,18,4.9,26.5,74.64
2020,2,26,12,15,308,16,4.9,26.5,74.57000000000001
2020,2,26,12,30,385,28,4.800000000000001,26.6,74.13
2020,2,26,12,45,951,947,4.800000000000001,26.6,73.51
2020,2,26,13,0,354,23,4.800000000000001,26.6,73.51
2020,2,26,13,15,443,49,4.7,26.6,73.51
2020,2,26,13,30,921,941,4.7,26.6,73.51
2020,2,26,13,45,899,928,4.7,26.6,72.8
2020,2,26,14,0,875,922,4.6000000000000005,26.5,73.15
2020,2,26,14,15,846,915,4.6000000000000005,26.5,73.15
2020,2,26,14,30,814,909,4.6000000000000005,26.400000000000002,73.58
2020,2,26,14,45,776,895,4.5,26.3,73.49
2020,2,26,15,0,735,883,4.5,26.3,73.49
2020,2,26,15,15,690,869,4.5,26.1,74.36
2020,2,26,15,30,641,852,4.5,26,74.8
2020,2,26,15,45,589,834,4.4,25.8,75.75
2020,2,26,16,0,535,811,4.4,25.700000000000003,76.2
2020,2,26,16,15,478,784,4.4,25.5,77.11
2020,2,26,16,30,420,754,4.4,25.400000000000002,77.57000000000001
2020,2,26,16,45,360,719,4.3,25.200000000000003,79.01
2020,2,26,17,0,299,672,4.3,25,80.04
2020,2,26,17,15,238,613,4.2,24.8,80.99
2020,2,26,17,30,178,540,4.1000000000000005,24.6,81.96000000000001
2020,2,26,17,45,121,450,4.1000000000000005,24.400000000000002,83.81
2020,2,26,18,0,68,318,4,24.200000000000003,84.82000000000001
2020,2,26,18,15,26,141,4,24.1,85.33
2020,2,26,18,30,0,0,4,24,85.84
2020,2,26,18,45,0,0,4,23.900000000000002,86.89
2020,2,26,19,0,0,0,4,23.8,87.5
2020,2,26,19,15,0,0,4,23.8,87.5
2020,2,26,19,30,0,0,4,23.8,87.5
2020,2,26,19,45,0,0,4,23.8,87.5
2020,2,26,20,0,0,0,4,23.6,88.77
2020,2,26,20,15,0,0,4,23.6,88.77
2020,2,26,20,30,0,0,4,23.5,89.31
2020,2,26,20,45,0,0,4,23.5,88.89
2020,2,26,21,0,0,0,4,23.400000000000002,89.43
2020,2,26,21,15,0,0,4,23.400000000000002,89.43
2020,2,26,21,30,0,0,4,23.400000000000002,89.43
2020,2,26,21,45,0,0,4,23.3,89.4
2020,2,26,22,0,0,0,4,23.3,89.4
2020,2,26,22,15,0,0,3.9000000000000004,23.3,89.4
2020,2,26,22,30,0,0,3.9000000000000004,23.200000000000003,89.94
2020,2,26,22,45,0,0,3.9000000000000004,23.200000000000003,89.49
2020,2,26,23,0,0,0,3.9000000000000004,23.200000000000003,89.49
2020,2,26,23,15,0,0,3.8000000000000003,23.1,90.03
2020,2,26,23,30,0,0,3.8000000000000003,23.1,90.03
2020,2,26,23,45,0,0,3.7,23.1,89.29
2020,2,27,0,0,0,0,3.7,23,89.83
2020,2,27,0,15,0,0,3.7,23,89.74
2020,2,27,0,30,0,0,3.6,23,89.74
2020,2,27,0,45,0,0,3.6,22.900000000000002,89.74
2020,2,27,1,0,0,0,3.5,22.900000000000002,89.74
2020,2,27,1,15,0,0,3.5,22.8,90.28
2020,2,27,1,30,0,0,3.5,22.8,90.28
2020,2,27,1,45,0,0,3.4000000000000004,22.8,89.65
2020,2,27,2,0,0,0,3.4000000000000004,22.700000000000003,90.19
2020,2,27,2,15,0,0,3.4000000000000004,22.700000000000003,90.10000000000001
2020,2,27,2,30,0,0,3.3000000000000003,22.700000000000003,90.10000000000001
2020,2,27,2,45,0,0,3.3000000000000003,22.6,89.66
2020,2,27,3,0,0,0,3.3000000000000003,22.6,89.66
2020,2,27,3,15,0,0,3.2,22.6,89.66
2020,2,27,3,30,0,0,3.2,22.6,89.66
2020,2,27,3,45,0,0,3.2,22.6,88.85000000000001
2020,2,27,4,0,0,0,3.2,22.5,89.39
2020,2,27,4,15,0,0,3.1,22.5,89.39
2020,2,27,4,30,0,0,3.1,22.5,89.39
2020,2,27,4,45,0,0,3.1,22.5,88.60000000000001
2020,2,27,5,0,0,0,3.1,22.5,88.60000000000001
2020,2,27,5,15,0,0,3,22.5,88.60000000000001
2020,2,27,5,30,0,0,3,22.5,88.60000000000001
2020,2,27,5,45,0,0,3,22.5,87.41
2020,2,27,6,0,0,0,3,22.5,87.41
2020,2,27,6,15,0,0,3,22.700000000000003,86.36
2020,2,27,6,30,0,0,3,23,84.89
2020,2,27,6,45,0,0,3,23.200000000000003,84.24
2020,2,27,7,0,33,231,3.1,23.5,82.74
2020,2,27,7,15,79,407,3.1,23.6,82.24
2020,2,27,7,30,135,531,3.1,23.8,81.26
2020,2,27,7,45,196,626,3.1,24,78.24
2020,2,27,8,0,258,694,3.1,24.200000000000003,77.38
2020,2,27,8,15,321,746,3.1,24.400000000000002,76.47
2020,2,27,8,30,384,788,3.1,24.6,75.56
2020,2,27,8,45,446,825,3,24.8,73.53
2020,2,27,9,0,505,853,3,25,72.66
2020,2,27,9,15,563,877,3,25.1,72.23
2020,2,27,9,30,618,897,3,25.3,71.38
2020,2,27,9,45,671,916,2.9000000000000004,25.5,70.09
2020,2,27,10,0,720,930,2.9000000000000004,25.700000000000003,69.27
2020,2,27,10,15,765,943,2.9000000000000004,25.900000000000002,68.46000000000001
2020,2,27,10,30,807,953,2.9000000000000004,26,68.06
2020,2,27,10,45,846,967,2.9000000000000004,26.200000000000003,67.15
2020,2,27,11,0,879,975,2.9000000000000004,26.3,66.76
2020,2,27,11,15,908,981,2.9000000000000004,26.5,65.91
2020,2,27,11,30,932,986,2.9000000000000004,26.6,65.53
2020,2,27,11,45,951,989,2.9000000000000004,26.700000000000003,64.64
2020,2,27,12,0,966,992,2.9000000000000004,26.8,64.26
2020,2,27,12,15,976,994,2.8000000000000003,26.900000000000002,63.89
2020,2,27,12,30,980,995,2.8000000000000003,27,63.45
2020,2,27,12,45,980,994,2.8000000000000003,27.1,62.28
2020,2,27,13,0,975,993,2.7,27.1,62.28
2020,2,27,13,15,964,991,2.7,27.200000000000003,61.92
2020,2,27,13,30,950,988,2.7,27.200000000000003,61.92
2020,2,27,13,45,929,981,2.6,27.200000000000003,61.2
2020,2,27,14,0,904,976,2.6,27.200000000000003,61.2
2020,2,27,14,15,875,970,2.6,27.200000000000003,61.14
2020,2,27,14,30,841,963,2.5,27.200000000000003,61.14
2020,2,27,14,45,803,952,2.5,27.1,61.04
2020,2,27,15,0,761,942,2.5,27.1,61.04
2020,2,27,15,15,715,929,2.5,27,61.4
2020,2,27,15,30,666,914,2.5,26.900000000000002,61.76
2020,2,27,15,45,613,896,2.5,26.8,62.42
2020,2,27,16,0,557,876,2.5,26.700000000000003,62.79
2020,2,27,16,15,499,852,2.5,26.5,63.53
2020,2,27,16,30,439,823,2.5,26.3,64.28
2020,2,27,16,45,377,788,2.5,26.1,66.62
2020,2,27,17,0,315,745,2.5,25.900000000000002,67.41
2020,2,27,17,15,252,691,2.6,25.6,68.62
2020,2,27,17,30,190,622,2.6,25.200000000000003,70.26
2020,2,27,17,45,130,531,2.6,24.8,74.57000000000001
2020,2,27,18,0,74,404,2.6,24.400000000000002,76.37
2020,2,27,18,15,29,224,2.7,24.3,76.83
2020,2,27,18,30,0,0,2.7,24.1,77.83
2020,2,27,18,45,0,0,2.8000000000000003,24,79.29
2020,2,27,19,0,0,0,2.9000000000000004,23.8,80.24
2020,2,27,19,15,0,0,2.9000000000000004,23.8,80.24
2020,2,27,19,30,0,0,2.9000000000000004,23.8,80.24
2020,2,27,19,45,0,0,2.9000000000000004,23.8,80.24
2020,2,27,20,0,0,0,3,23.5,82.60000000000001
2020,2,27,20,15,0,0,3.1,23.400000000000002,83.09
2020,2,27,20,30,0,0,3.1,23.3,83.59
2020,2,27,20,45,0,0,3.1,23.200000000000003,84.9
2020,2,27,21,0,0,0,3.2,23.1,85.41
2020,2,27,21,15,0,0,3.2,23.1,85.41
2020,2,27,21,30,0,0,3.2,23,85.92
2020,2,27,21,45,0,0,3.2,22.900000000000002,87.35000000000001
2020,2,27,22,0,0,0,3.2,22.900000000000002,87.35000000000001
2020,2,27,22,15,0,0,3.2,22.8,87.88
2020,2,27,22,30,0,0,3.2,22.8,87.88
2020,2,27,22,45,0,0,3.2,22.700000000000003,89.3
2020,2,27,23,0,0,0,3.2,22.700000000000003,89.3
2020,2,27,23,15,0,0,3.2,22.6,89.84
2020,2,27,23,30,0,0,3.2,22.6,89.84
2020,2,27,23,45,0,0,3.1,22.5,91.08
2020,2,28,0,0,0,0,3.1,22.5,90.99
2020,2,28,0,15,0,0,3.1,22.5,90.99
2020,2,28,0,30,0,0,3.1,22.5,90.99
2020,2,28,0,45,0,0,3.1,22.6,90.92
2020,2,28,1,0,0,0,3.1,22.6,90.92
2020,2,28,1,15,0,0,3.1,22.6,90.92
2020,2,28,1,30,0,0,3.1,22.6,90.83
2020,2,28,1,45,0,0,3.2,22.6,91
2020,2,28,2,0,0,0,3.2,22.6,91
2020,2,28,2,15,0,0,3.2,22.6,91
2020,2,28,2,30,0,0,3.2,22.6,91
2020,2,28,2,45,0,0,3.3000000000000003,22.6,91.14
2020,2,28,3,0,0,0,3.3000000000000003,22.700000000000003,90.59
2020,2,28,3,15,0,0,3.4000000000000004,22.700000000000003,90.59
2020,2,28,3,30,0,0,3.4000000000000004,22.700000000000003,90.59
2020,2,28,3,45,0,0,3.5,22.700000000000003,90.98
2020,2,28,4,0,0,0,3.5,22.700000000000003,90.89
2020,2,28,4,15,0,0,3.5,22.700000000000003,90.98
2020,2,28,4,30,0,0,3.6,22.700000000000003,90.98
2020,2,28,4,45,0,0,3.6,22.700000000000003,90.96000000000001
2020,2,28,5,0,0,0,3.7,22.700000000000003,90.96000000000001
2020,2,28,5,15,0,0,3.7,22.700000000000003,90.96000000000001
2020,2,28,5,30,0,0,3.7,22.700000000000003,90.96000000000001
2020,2,28,5,45,0,0,3.6,22.700000000000003,90.77
2020,2,28,6,0,0,0,3.6,22.700000000000003,90.77
2020,2,28,6,15,0,0,3.7,22.900000000000002,89.68
2020,2,28,6,30,0,0,3.7,23.200000000000003,88.07000000000001
2020,2,28,6,45,0,0,3.7,23.400000000000002,87.94
2020,2,28,7,0,36,285,3.7,23.6,86.89
2020,2,28,7,15,83,451,3.7,23.8,85.86
2020,2,28,7,30,139,566,3.7,24.1,84.33
2020,2,28,7,45,199,650,3.7,24.3,82.04
2020,2,28,8,0,261,711,3.7,24.5,81.07000000000001
2020,2,28,8,15,323,761,3.7,24.700000000000003,80.19
2020,2,28,8,30,385,800,3.7,24.900000000000002,79.24
2020,2,28,8,45,446,830,3.7,25.1,77.38
2020,2,28,9,0,505,857,3.6,25.3,76.47
2020,2,28,9,15,562,880,3.6,25.6,75.12
2020,2,28,9,30,616,897,3.6,25.8,74.24
2020,2,28,9,45,667,911,3.6,26,72.95
2020,2,28,10,0,716,925,3.6,26.200000000000003,72.10000000000001
2020,2,28,10,15,761,937,3.6,26.3,71.68
2020,2,28,10,30,802,947,3.6,26.5,70.84
2020,2,28,10,45,837,944,3.6,26.6,70.66
2020,2,28,11,0,870,952,3.6,26.8,69.84
2020,2,28,11,15,898,958,3.6,26.900000000000002,69.43
2020,2,28,11,30,920,961,3.5,26.900000000000002,69.43
2020,2,28,11,45,940,964,3.5,27,69.37
2020,2,28,12,0,954,967,3.5,27.1,68.97
2020,2,28,12,15,964,969,3.5,27.1,68.97
2020,2,28,12,30,968,970,3.5,27.200000000000003,68.56
2020,2,28,12,45,968,971,3.4000000000000004,27.200000000000003,68.85000000000001
2020,2,28,13,0,963,970,3.4000000000000004,27.200000000000003,68.85000000000001
2020,2,28,13,15,953,968,3.4000000000000004,27.200000000000003,68.78
2020,2,28,13,30,937,965,3.4000000000000004,27.200000000000003,68.78
2020,2,28,13,45,912,939,3.3000000000000003,27.200000000000003,68.67
2020,2,28,14,0,889,935,3.3000000000000003,27.1,69.07000000000001
2020,2,28,14,15,860,928,3.3000000000000003,27.1,69.07000000000001
2020,2,28,14,30,826,920,3.3000000000000003,27,69.48
2020,2,28,14,45,789,914,3.2,26.900000000000002,69.57000000000001
2020,2,28,15,0,748,903,3.2,26.900000000000002,69.5
2020,2,28,15,15,702,889,3.2,26.700000000000003,70.39
2020,2,28,15,30,653,873,3.1,26.6,70.8
2020,2,28,15,45,602,861,3.1,26.5,70.94
2020,2,28,16,0,547,839,3.1,26.400000000000002,71.36
2020,2,28,16,15,490,814,3,26.200000000000003,72.21000000000001
2020,2,28,16,30,430,783,2.9000000000000004,26,73.06
2020,2,28,16,45,370,755,2.9000000000000004,25.8,73.74
2020,2,28,17,0,309,713,2.8000000000000003,25.6,74.62
2020,2,28,17,15,247,658,2.7,25.3,75.96000000000001
2020,2,28,17,30,186,587,2.6,25,77.32000000000001
2020,2,28,17,45,127,501,2.5,24.700000000000003,79.82000000000001
2020,2,28,18,0,73,374,2.5,24.400000000000002,81.26
2020,2,28,18,15,28,200,2.4000000000000004,24.200000000000003,82.24
2020,2,28,18,30,0,0,2.4000000000000004,24.1,82.82000000000001
2020,2,28,18,45,0,0,2.4000000000000004,24,83.57000000000001
2020,2,28,19,0,0,0,2.4000000000000004,23.900000000000002,84.07000000000001
2020,2,28,19,15,0,0,2.4000000000000004,23.900000000000002,84.07000000000001
2020,2,28,19,30,0,0,2.4000000000000004,23.900000000000002,84.07000000000001
2020,2,28,19,45,0,0,2.4000000000000004,23.900000000000002,84.07000000000001
2020,2,28,20,0,0,0,2.4000000000000004,23.6,85.59
2020,2,28,20,15,0,0,2.4000000000000004,23.6,85.59
2020,2,28,20,30,0,0,2.4000000000000004,23.5,86.11
2020,2,28,20,45,0,0,2.4000000000000004,23.5,86.01
2020,2,28,21,0,0,0,2.4000000000000004,23.400000000000002,86.52
2020,2,28,21,15,0,0,2.4000000000000004,23.400000000000002,86.52
2020,2,28,21,30,0,0,2.4000000000000004,23.3,87.05
2020,2,28,21,45,0,0,2.4000000000000004,23.200000000000003,87.60000000000001
2020,2,28,22,0,0,0,2.4000000000000004,23.200000000000003,87.60000000000001
2020,2,28,22,15,0,0,2.4000000000000004,23.200000000000003,87.60000000000001
2020,2,28,22,30,0,0,2.4000000000000004,23.1,88.13
2020,2,28,22,45,0,0,2.4000000000000004,23.1,88.51
2020,2,28,23,0,0,0,2.4000000000000004,23,89.05
2020,2,28,23,15,0,0,2.4000000000000004,23,89.05
2020,2,28,23,30,0,0,2.4000000000000004,23,89.05
2020,2,28,23,45,0,0,2.4000000000000004,23,89.43
2020,3,1,0,0,0,0,1.7000000000000002,23.700000000000003,86.22
2020,3,1,0,15,0,0,1.7000000000000002,23.700000000000003,86.14
2020,3,1,0,30,0,0,1.7000000000000002,23.700000000000003,86.14
2020,3,1,0,45,0,0,1.6,23.6,85.77
2020,3,1,1,0,0,0,1.6,23.6,85.77
2020,3,1,1,15,0,0,1.6,23.6,85.77
2020,3,1,1,30,0,0,1.5,23.6,85.68
2020,3,1,1,45,0,0,1.5,23.6,84.64
2020,3,1,2,0,0,0,1.5,23.6,84.64
2020,3,1,2,15,0,0,1.5,23.6,84.64
2020,3,1,2,30,0,0,1.5,23.6,84.64
2020,3,1,2,45,0,0,1.4000000000000001,23.6,83.83
2020,3,1,3,0,0,0,1.4000000000000001,23.6,83.83
2020,3,1,3,15,0,0,1.5,23.6,83.83
2020,3,1,3,30,0,0,1.5,23.5,84.34
2020,3,1,3,45,0,0,1.5,23.5,84.16
2020,3,1,4,0,0,0,1.6,23.5,84.16
2020,3,1,4,15,0,0,1.6,23.5,84.16
2020,3,1,4,30,0,0,1.6,23.5,84.16
2020,3,1,4,45,0,0,1.6,23.400000000000002,84.33
2020,3,1,5,0,0,0,1.6,23.400000000000002,84.33
2020,3,1,5,15,0,0,1.7000000000000002,23.400000000000002,84.33
2020,3,1,5,30,0,0,1.7000000000000002,23.400000000000002,84.42
2020,3,1,5,45,0,0,1.7000000000000002,23.400000000000002,84.19
2020,3,1,6,0,0,0,1.7000000000000002,23.400000000000002,84.19
2020,3,1,6,15,0,0,1.7000000000000002,23.6,83.19
2020,3,1,6,30,0,0,1.7000000000000002,23.8,82.2
2020,3,1,6,45,0,0,1.7000000000000002,24,84.23
2020,3,1,7,0,39,295,1.7000000000000002,24.200000000000003,83.31
2020,3,1,7,15,87,452,1.8,24.400000000000002,82.32000000000001
2020,3,1,7,30,143,563,1.8,24.6,81.35000000000001
2020,3,1,7,45,203,651,1.8,24.700000000000003,78.7
2020,3,1,8,0,265,712,1.9000000000000001,24.900000000000002,77.84
2020,3,1,8,15,326,758,1.9000000000000001,25.1,76.92
2020,3,1,8,30,387,797,1.9000000000000001,25.3,76.02
2020,3,1,8,45,448,831,1.9000000000000001,25.5,73.89
2020,3,1,9,0,507,857,1.9000000000000001,25.700000000000003,73.02
2020,3,1,9,15,564,879,2,25.900000000000002,72.17
2020,3,1,9,30,618,898,2,26.1,71.32000000000001
2020,3,1,9,45,669,914,2,26.3,69.56
2020,3,1,10,0,717,928,2.1,26.5,68.74
2020,3,1,10,15,762,939,2.2,26.6,68.34
2020,3,1,10,30,803,949,2.2,26.700000000000003,67.94
2020,3,1,10,45,838,948,2.3000000000000003,26.900000000000002,67.09
2020,3,1,11,0,871,955,2.4000000000000004,27,66.7
2020,3,1,11,15,900,961,2.5,27.1,66.31
2020,3,1,11,30,924,966,2.6,27.200000000000003,65.86
2020,3,1,11,45,943,971,2.6,27.200000000000003,66.4
2020,3,1,12,0,596,150,2.7,27.3,66.01
2020,3,1,12,15,966,975,2.8000000000000003,27.3,66.01
2020,3,1,12,30,971,976,2.8000000000000003,27.400000000000002,65.56
2020,3,1,12,45,970,974,2.9000000000000004,27.400000000000002,66.34
2020,3,1,13,0,578,127,2.9000000000000004,27.400000000000002,66.34
2020,3,1,13,15,955,971,2.9000000000000004,27.400000000000002,66.34
2020,3,1,13,30,432,45,3,27.400000000000002,66.28
2020,3,1,13,45,917,953,3,27.3,67.3
2020,3,1,14,0,891,946,3,27.3,67.3
2020,3,1,14,15,862,939,3.1,27.200000000000003,67.69
2020,3,1,14,30,828,931,3.1,27.1,68.09
2020,3,1,14,45,791,924,3.1,27.1,68.55
2020,3,1,15,0,749,913,3.1,27,68.88
2020,3,1,15,15,704,900,3.1,26.8,69.69
2020,3,1,15,30,655,885,3.1,26.700000000000003,70.17
2020,3,1,15,45,602,867,3.1,26.6,71.61
2020,3,1,16,0,548,846,3.1,26.400000000000002,72.45
2020,3,1,16,15,491,822,3.1,26.200000000000003,73.31
2020,3,1,16,30,431,793,3.1,26,74.18
2020,3,1,16,45,371,758,3.1,25.8,76.58
2020,3,1,17,0,309,713,3,25.6,77.49
2020,3,1,17,15,247,660,3.1,25.400000000000002,78.49
2020,3,1,17,30,186,591,3.1,25.1,79.9
2020,3,1,17,45,128,502,3.1,24.900000000000002,82.89
2020,3,1,18,0,74,379,3.1,24.700000000000003,83.88
2020,3,1,18,15,30,208,3.2,24.6,84.38
2020,3,1,18,30,0,0,3.3000000000000003,24.5,84.88
2020,3,1,18,45,0,0,3.4000000000000004,24.400000000000002,86.52
2020,3,1,19,0,0,0,3.5,24.3,87.04
2020,3,1,19,15,0,0,3.5,24.3,87.04
2020,3,1,19,30,0,0,3.5,24.3,87.04
2020,3,1,19,45,0,0,3.5,24.3,87.04
2020,3,1,20,0,0,0,3.5,24.1,88.65
2020,3,1,20,15,0,0,3.5,24.1,88.65
2020,3,1,20,30,0,0,3.4000000000000004,24,89.19
2020,3,1,20,45,0,0,3.4000000000000004,24,89.23
2020,3,1,21,0,0,0,3.3000000000000003,24,89.32000000000001
2020,3,1,21,15,0,0,3.3000000000000003,23.900000000000002,89.85000000000001
2020,3,1,21,30,0,0,3.3000000000000003,23.900000000000002,89.85000000000001
2020,3,1,21,45,0,0,3.3000000000000003,23.8,90.24
2020,3,1,22,0,0,0,3.3000000000000003,23.8,90.24
2020,3,1,22,15,0,0,3.3000000000000003,23.8,90.15
2020,3,1,22,30,0,0,3.3000000000000003,23.700000000000003,90.69
2020,3,1,22,45,0,0,3.3000000000000003,23.700000000000003,90.39
2020,3,1,23,0,0,0,3.3000000000000003,23.6,90.94
2020,3,1,23,15,0,0,3.3000000000000003,23.6,90.94
2020,3,1,23,30,0,0,3.3000000000000003,23.5,91.48
2020,3,1,23,45,0,0,3.3000000000000003,23.5,91.36
2020,3,2,0,0,0,0,3.3000000000000003,23.400000000000002,91.82000000000001
2020,3,2,0,15,0,0,3.3000000000000003,23.3,92.37
2020,3,2,0,30,0,0,3.2,23.3,92.37
2020,3,2,0,45,0,0,3.1,23.200000000000003,91.8
2020,3,2,1,0,0,0,3.1,23.200000000000003,91.8
2020,3,2,1,15,0,0,3,23.1,92.36
2020,3,2,1,30,0,0,3,23.1,92.36
2020,3,2,1,45,0,0,2.9000000000000004,23.1,91.05
2020,3,2,2,0,0,0,2.9000000000000004,23,91.60000000000001
2020,3,2,2,15,0,0,2.9000000000000004,23,91.60000000000001
2020,3,2,2,30,0,0,2.9000000000000004,23,91.60000000000001
2020,3,2,2,45,0,0,2.9000000000000004,23,91.21000000000001
2020,3,2,3,0,0,0,2.8000000000000003,22.900000000000002,91.76
2020,3,2,3,15,0,0,2.9000000000000004,22.900000000000002,91.76
2020,3,2,3,30,0,0,2.9000000000000004,22.900000000000002,91.76
2020,3,2,3,45,0,0,2.9000000000000004,22.900000000000002,91.42
2020,3,2,4,0,0,0,2.9000000000000004,22.8,91.98
2020,3,2,4,15,0,0,2.9000000000000004,22.8,91.98
2020,3,2,4,30,0,0,2.9000000000000004,22.8,91.98
2020,3,2,4,45,0,0,2.9000000000000004,22.8,91.72
2020,3,2,5,0,0,0,2.9000000000000004,22.8,91.72
2020,3,2,5,15,0,0,2.9000000000000004,22.8,91.72
2020,3,2,5,30,0,0,2.9000000000000004,22.8,91.72
2020,3,2,5,45,0,0,2.9000000000000004,22.900000000000002,91.42
2020,3,2,6,0,0,0,3,22.900000000000002,91.42
2020,3,2,6,15,0,0,3.1,23,90.87
2020,3,2,6,30,0,0,3.1,23.200000000000003,89.78
2020,3,2,6,45,0,0,3.2,23.400000000000002,90.8
2020,3,2,7,0,21,0,3.3000000000000003,23.5,90.26
2020,3,2,7,15,88,447,3.3000000000000003,23.700000000000003,89.18
2020,3,2,7,30,144,558,3.3000000000000003,23.8,88.65
2020,3,2,7,45,204,642,3.4000000000000004,23.900000000000002,87.75
2020,3,2,8,0,266,704,3.4000000000000004,24.1,86.71000000000001
2020,3,2,8,15,327,750,3.4000000000000004,24.3,85.76
2020,3,2,8,30,388,789,3.4000000000000004,24.5,84.75
2020,3,2,8,45,449,820,3.5,24.700000000000003,82.12
2020,3,2,9,0,507,847,3.5,24.900000000000002,81.15
2020,3,2,9,15,563,867,3.4000000000000004,25.1,80.19
2020,3,2,9,30,617,886,3.4000000000000004,25.3,79.25
2020,3,2,9,45,668,900,3.4000000000000004,25.5,77.23
2020,3,2,10,0,715,913,3.4000000000000004,25.6,76.77
2020,3,2,10,15,343,41,3.3000000000000003,25.8,75.87
2020,3,2,10,30,368,45,3.3000000000000003,25.900000000000002,75.43
2020,3,2,10,45,834,931,3.2,26,74.73
2020,3,2,11,0,866,938,3.2,26.1,74.29
2020,3,2,11,15,893,943,3.2,26.200000000000003,73.86
2020,3,2,11,30,916,948,3.2,26.3,73.35000000000001
2020,3,2,11,45,935,951,3.2,26.400000000000002,72.88
2020,3,2,12,0,196,8,3.2,26.5,72.45
2020,3,2,12,15,290,15,3.2,26.5,72.45
2020,3,2,12,30,397,30,3.2,26.5,72.45
2020,3,2,12,45,560,108,3.3000000000000003,26.6,71.91
2020,3,2,13,0,955,954,3.3000000000000003,26.6,71.91
2020,3,2,13,15,944,950,3.3000000000000003,26.6,71.91
2020,3,2,13,30,424,42,3.4000000000000004,26.5,72.33
2020,3,2,13,45,192,7,3.5,26.5,72.29
2020,3,2,14,0,482,83,3.5,26.5,72.29
2020,3,2,14,15,278,14,3.6,26.400000000000002,72.72
2020,3,2,14,30,74,0,3.7,26.3,73.15
2020,3,2,14,45,174,3,3.7,26.200000000000003,73.85000000000001
2020,3,2,15,0,107,0,3.8000000000000003,26.1,74.29
2020,3,2,15,15,141,0,3.8000000000000003,25.900000000000002,75.17
2020,3,2,15,30,157,0,3.8000000000000003,25.8,75.61
2020,3,2,15,45,215,12,3.9000000000000004,25.6,77.04
2020,3,2,16,0,150,0,3.9000000000000004,25.5,77.5
2020,3,2,16,15,130,0,3.9000000000000004,25.3,78.42
2020,3,2,16,30,196,35,3.9000000000000004,25.1,79.43
2020,3,2,16,45,64,0,3.9000000000000004,24.900000000000002,80.76
2020,3,2,17,0,85,0,3.8000000000000003,24.700000000000003,81.73
2020,3,2,17,15,25,0,3.8000000000000003,24.5,82.71000000000001
2020,3,2,17,30,183,564,3.8000000000000003,24.400000000000002,83.2
2020,3,2,17,45,126,474,3.7,24.200000000000003,84.91
2020,3,2,18,0,72,350,3.7,24,85.93
2020,3,2,18,15,29,182,3.7,23.900000000000002,86.45
2020,3,2,18,30,0,0,3.7,23.8,87.05
2020,3,2,18,45,0,0,3.7,23.700000000000003,87.99
2020,3,2,19,0,0,0,3.7,23.6,88.52
2020,3,2,19,15,0,0,3.7,23.6,88.52
2020,3,2,19,30,0,0,3.7,23.6,88.52
2020,3,2,19,45,0,0,3.7,23.6,88.52
2020,3,2,20,0,0,0,3.8000000000000003,23.400000000000002,89.77
2020,3,2,20,15,0,0,3.8000000000000003,23.400000000000002,89.77
2020,3,2,20,30,0,0,3.8000000000000003,23.400000000000002,89.77
2020,3,2,20,45,0,0,3.8000000000000003,23.400000000000002,89.84
2020,3,2,21,0,0,0,3.8000000000000003,23.3,90.38
2020,3,2,21,15,0,0,3.8000000000000003,23.3,90.38
2020,3,2,21,30,0,0,3.7,23.3,90.38
2020,3,2,21,45,0,0,3.7,23.3,90.32000000000001
2020,3,2,22,0,0,0,3.7,23.200000000000003,90.87
2020,3,2,22,15,0,0,3.7,23.200000000000003,90.87
2020,3,2,22,30,0,0,3.6,23.200000000000003,90.87
2020,3,2,22,45,0,0,3.6,23.200000000000003,90.89
2020,3,2,23,0,0,0,3.6,23.1,91.43
2020,3,2,23,15,0,0,3.5,23.1,91.43
2020,3,2,23,30,0,0,3.5,23.1,91.43
2020,3,2,23,45,0,0,3.5,23.1,91.3
2020,3,3,0,0,0,0,3.5,23.1,91.3
2020,3,3,0,15,0,0,3.5,23.1,91.3
2020,3,3,0,30,0,0,3.5,23.1,91.3
2020,3,3,0,45,0,0,3.5,23,91.75
2020,3,3,1,0,0,0,3.6,23,91.75
2020,3,3,1,15,0,0,3.6,23,91.75
2020,3,3,1,30,0,0,3.6,23,91.75
2020,3,3,1,45,0,0,3.6,23,91.3
2020,3,3,2,0,0,0,3.6,23,91.3
2020,3,3,2,15,0,0,3.6,22.900000000000002,91.85000000000001
2020,3,3,2,30,0,0,3.7,22.900000000000002,91.85000000000001
2020,3,3,2,45,0,0,3.7,22.900000000000002,91.67
2020,3,3,3,0,0,0,3.7,22.900000000000002,91.67
2020,3,3,3,15,0,0,3.7,22.900000000000002,91.67
2020,3,3,3,30,0,0,3.7,22.900000000000002,91.67
2020,3,3,3,45,0,0,3.8000000000000003,22.900000000000002,91.28
2020,3,3,4,0,0,0,3.8000000000000003,22.900000000000002,91.28
2020,3,3,4,15,0,0,3.8000000000000003,22.900000000000002,91.28
2020,3,3,4,30,0,0,3.9000000000000004,22.900000000000002,91.28
2020,3,3,4,45,0,0,3.9000000000000004,22.900000000000002,90.92
2020,3,3,5,0,0,0,3.9000000000000004,22.900000000000002,90.92
2020,3,3,5,15,0,0,3.9000000000000004,22.900000000000002,90.92
2020,3,3,5,30,0,0,4,22.900000000000002,90.92
2020,3,3,5,45,0,0,4,22.900000000000002,90.89
2020,3,3,6,0,0,0,4,23,90.43
2020,3,3,6,15,0,0,4.1000000000000005,23.1,89.89
2020,3,3,6,30,0,0,4.2,23.3,88.81
2020,3,3,6,45,0,0,4.3,23.400000000000002,89.8
2020,3,3,7,0,41,275,4.3,23.6,88.73
2020,3,3,7,15,89,430,4.4,23.8,87.67
2020,3,3,7,30,145,541,4.5,23.900000000000002,87.15
2020,3,3,7,45,204,629,4.6000000000000005,24.1,85.16
2020,3,3,8,0,265,690,4.6000000000000005,24.200000000000003,84.65
2020,3,3,8,15,328,740,4.7,24.5,83.15
2020,3,3,8,30,107,0,4.7,24.700000000000003,82.17
2020,3,3,8,45,449,807,4.800000000000001,24.900000000000002,79.02
2020,3,3,9,0,507,834,4.9,25.1,78.08
2020,3,3,9,15,564,857,4.9,25.3,77.16
2020,3,3,9,30,617,876,4.9,25.5,76.26
2020,3,3,9,45,668,888,4.9,25.700000000000003,74.19
2020,3,3,10,0,716,902,4.9,25.900000000000002,73.32000000000001
2020,3,3,10,15,760,914,4.9,26,72.89
2020,3,3,10,30,801,924,4.9,26.200000000000003,72.04
2020,3,3,10,45,833,913,4.800000000000001,26.3,71.48
2020,3,3,11,0,866,921,4.800000000000001,26.400000000000002,71.06
2020,3,3,11,15,892,926,4.800000000000001,26.5,70.65
2020,3,3,11,30,916,931,4.7,26.5,70.65
2020,3,3,11,45,934,934,4.7,26.6,70.41
2020,3,3,12,0,948,936,4.6000000000000005,26.6,70.41
2020,3,3,12,15,958,939,4.6000000000000005,26.700000000000003,69.93
2020,3,3,12,30,962,939,4.6000000000000005,26.700000000000003,69.93
2020,3,3,12,45,961,938,4.6000000000000005,26.700000000000003,70.11
2020,3,3,13,0,954,935,4.6000000000000005,26.700000000000003,70.11
2020,3,3,13,15,944,933,4.6000000000000005,26.700000000000003,70.11
2020,3,3,13,30,930,931,4.6000000000000005,26.700000000000003,70.11
2020,3,3,13,45,909,924,4.6000000000000005,26.700000000000003,70.13
2020,3,3,14,0,885,919,4.6000000000000005,26.700000000000003,70.13
2020,3,3,14,15,856,912,4.6000000000000005,26.700000000000003,70.13
2020,3,3,14,30,822,903,4.5,26.700000000000003,70.13
2020,3,3,14,45,296,20,4.5,26.6,70.45
2020,3,3,15,0,743,883,4.4,26.6,70.45
2020,3,3,15,15,698,869,4.4,26.5,70.86
2020,3,3,15,30,649,853,4.3,26.5,70.86
2020,3,3,15,45,183,4,4.3,26.400000000000002,71.31
2020,3,3,16,0,543,816,4.2,26.3,71.73
2020,3,3,16,15,486,790,4.2,26.1,72.58
2020,3,3,16,30,428,760,4.1000000000000005,26,73.01
2020,3,3,16,45,29,0,4,25.8,74.2
2020,3,3,17,0,75,0,4,25.700000000000003,74.64
2020,3,3,17,15,246,630,3.9000000000000004,25.5,75.53
2020,3,3,17,30,185,559,3.8000000000000003,25.200000000000003,76.88
2020,3,3,17,45,127,472,3.7,25,79.24
2020,3,3,18,0,74,347,3.6,24.700000000000003,80.66
2020,3,3,18,15,30,177,3.6,24.6,81.15
2020,3,3,18,30,0,0,3.6,24.5,81.63
2020,3,3,18,45,0,0,3.6,24.400000000000002,83.27
2020,3,3,19,0,0,0,3.6,24.3,83.76
2020,3,3,19,15,0,0,3.6,24.3,83.76
2020,3,3,19,30,0,0,3.6,24.3,83.76
2020,3,3,19,45,0,0,3.6,24.3,83.76
2020,3,3,20,0,0,0,3.7,24.1,85.75
2020,3,3,20,15,0,0,3.7,24.1,85.75
2020,3,3,20,30,0,0,3.7,24.1,85.75
2020,3,3,20,45,0,0,3.7,24,86.85000000000001
2020,3,3,21,0,0,0,3.7,24,86.85000000000001
2020,3,3,21,15,0,0,3.7,23.900000000000002,87.37
2020,3,3,21,30,0,0,3.7,23.900000000000002,87.37
2020,3,3,21,45,0,0,3.7,23.8,88.43
2020,3,3,22,0,0,0,3.7,23.8,88.43
2020,3,3,22,15,0,0,3.7,23.700000000000003,88.97
2020,3,3,22,30,0,0,3.7,23.700000000000003,88.97
2020,3,3,22,45,0,0,3.7,23.6,89.9
2020,3,3,23,0,0,0,3.7,23.6,89.9
2020,3,3,23,15,0,0,3.7,23.5,90.44
2020,3,3,23,30,0,0,3.7,23.5,90.44
2020,3,3,23,45,0,0,3.7,23.400000000000002,91.37
2020,3,4,0,0,0,0,3.7,23.400000000000002,91.37
2020,3,4,0,15,0,0,3.7,23.3,91.92
2020,3,4,0,30,0,0,3.7,23.3,91.92
2020,3,4,0,45,0,0,3.7,23.3,92.25
2020,3,4,1,0,0,0,3.7,23.200000000000003,92.8
2020,3,4,1,15,0,0,3.8000000000000003,23.200000000000003,92.8
2020,3,4,1,30,0,0,3.8000000000000003,23.200000000000003,92.8
2020,3,4,1,45,0,0,3.8000000000000003,23.1,93.64
2020,3,4,2,0,0,0,3.8000000000000003,23.1,93.64
2020,3,4,2,15,0,0,3.8000000000000003,23.1,93.64
2020,3,4,2,30,0,0,3.8000000000000003,23.1,93.64
2020,3,4,2,45,0,0,3.8000000000000003,23,94.13
2020,3,4,3,0,0,0,3.8000000000000003,23,94.04
2020,3,4,3,15,0,0,3.8000000000000003,23,94.04
2020,3,4,3,30,0,0,3.8000000000000003,23,94.13
2020,3,4,3,45,0,0,3.8000000000000003,23,94
2020,3,4,4,0,0,0,3.8000000000000003,23,94
2020,3,4,4,15,0,0,3.8000000000000003,23,94
2020,3,4,4,30,0,0,3.8000000000000003,23,94
2020,3,4,4,45,0,0,3.8000000000000003,23,93.29
2020,3,4,5,0,0,0,3.9000000000000004,23.1,92.73
2020,3,4,5,15,0,0,3.9000000000000004,23.1,92.73
2020,3,4,5,30,0,0,3.9000000000000004,23.1,92.73
2020,3,4,5,45,0,0,3.9000000000000004,23.200000000000003,91.55
2020,3,4,6,0,0,0,4,23.200000000000003,91.64
2020,3,4,6,15,0,0,4.1000000000000005,23.400000000000002,90.54
2020,3,4,6,30,0,0,4.2,23.6,89.46000000000001
2020,3,4,6,45,0,0,4.3,23.8,88.54
2020,3,4,7,0,44,296,4.4,24,87.48
2020,3,4,7,15,93,450,4.4,24.1,86.96000000000001
2020,3,4,7,30,150,560,4.5,24.3,86.02
2020,3,4,7,45,210,637,4.6000000000000005,24.5,83.36
2020,3,4,8,0,273,699,4.7,24.700000000000003,82.37
2020,3,4,8,15,335,748,4.7,24.900000000000002,81.4
2020,3,4,8,30,397,787,4.800000000000001,25.1,80.44
2020,3,4,8,45,458,816,4.800000000000001,25.3,77.82000000000001
2020,3,4,9,0,517,843,4.800000000000001,25.5,76.9
2020,3,4,9,15,574,866,4.800000000000001,25.700000000000003,76
2020,3,4,9,30,629,885,4.800000000000001,25.900000000000002,75.11
2020,3,4,9,45,678,896,4.800000000000001,26.1,72.87
2020,3,4,10,0,727,910,4.9,26.200000000000003,72.44
2020,3,4,10,15,771,922,4.9,26.400000000000002,71.59
2020,3,4,10,30,812,933,4.800000000000001,26.5,71.10000000000001
2020,3,4,10,45,849,941,4.800000000000001,26.6,69.9
2020,3,4,11,0,882,948,4.800000000000001,26.700000000000003,69.49
2020,3,4,11,15,910,954,4.800000000000001,26.8,69.08
2020,3,4,11,30,934,959,4.800000000000001,26.900000000000002,68.68
2020,3,4,11,45,952,960,4.800000000000001,26.900000000000002,67.98
2020,3,4,12,0,966,963,4.800000000000001,27,67.58
2020,3,4,12,15,976,965,4.7,27,67.51
2020,3,4,12,30,980,966,4.7,27.1,67.12
2020,3,4,12,45,979,964,4.7,27.1,66.63
2020,3,4,13,0,973,963,4.7,27.1,66.63
2020,3,4,13,15,963,961,4.7,27.1,66.63
2020,3,4,13,30,947,957,4.6000000000000005,27.1,66.56
2020,3,4,13,45,926,948,4.6000000000000005,27.1,66.29
2020,3,4,14,0,901,943,4.6000000000000005,27.1,66.29
2020,3,4,14,15,871,936,4.6000000000000005,27.1,66.29
2020,3,4,14,30,837,928,4.5,27,66.68
2020,3,4,14,45,799,918,4.5,27,66.61
2020,3,4,15,0,757,907,4.5,26.900000000000002,66.93
2020,3,4,15,15,711,894,4.5,26.8,67.33
2020,3,4,15,30,662,879,4.5,26.700000000000003,67.72
2020,3,4,15,45,609,859,4.5,26.6,68.41
2020,3,4,16,0,554,838,4.5,26.5,68.81
2020,3,4,16,15,497,812,4.4,26.400000000000002,69.29
2020,3,4,16,30,437,783,4.4,26.200000000000003,70.11
2020,3,4,16,45,376,744,4.3,26.1,70.64
2020,3,4,17,0,313,700,4.3,25.900000000000002,71.48
2020,3,4,17,15,251,644,4.2,25.700000000000003,72.33
2020,3,4,17,30,190,574,4,25.400000000000002,73.62
2020,3,4,17,45,131,479,3.9000000000000004,25.200000000000003,75.87
2020,3,4,18,0,76,353,3.8000000000000003,25,76.77
2020,3,4,18,15,31,181,3.7,24.900000000000002,77.23
2020,3,4,18,30,0,0,3.7,24.8,77.77
2020,3,4,18,45,0,0,3.7,24.700000000000003,79.72
2020,3,4,19,0,0,0,3.6,24.6,80.2
2020,3,4,19,15,0,0,3.6,24.6,80.2
2020,3,4,19,30,0,0,3.6,24.6,80.2
2020,3,4,19,45,0,0,3.6,24.6,80.2
2020,3,4,20,0,0,0,3.6,24.400000000000002,81.93
2020,3,4,20,15,0,0,3.6,24.3,82.5
2020,3,4,20,30,0,0,3.5,24.3,82.5
2020,3,4,20,45,0,0,3.5,24.200000000000003,83.34
2020,3,4,21,0,0,0,3.5,24.200000000000003,83.34
2020,3,4,21,15,0,0,3.5,24.1,83.84
2020,3,4,21,30,0,0,3.6,24.1,83.84
2020,3,4,21,45,0,0,3.6,24.1,83.93
2020,3,4,22,0,0,0,3.6,24,84.44
2020,3,4,22,15,0,0,3.6,24,84.44
2020,3,4,22,30,0,0,3.6,23.900000000000002,84.94
2020,3,4,22,45,0,0,3.6,23.900000000000002,85.42
2020,3,4,23,0,0,0,3.5,23.900000000000002,85.42
2020,3,4,23,15,0,0,3.5,23.8,85.93
2020,3,4,23,30,0,0,3.5,23.8,85.93
2020,3,4,23,45,0,0,3.5,23.8,86.32000000000001
2020,3,5,0,0,0,0,3.5,23.700000000000003,86.84
2020,3,5,0,15,0,0,3.5,23.700000000000003,86.84
2020,3,5,0,30,0,0,3.5,23.6,87.36
2020,3,5,0,45,0,0,3.5,23.6,87.51
2020,3,5,1,0,0,0,3.5,23.6,87.42
2020,3,5,1,15,0,0,3.5,23.5,87.95
2020,3,5,1,30,0,0,3.5,23.5,87.95
2020,3,5,1,45,0,0,3.5,23.5,88.14
2020,3,5,2,0,0,0,3.5,23.5,88.14
2020,3,5,2,15,0,0,3.5,23.5,88.14
2020,3,5,2,30,0,0,3.5,23.400000000000002,88.67
2020,3,5,2,45,0,0,3.5,23.400000000000002,88.81
2020,3,5,3,0,0,0,3.5,23.400000000000002,88.81
2020,3,5,3,15,0,0,3.5,23.400000000000002,88.81
2020,3,5,3,30,0,0,3.6,23.400000000000002,88.81
2020,3,5,3,45,0,0,3.6,23.400000000000002,88.98
2020,3,5,4,0,0,0,3.6,23.400000000000002,88.98
2020,3,5,4,15,0,0,3.6,23.400000000000002,88.98
2020,3,5,4,30,0,0,3.7,23.400000000000002,88.98
2020,3,5,4,45,0,0,3.7,23.400000000000002,89.06
2020,3,5,5,0,0,0,3.7,23.400000000000002,89.15
2020,3,5,5,15,0,0,3.8000000000000003,23.400000000000002,89.15
2020,3,5,5,30,0,0,3.8000000000000003,23.400000000000002,89.15
2020,3,5,5,45,0,0,3.8000000000000003,23.400000000000002,89.21000000000001
2020,3,5,6,0,0,0,3.9000000000000004,23.400000000000002,89.21000000000001
2020,3,5,6,15,0,0,4,23.6,88.14
2020,3,5,6,30,0,0,4.1000000000000005,23.8,87.09
2020,3,5,6,45,0,0,4.1000000000000005,24,87.42
2020,3,5,7,0,43,229,4.2,24.200000000000003,86.38
2020,3,5,7,15,91,384,4.3,24.400000000000002,85.35000000000001
2020,3,5,7,30,147,499,4.4,24.6,84.34
2020,3,5,7,45,207,587,4.5,24.8,81.82000000000001
2020,3,5,8,0,9,0,4.5,25,80.85000000000001
2020,3,5,8,15,331,705,4.6000000000000005,25.200000000000003,79.98
2020,3,5,8,30,392,747,4.6000000000000005,25.400000000000002,79.04
2020,3,5,8,45,453,779,4.7,25.6,75.41
2020,3,5,9,0,512,808,4.800000000000001,25.8,74.53
2020,3,5,9,15,568,832,4.800000000000001,26,73.65
2020,3,5,9,30,623,853,4.800000000000001,26.200000000000003,72.79
2020,3,5,9,45,674,869,4.7,26.3,71.36
2020,3,5,10,0,722,884,4.7,26.5,70.52
2020,3,5,10,15,767,897,4.7,26.6,70.11
2020,3,5,10,30,807,908,4.7,26.8,69.29
2020,3,5,10,45,836,885,4.7,26.900000000000002,69.11
2020,3,5,11,0,869,893,4.7,27,68.71000000000001
2020,3,5,11,15,897,901,4.7,27,68.64
2020,3,5,11,30,921,906,4.7,27.1,68.24
2020,3,5,11,45,939,908,4.7,27.1,68.67
2020,3,5,12,0,953,911,4.7,27.200000000000003,68.27
2020,3,5,12,15,962,913,4.6000000000000005,27.200000000000003,68.27
2020,3,5,12,30,966,914,4.6000000000000005,27.200000000000003,68.27
2020,3,5,12,45,967,919,4.6000000000000005,27.200000000000003,68.46000000000001
2020,3,5,13,0,961,918,4.6000000000000005,27.200000000000003,68.46000000000001
2020,3,5,13,15,950,915,4.6000000000000005,27.200000000000003,68.46000000000001
2020,3,5,13,30,935,912,4.6000000000000005,27.200000000000003,68.46000000000001
2020,3,5,13,45,917,917,4.6000000000000005,27.1,68.91
2020,3,5,14,0,892,912,4.6000000000000005,27.1,68.91
2020,3,5,14,15,863,904,4.6000000000000005,27,69.24
2020,3,5,14,30,829,896,4.6000000000000005,27,69.24
2020,3,5,14,45,792,889,4.6000000000000005,26.900000000000002,69.42
2020,3,5,15,0,750,877,4.6000000000000005,26.900000000000002,69.42
2020,3,5,15,15,704,863,4.6000000000000005,26.8,69.83
2020,3,5,15,30,655,847,4.6000000000000005,26.700000000000003,70.24
2020,3,5,15,45,603,828,4.6000000000000005,26.6,70.86
2020,3,5,16,0,549,808,4.6000000000000005,26.5,71.28
2020,3,5,16,15,492,781,4.5,26.400000000000002,71.7
2020,3,5,16,30,215,54,4.5,26.200000000000003,72.55
2020,3,5,16,45,372,716,4.4,26.1,73.12
2020,3,5,17,0,310,670,4.4,25.900000000000002,73.99
2020,3,5,17,15,248,612,4.2,25.700000000000003,74.87
2020,3,5,17,30,187,540,4.1000000000000005,25.400000000000002,76.21000000000001
2020,3,5,17,45,129,450,3.9000000000000004,25.200000000000003,78.55
2020,3,5,18,0,75,324,3.8000000000000003,25,79.49
2020,3,5,18,15,31,157,3.8000000000000003,24.900000000000002,79.96000000000001
2020,3,5,18,30,0,0,3.8000000000000003,24.8,80.44
2020,3,5,18,45,0,0,3.8000000000000003,24.700000000000003,81.96000000000001
2020,3,5,19,0,0,0,3.8000000000000003,24.6,82.53
2020,3,5,19,15,0,0,3.8000000000000003,24.6,82.53
2020,3,5,19,30,0,0,3.8000000000000003,24.6,82.53
2020,3,5,19,45,0,0,3.8000000000000003,24.6,82.53
2020,3,5,20,0,0,0,3.8000000000000003,24.400000000000002,83.9
2020,3,5,20,15,0,0,3.8000000000000003,24.400000000000002,83.9
2020,3,5,20,30,0,0,3.8000000000000003,24.3,84.4
2020,3,5,20,45,0,0,3.8000000000000003,24.200000000000003,85.01
2020,3,5,21,0,0,0,3.7,24.200000000000003,85.01
2020,3,5,21,15,0,0,3.7,24.1,85.52
2020,3,5,21,30,0,0,3.7,24.1,85.52
2020,3,5,21,45,0,0,3.7,24,86.12
2020,3,5,22,0,0,0,3.7,23.900000000000002,86.63
2020,3,5,22,15,0,0,3.7,23.900000000000002,86.63
2020,3,5,22,30,0,0,3.7,23.900000000000002,86.63
2020,3,5,22,45,0,0,3.6,23.8,87.64
2020,3,5,23,0,0,0,3.6,23.8,87.64
2020,3,5,23,15,0,0,3.6,23.8,87.64
2020,3,5,23,30,0,0,3.6,23.700000000000003,88.17
2020,3,5,23,45,0,0,3.6,23.700000000000003,88.51
2020,3,6,0,0,0,0,3.6,23.700000000000003,88.42
2020,3,6,0,15,0,0,3.6,23.6,88.95
2020,3,6,0,30,0,0,3.6,23.6,88.95
2020,3,6,0,45,0,0,3.6,23.5,89.05
2020,3,6,1,0,0,0,3.6,23.400000000000002,89.58
2020,3,6,1,15,0,0,3.6,23.400000000000002,89.58
2020,3,6,1,30,0,0,3.6,23.400000000000002,89.49
2020,3,6,1,45,0,0,3.6,23.3,89.17
2020,3,6,2,0,0,0,3.6,23.3,89.17
2020,3,6,2,15,0,0,3.6,23.200000000000003,89.71000000000001
2020,3,6,2,30,0,0,3.6,23.200000000000003,89.71000000000001
2020,3,6,2,45,0,0,3.6,23.200000000000003,88.91
2020,3,6,3,0,0,0,3.6,23.200000000000003,88.91
2020,3,6,3,15,0,0,3.6,23.1,89.45
2020,3,6,3,30,0,0,3.6,23.1,89.45
2020,3,6,3,45,0,0,3.6,23.1,88.8
2020,3,6,4,0,0,0,3.6,23.1,88.8
2020,3,6,4,15,0,0,3.6,23,89.34
2020,3,6,4,30,0,0,3.6,23,89.34
2020,3,6,4,45,0,0,3.6,23,88.89
2020,3,6,5,0,0,0,3.6,23,88.89
2020,3,6,5,15,0,0,3.6,23,88.89
2020,3,6,5,30,0,0,3.6,23,88.98
2020,3,6,5,45,0,0,3.6,23,88.76
2020,3,6,6,0,0,0,3.6,23,88.76
2020,3,6,6,15,0,0,3.7,23.200000000000003,87.7
2020,3,6,6,30,0,0,3.7,23.5,86.13
2020,3,6,6,45,12,61,3.8000000000000003,23.700000000000003,86.84
2020,3,6,7,0,46,251,3.9000000000000004,23.900000000000002,85.81
2020,3,6,7,15,95,404,3.9000000000000004,24.1,84.87
2020,3,6,7,30,152,516,4,24.3,83.87
2020,3,6,7,45,213,603,4.1000000000000005,24.400000000000002,81.54
2020,3,6,8,0,275,667,4.1000000000000005,24.6,80.57000000000001
2020,3,6,8,15,336,716,4.2,24.8,79.62
2020,3,6,8,30,398,757,4.2,25,78.68
2020,3,6,8,45,459,791,4.2,25.200000000000003,75.68
2020,3,6,9,0,518,819,4.3,25.400000000000002,74.87
2020,3,6,9,15,575,843,4.3,25.6,73.91
2020,3,6,9,30,630,863,4.3,25.700000000000003,73.48
2020,3,6,9,45,681,877,4.3,25.900000000000002,72.32000000000001
2020,3,6,10,0,181,4,4.3,26.1,71.47
2020,3,6,10,15,774,905,4.2,26.200000000000003,71.05
2020,3,6,10,30,815,915,4.2,26.3,70.63
2020,3,6,10,45,847,903,4.2,26.400000000000002,70.31
2020,3,6,11,0,879,911,4.2,26.5,69.9
2020,3,6,11,15,907,918,4.2,26.6,69.49
2020,3,6,11,30,552,119,4.2,26.700000000000003,69.01
2020,3,6,11,45,259,12,4.2,26.700000000000003,69.23
2020,3,6,12,0,177,6,4.2,26.8,68.82000000000001
2020,3,6,12,15,255,12,4.2,26.8,68.82000000000001
2020,3,6,12,30,411,32,4.1000000000000005,26.900000000000002,68.42
2020,3,6,12,45,331,18,4.1000000000000005,26.900000000000002,68.54
2020,3,6,13,0,526,82,4.1000000000000005,26.900000000000002,68.54
2020,3,6,13,15,461,51,4,26.900000000000002,68.54
2020,3,6,13,30,443,47,4,26.900000000000002,68.54
2020,3,6,13,45,137,0,4,26.900000000000002,68.51
2020,3,6,14,0,526,113,3.9000000000000004,26.900000000000002,68.51
2020,3,6,14,15,580,192,3.9000000000000004,26.8,68.91
2020,3,6,14,30,824,861,3.8000000000000003,26.8,68.91
2020,3,6,14,45,139,0,3.8000000000000003,26.700000000000003,69.36
2020,3,6,15,0,71,0,3.7,26.700000000000003,69.36
2020,3,6,15,15,152,0,3.7,26.6,69.76
2020,3,6,15,30,324,57,3.6,26.5,70.17
2020,3,6,15,45,245,23,3.6,26.400000000000002,70.63
2020,3,6,16,0,544,770,3.5,26.3,71.04
2020,3,6,16,15,180,9,3.5,26.1,71.88
2020,3,6,16,30,427,708,3.4000000000000004,26,72.31
2020,3,6,16,45,368,678,3.3000000000000003,25.8,73.73
2020,3,6,17,0,101,0,3.2,25.6,74.60000000000001
2020,3,6,17,15,45,0,3.1,25.400000000000002,75.49
2020,3,6,17,30,184,494,3,25.1,76.85000000000001
2020,3,6,17,45,127,415,2.9000000000000004,24.900000000000002,79.54
2020,3,6,18,0,74,290,2.7,24.700000000000003,80.49
2020,3,6,18,15,31,131,2.7,24.5,81.46000000000001
2020,3,6,18,30,0,0,2.7,24.400000000000002,82.03
2020,3,6,18,45,0,0,2.7,24.3,82.82000000000001
2020,3,6,19,0,0,0,2.8000000000000003,24.200000000000003,83.31
2020,3,6,19,15,0,0,2.8000000000000003,24.200000000000003,83.31
2020,3,6,19,30,0,0,2.8000000000000003,24.200000000000003,83.31
2020,3,6,19,45,0,0,2.8000000000000003,24.200000000000003,83.31
2020,3,6,20,0,0,0,2.9000000000000004,23.900000000000002,84.68
2020,3,6,20,15,0,0,2.9000000000000004,23.900000000000002,84.68
2020,3,6,20,30,0,0,2.9000000000000004,23.8,85.18
2020,3,6,20,45,0,0,2.9000000000000004,23.8,84.99
2020,3,6,21,0,0,0,3,23.700000000000003,85.59
2020,3,6,21,15,0,0,3,23.700000000000003,85.5
2020,3,6,21,30,0,0,3,23.6,86.02
2020,3,6,21,45,0,0,3,23.6,85.72
2020,3,6,22,0,0,0,3,23.5,86.24
2020,3,6,22,15,0,0,3.1,23.5,86.24
2020,3,6,22,30,0,0,3.1,23.5,86.24
2020,3,6,22,45,0,0,3.1,23.400000000000002,86.41
2020,3,6,23,0,0,0,3.1,23.400000000000002,86.41
2020,3,6,23,15,0,0,3,23.3,86.93
2020,3,6,23,30,0,0,3,23.3,86.84
2020,3,6,23,45,0,0,3,23.3,86.54
2020,3,7,0,0,0,0,3,23.200000000000003,87.06
2020,3,7,0,15,0,0,3,23.200000000000003,87.06
2020,3,7,0,30,0,0,3,23.200000000000003,87.06
2020,3,7,0,45,0,0,3,23.1,87.05
2020,3,7,1,0,0,0,2.9000000000000004,23.1,86.96000000000001
2020,3,7,1,15,0,0,2.9000000000000004,23.1,86.96000000000001
2020,3,7,1,30,0,0,2.9000000000000004,23,87.49
2020,3,7,1,45,0,0,2.9000000000000004,23,86.55
2020,3,7,2,0,0,0,2.9000000000000004,23,86.55
2020,3,7,2,15,0,0,2.9000000000000004,23,86.55
2020,3,7,2,30,0,0,3,22.900000000000002,87.08
2020,3,7,2,45,0,0,3,22.900000000000002,86.21000000000001
2020,3,7,3,0,0,0,3,22.900000000000002,86.21000000000001
2020,3,7,3,15,0,0,3,22.8,86.73
2020,3,7,3,30,0,0,3,22.8,86.73
2020,3,7,3,45,0,0,3.1,22.8,86.23
2020,3,7,4,0,0,0,3.1,22.8,86.23
2020,3,7,4,15,0,0,3.1,22.8,86.23
2020,3,7,4,30,0,0,3.1,22.700000000000003,86.75
2020,3,7,4,45,0,0,3.1,22.700000000000003,86.49
2020,3,7,5,0,0,0,3.2,22.700000000000003,86.58
2020,3,7,5,15,0,0,3.2,22.700000000000003,86.58
2020,3,7,5,30,0,0,3.2,22.700000000000003,86.58
2020,3,7,5,45,0,0,3.2,22.700000000000003,86.66
2020,3,7,6,0,0,0,3.2,22.700000000000003,86.66
2020,3,7,6,15,0,0,3.2,23.1,84.59
2020,3,7,6,30,0,0,3.3000000000000003,23.400000000000002,83.08
2020,3,7,6,45,14,117,3.3000000000000003,23.700000000000003,83.73
2020,3,7,7,0,51,321,3.4000000000000004,24,82.32000000000001
2020,3,7,7,15,102,466,3.4000000000000004,24.200000000000003,81.34
2020,3,7,7,30,160,572,3.4000000000000004,24.5,79.9
2020,3,7,7,45,222,653,3.5,24.700000000000003,77.23
2020,3,7,8,0,285,712,3.5,24.900000000000002,76.32000000000001
2020,3,7,8,15,348,760,3.5,25.200000000000003,74.97
2020,3,7,8,30,411,798,3.5,25.400000000000002,74.09
2020,3,7,8,45,471,827,3.4000000000000004,25.6,72.18
2020,3,7,9,0,530,853,3.4000000000000004,25.8,71.33
2020,3,7,9,15,588,875,3.4000000000000004,26,70.49
2020,3,7,9,30,642,893,3.3000000000000003,26.200000000000003,69.67
2020,3,7,9,45,692,906,3.3000000000000003,26.400000000000002,68.60000000000001
2020,3,7,10,0,741,919,3.2,26.5,68.2
2020,3,7,10,15,786,931,3.2,26.700000000000003,67.4
2020,3,7,10,30,428,75,3.2,26.8,67.01
2020,3,7,10,45,862,951,3.1,26.900000000000002,67.44
2020,3,7,11,0,895,958,3.1,27.1,66.66
2020,3,7,11,15,922,962,3,27.1,66.59
2020,3,7,11,30,331,19,3,27.200000000000003,66.2
2020,3,7,11,45,318,17,2.9000000000000004,27.3,67.24
2020,3,7,12,0,472,54,2.9000000000000004,27.3,67.24
2020,3,7,12,15,214,9,2.8000000000000003,27.400000000000002,66.85
2020,3,7,12,30,501,65,2.7,27.400000000000002,66.78
2020,3,7,12,45,987,969,2.7,27.400000000000002,67.48
2020,3,7,13,0,980,966,2.6,27.5,67.09
2020,3,7,13,15,969,964,2.6,27.400000000000002,67.48
2020,3,7,13,30,583,137,2.5,27.400000000000002,67.48
2020,3,7,13,45,927,934,2.5,27.400000000000002,67.81
2020,3,7,14,0,901,926,2.4000000000000004,27.400000000000002,67.81
2020,3,7,14,15,871,919,2.4000000000000004,27.400000000000002,67.81
2020,3,7,14,30,837,911,2.4000000000000004,27.3,68.2
2020,3,7,14,45,798,897,2.4000000000000004,27.3,68.59
2020,3,7,15,0,756,886,2.3000000000000003,27.200000000000003,68.99
2020,3,7,15,15,710,872,2.3000000000000003,27.1,69.4
2020,3,7,15,30,661,856,2.4000000000000004,27,69.8
2020,3,7,15,45,607,837,2.4000000000000004,26.900000000000002,70.71000000000001
2020,3,7,16,0,552,815,2.4000000000000004,26.8,71.12
2020,3,7,16,15,495,790,2.4000000000000004,26.6,71.96000000000001
2020,3,7,16,30,435,759,2.4000000000000004,26.400000000000002,72.81
2020,3,7,16,45,374,721,2.4000000000000004,26.3,74.34
2020,3,7,17,0,313,677,2.4000000000000004,26.1,75.22
2020,3,7,17,15,251,621,2.4000000000000004,25.8,76.56
2020,3,7,17,30,190,552,2.3000000000000003,25.5,77.93
2020,3,7,17,45,130,453,2.3000000000000003,25.3,81.04
2020,3,7,18,0,77,332,2.3000000000000003,25,82.5
2020,3,7,18,15,32,174,2.3000000000000003,24.8,83.57000000000001
2020,3,7,18,30,0,0,2.3000000000000003,24.700000000000003,84.07000000000001
2020,3,7,18,45,0,0,2.3000000000000003,24.6,86.05
2020,3,7,19,0,0,0,2.3000000000000003,24.400000000000002,87.08
2020,3,7,19,15,0,0,2.3000000000000003,24.400000000000002,87.08
2020,3,7,19,30,0,0,2.3000000000000003,24.400000000000002,87.08
2020,3,7,19,45,0,0,2.3000000000000003,24.400000000000002,87.08
2020,3,7,20,0,0,0,2.4000000000000004,24.1,89.33
2020,3,7,20,15,0,0,2.4000000000000004,24.1,89.42
2020,3,7,20,30,0,0,2.5,24,89.96000000000001
2020,3,7,20,45,0,0,2.5,23.900000000000002,90.79
2020,3,7,21,0,0,0,2.5,23.8,91.33
2020,3,7,21,15,0,0,2.5,23.8,91.33
2020,3,7,21,30,0,0,2.5,23.8,91.33
2020,3,7,21,45,0,0,2.5,23.700000000000003,91.98
2020,3,7,22,0,0,0,2.5,23.700000000000003,91.98
2020,3,7,22,15,0,0,2.5,23.6,92.54
2020,3,7,22,30,0,0,2.4000000000000004,23.6,92.54
2020,3,7,22,45,0,0,2.4000000000000004,23.6,92.4
2020,3,7,23,0,0,0,2.3000000000000003,23.6,92.4
2020,3,7,23,15,0,0,2.3000000000000003,23.5,92.95
2020,3,7,23,30,0,0,2.2,23.5,92.95
2020,3,7,23,45,0,0,2.2,23.5,92.5
2020,3,8,0,0,0,0,2.1,23.5,92.5
2020,3,8,0,15,0,0,2.1,23.5,92.5
2020,3,8,0,30,0,0,2.1,23.400000000000002,92.97
2020,3,8,0,45,0,0,2,23.400000000000002,92.41
2020,3,8,1,0,0,0,2,23.400000000000002,92.41
2020,3,8,1,15,0,0,2,23.400000000000002,92.41
2020,3,8,1,30,0,0,2,23.400000000000002,92.41
2020,3,8,1,45,0,0,1.9000000000000001,23.400000000000002,91.96000000000001
2020,3,8,2,0,0,0,1.9000000000000001,23.400000000000002,91.96000000000001
2020,3,8,2,15,0,0,1.9000000000000001,23.400000000000002,91.96000000000001
2020,3,8,2,30,0,0,1.9000000000000001,23.3,92.52
2020,3,8,2,45,0,0,1.9000000000000001,23.3,92.2
2020,3,8,3,0,0,0,1.9000000000000001,23.3,92.2
2020,3,8,3,15,0,0,1.9000000000000001,23.3,92.2
2020,3,8,3,30,0,0,2,23.3,92.2
2020,3,8,3,45,0,0,2,23.200000000000003,92.24
2020,3,8,4,0,0,0,2,23.200000000000003,92.24
2020,3,8,4,15,0,0,2,23.200000000000003,92.24
2020,3,8,4,30,0,0,2.1,23.200000000000003,92.24
2020,3,8,4,45,0,0,2.1,23.1,92.63
2020,3,8,5,0,0,0,2.2,23.1,92.63
2020,3,8,5,15,0,0,2.2,23.1,92.63
2020,3,8,5,30,0,0,2.2,23.1,92.72
2020,3,8,5,45,0,0,2.3000000000000003,23.1,93.45
2020,3,8,6,0,0,0,2.3000000000000003,23.1,93.45
2020,3,8,6,15,0,0,2.4000000000000004,23.200000000000003,92.89
2020,3,8,6,30,0,0,2.5,23.400000000000002,91.78
2020,3,8,6,45,14,86,2.6,23.6,92.99
2020,3,8,7,0,50,266,2.7,23.8,91.88
2020,3,8,7,15,99,409,2.8000000000000003,23.900000000000002,91.33
2020,3,8,7,30,156,515,2.8000000000000003,24,90.79
2020,3,8,7,45,47,0,2.9000000000000004,24.1,88.26
2020,3,8,8,0,278,668,3,24.200000000000003,87.74
2020,3,8,8,15,340,717,3,24.5,86.18
2020,3,8,8,30,60,0,3,24.700000000000003,85.16
2020,3,8,8,45,30,0,3,24.900000000000002,80.84
2020,3,8,9,0,163,1,3.1,25.1,79.89
2020,3,8,9,15,168,1,3.1,25.3,78.95
2020,3,8,9,30,219,11,3.1,25.5,78.02
2020,3,8,9,45,118,0,3.2,25.700000000000003,75.12
2020,3,8,10,0,214,8,3.2,25.900000000000002,74.24
2020,3,8,10,15,272,16,3.2,26,73.8
2020,3,8,10,30,228,9,3.2,26.1,73.37
2020,3,8,10,45,318,21,3.3000000000000003,26.200000000000003,72.37
2020,3,8,11,0,431,54,3.3000000000000003,26.3,71.95
2020,3,8,11,15,907,921,3.3000000000000003,26.400000000000002,71.53
2020,3,8,11,30,930,926,3.3000000000000003,26.5,71.11
2020,3,8,11,45,950,935,3.3000000000000003,26.6,70.96000000000001
2020,3,8,12,0,513,74,3.4000000000000004,26.700000000000003,70.48
2020,3,8,12,15,971,938,3.4000000000000004,26.700000000000003,70.48
2020,3,8,12,30,975,939,3.4000000000000004,26.700000000000003,70.48
2020,3,8,12,45,975,943,3.4000000000000004,26.6,71.15
2020,3,8,13,0,969,942,3.4000000000000004,26.6,71.15
2020,3,8,13,15,959,940,3.4000000000000004,26.6,71.15
2020,3,8,13,30,942,935,3.5,26.6,71.15
2020,3,8,13,45,920,924,3.5,26.6,71.55
2020,3,8,14,0,895,919,3.5,26.5,71.89
2020,3,8,14,15,865,912,3.5,26.400000000000002,72.32000000000001
2020,3,8,14,30,832,904,3.6,26.3,72.74
2020,3,8,14,45,794,898,3.6,26.200000000000003,73.54
2020,3,8,15,0,752,887,3.7,26.1,73.97
2020,3,8,15,15,706,872,3.7,26,74.41
2020,3,8,15,30,91,0,3.8000000000000003,25.8,75.29
2020,3,8,15,45,606,843,3.8000000000000003,25.700000000000003,76.58
2020,3,8,16,0,551,822,3.9000000000000004,25.5,77.49
2020,3,8,16,15,175,6,3.9000000000000004,25.3,78.49
2020,3,8,16,30,61,0,4,25.200000000000003,78.96000000000001
2020,3,8,16,45,21,0,4,25,81.14
2020,3,8,17,0,22,0,4,24.8,82.11
2020,3,8,17,15,252,640,4.1000000000000005,24.6,83.09
2020,3,8,17,30,191,572,4.1000000000000005,24.400000000000002,84.08
2020,3,8,17,45,133,489,4.1000000000000005,24.200000000000003,86.76
2020,3,8,18,0,79,370,4.2,24,87.89
2020,3,8,18,15,34,208,4.3,23.8,88.95
2020,3,8,18,30,0,0,4.4,23.700000000000003,89.48
2020,3,8,18,45,0,0,4.4,23.6,91.4
2020,3,8,19,0,0,0,4.5,23.5,91.95
2020,3,8,19,15,0,0,4.5,23.5,91.95
2020,3,8,19,30,0,0,4.5,23.5,91.95
2020,3,8,19,45,0,0,4.5,23.5,91.95
2020,3,8,20,0,0,0,4.800000000000001,23.1,94.35000000000001
2020,3,8,20,15,0,0,4.800000000000001,23.1,94.35000000000001
2020,3,8,20,30,0,0,4.9,23,94.92
2020,3,8,20,45,0,0,4.9,23,94.2
2020,3,8,21,0,0,0,4.9,22.900000000000002,94.77
2020,3,8,21,15,0,0,5,22.900000000000002,94.77
2020,3,8,21,30,0,0,5.1000000000000005,22.8,95.34
2020,3,8,21,45,0,0,5.1000000000000005,22.8,94.77
2020,3,8,22,0,0,0,5.2,22.8,94.77
2020,3,8,22,15,0,0,5.2,22.8,94.77
2020,3,8,22,30,0,0,5.2,22.8,94.77
2020,3,8,22,45,0,0,5.2,22.8,94.47
2020,3,8,23,0,0,0,5.300000000000001,22.700000000000003,95.05
2020,3,8,23,15,0,0,5.300000000000001,22.700000000000003,95.05
2020,3,8,23,30,0,0,5.300000000000001,22.700000000000003,95.05
2020,3,8,23,45,0,0,5.4,22.700000000000003,94.68
2020,3,9,0,0,0,0,5.4,22.700000000000003,94.68
2020,3,9,0,15,0,0,5.4,22.700000000000003,94.68
2020,3,9,0,30,0,0,5.5,22.700000000000003,94.68
2020,3,9,0,45,0,0,5.5,22.700000000000003,94.17
2020,3,9,1,0,0,0,5.6000000000000005,22.700000000000003,94.17
2020,3,9,1,15,0,0,5.6000000000000005,22.700000000000003,94.17
2020,3,9,1,30,0,0,5.7,22.6,94.75
2020,3,9,1,45,0,0,5.7,22.6,93.84
2020,3,9,2,0,0,0,5.800000000000001,22.6,93.84
2020,3,9,2,15,0,0,5.800000000000001,22.6,93.84
2020,3,9,2,30,0,0,5.800000000000001,22.5,94.41
2020,3,9,2,45,0,0,5.800000000000001,22.5,93.85000000000001
2020,3,9,3,0,0,0,5.800000000000001,22.5,93.85000000000001
2020,3,9,3,15,0,0,5.800000000000001,22.5,93.85000000000001
2020,3,9,3,30,0,0,5.800000000000001,22.5,93.85000000000001
2020,3,9,3,45,0,0,5.800000000000001,22.400000000000002,93.97
2020,3,9,4,0,0,0,5.800000000000001,22.400000000000002,93.97
2020,3,9,4,15,0,0,5.800000000000001,22.400000000000002,93.97
2020,3,9,4,30,0,0,5.7,22.400000000000002,93.97
2020,3,9,4,45,0,0,5.7,22.400000000000002,93.81
2020,3,9,5,0,0,0,5.7,22.400000000000002,93.81
2020,3,9,5,15,0,0,5.7,22.400000000000002,93.81
2020,3,9,5,30,0,0,5.6000000000000005,22.400000000000002,93.9
2020,3,9,5,45,0,0,5.6000000000000005,22.400000000000002,94.13
2020,3,9,6,0,0,0,5.6000000000000005,22.400000000000002,94.13
2020,3,9,6,15,0,0,5.6000000000000005,22.5,93.56
2020,3,9,6,30,0,0,5.7,22.6,93
2020,3,9,6,45,14,31,5.7,22.700000000000003,93.27
2020,3,9,7,0,48,177,5.800000000000001,22.8,92.71000000000001
2020,3,9,7,15,96,319,5.9,23,91.60000000000001
2020,3,9,7,30,151,431,6,23.200000000000003,90.5
2020,3,9,7,45,206,469,6.1000000000000005,23.400000000000002,89.32000000000001
2020,3,9,8,0,266,540,6.300000000000001,23.6,88.25
2020,3,9,8,15,327,597,6.4,23.8,87.29
2020,3,9,8,30,387,643,6.5,24,86.25
2020,3,9,8,45,441,640,6.6000000000000005,24.200000000000003,84.3
2020,3,9,9,0,499,675,6.7,24.400000000000002,83.3
2020,3,9,9,15,555,704,6.7,24.5,82.8
2020,3,9,9,30,608,729,6.800000000000001,24.700000000000003,81.82000000000001
2020,3,9,9,45,319,45,6.800000000000001,24.8,81.31
2020,3,9,10,0,703,752,6.9,24.900000000000002,80.83
2020,3,9,10,15,233,10,6.9,25,80.35000000000001
2020,3,9,10,30,260,13,7,25.1,79.88
2020,3,9,10,45,424,58,7,25.200000000000003,79.93
2020,3,9,11,0,458,68,7,25.3,79.38
2020,3,9,11,15,238,11,7,25.3,79.38
2020,3,9,11,30,384,29,7,25.3,79.38
2020,3,9,11,45,432,40,7,25.400000000000002,79.21000000000001
2020,3,9,12,0,344,20,6.9,25.400000000000002,79.21000000000001
2020,3,9,12,15,354,21,6.9,25.400000000000002,79.21000000000001
2020,3,9,12,30,220,10,6.9,25.400000000000002,79.21000000000001
2020,3,9,12,45,371,23,6.800000000000001,25.400000000000002,79.34
2020,3,9,13,0,317,17,6.800000000000001,25.400000000000002,79.34
2020,3,9,13,15,933,827,6.800000000000001,25.400000000000002,79.34
2020,3,9,13,30,315,17,6.7,25.400000000000002,79.34
2020,3,9,13,45,564,130,6.7,25.400000000000002,79.69
2020,3,9,14,0,888,882,6.7,25.3,80.17
2020,3,9,14,15,162,3,6.6000000000000005,25.3,80.09
2020,3,9,14,30,276,15,6.6000000000000005,25.200000000000003,80.56
2020,3,9,14,45,224,9,6.5,25.1,81.57000000000001
2020,3,9,15,0,741,827,6.5,25.1,81.57000000000001
2020,3,9,15,15,223,9,6.5,24.900000000000002,82.54
2020,3,9,15,30,646,794,6.4,24.8,83.03
2020,3,9,15,45,107,0,6.4,24.700000000000003,84.14
2020,3,9,16,0,24,0,6.4,24.5,85.15
2020,3,9,16,15,21,0,6.300000000000001,24.400000000000002,85.66
2020,3,9,16,30,33,0,6.300000000000001,24.200000000000003,86.69
2020,3,9,16,45,15,0,6.300000000000001,24.1,87.47
2020,3,9,17,0,12,0,6.2,23.900000000000002,88.52
2020,3,9,17,15,14,0,6.1000000000000005,23.8,89.05
2020,3,9,17,30,178,416,6.1000000000000005,23.6,90.13
2020,3,9,17,45,120,289,6,23.5,90.82000000000001
2020,3,9,18,0,69,173,5.9,23.3,91.92
2020,3,9,18,15,28,53,5.9,23.3,91.92
2020,3,9,18,30,0,0,5.9,23.200000000000003,92.48
2020,3,9,18,45,0,0,5.800000000000001,23.1,93.23
2020,3,9,19,0,0,0,5.800000000000001,23.1,93.23
2020,3,9,19,15,0,0,5.800000000000001,23.1,93.23
2020,3,9,19,30,0,0,5.800000000000001,23.1,93.23
2020,3,9,19,45,0,0,5.800000000000001,23.1,93.23
2020,3,9,20,0,0,0,5.7,23,94.11
2020,3,9,20,15,0,0,5.7,23,94.11
2020,3,9,20,30,0,0,5.6000000000000005,23,94.11
2020,3,9,20,45,0,0,5.6000000000000005,23,94.54
2020,3,9,21,0,0,0,5.6000000000000005,23,94.54
2020,3,9,21,15,0,0,5.6000000000000005,23,94.54
2020,3,9,21,30,0,0,5.5,23,94.54
2020,3,9,21,45,0,0,5.5,23,94.9
2020,3,9,22,0,0,0,5.5,23,94.9
2020,3,9,22,15,0,0,5.4,23,94.9
2020,3,9,22,30,0,0,5.300000000000001,23,94.9
2020,3,9,22,45,0,0,5.2,23,94.74
2020,3,9,23,0,0,0,5.2,23,94.74
2020,3,9,23,15,0,0,5.1000000000000005,23,94.74
2020,3,9,23,30,0,0,4.9,23,94.74
2020,3,9,23,45,0,0,4.800000000000001,23,94.2
2020,3,10,0,0,0,0,4.7,23,94.2
2020,3,10,0,15,0,0,4.6000000000000005,23,94.2
2020,3,10,0,30,0,0,4.5,23,94.2
2020,3,10,0,45,0,0,4.4,23,93.59
2020,3,10,1,0,0,0,4.3,23,93.59
2020,3,10,1,15,0,0,4.2,23,93.49
2020,3,10,1,30,0,0,4.2,23,93.49
2020,3,10,1,45,0,0,4.1000000000000005,23,92.63
2020,3,10,2,0,0,0,4,23,92.63
2020,3,10,2,15,0,0,4,23,92.63
2020,3,10,2,30,0,0,4,23,92.63
2020,3,10,2,45,0,0,3.9000000000000004,23,91.12
2020,3,10,3,0,0,0,3.9000000000000004,23,91.02
2020,3,10,3,15,0,0,3.9000000000000004,23,91.02
2020,3,10,3,30,0,0,3.9000000000000004,23,91.02
2020,3,10,3,45,0,0,3.9000000000000004,23,89.48
2020,3,10,4,0,0,0,3.9000000000000004,23,89.48
2020,3,10,4,15,0,0,3.8000000000000003,23,89.57000000000001
2020,3,10,4,30,0,0,3.8000000000000003,23,89.57000000000001
2020,3,10,4,45,0,0,3.8000000000000003,23,88.09
2020,3,10,5,0,0,0,3.8000000000000003,23,88.09
2020,3,10,5,15,0,0,3.8000000000000003,23,88.09
2020,3,10,5,30,0,0,3.8000000000000003,23,88.09
2020,3,10,5,45,0,0,3.8000000000000003,23,86.76
2020,3,10,6,0,0,0,3.8000000000000003,23,86.76
2020,3,10,6,15,0,0,3.8000000000000003,23.200000000000003,85.72
2020,3,10,6,30,0,0,3.8000000000000003,23.400000000000002,84.78
2020,3,10,6,45,17,69,3.9000000000000004,23.6,85.09
2020,3,10,7,0,33,33,3.9000000000000004,23.900000000000002,83.58
2020,3,10,7,15,104,387,3.9000000000000004,24,83.08
2020,3,10,7,30,119,208,4,24.200000000000003,82.09
2020,3,10,7,45,224,585,4,24.400000000000002,79.24
2020,3,10,8,0,286,649,4.1000000000000005,24.6,78.38
2020,3,10,8,15,349,700,4.2,24.8,77.45
2020,3,10,8,30,412,743,4.2,25,76.53
2020,3,10,8,45,475,783,4.3,25.200000000000003,70.83
2020,3,10,9,0,534,812,4.4,25.400000000000002,70
2020,3,10,9,15,592,836,4.4,25.6,69.17
2020,3,10,9,30,648,858,4.4,25.8,68.36
2020,3,10,9,45,340,57,4.5,26,64.5
2020,3,10,10,0,355,52,4.5,26.200000000000003,63.74
2020,3,10,10,15,796,907,4.5,26.400000000000002,63
2020,3,10,10,30,611,292,4.4,26.5,62.63
2020,3,10,10,45,875,931,4.4,26.700000000000003,60.83
2020,3,10,11,0,908,939,4.4,26.8,60.480000000000004
2020,3,10,11,15,936,945,4.4,26.900000000000002,60.07
2020,3,10,11,30,609,166,4.4,27,59.71
2020,3,10,11,45,423,37,4.3,27.1,59.24
2020,3,10,12,0,992,958,4.3,27.200000000000003,58.89
2020,3,10,12,15,1001,959,4.3,27.200000000000003,58.83
2020,3,10,12,30,497,61,4.3,27.200000000000003,58.83
2020,3,10,12,45,1004,960,4.2,27.3,58.63
2020,3,10,13,0,696,240,4.2,27.3,58.63
2020,3,10,13,15,635,175,4.2,27.200000000000003,58.92
2020,3,10,13,30,970,953,4.2,27.200000000000003,58.92
2020,3,10,13,45,444,49,4.2,27.200000000000003,59.53
2020,3,10,14,0,920,935,4.2,27.1,59.88
2020,3,10,14,15,231,10,4.2,27.1,59.88
2020,3,10,14,30,395,47,4.1000000000000005,27,60.17
2020,3,10,14,45,815,904,4.1000000000000005,26.900000000000002,61.49
2020,3,10,15,0,485,162,4.1000000000000005,26.8,61.85
2020,3,10,15,15,412,109,4.1000000000000005,26.700000000000003,62.21
2020,3,10,15,30,468,240,4,26.5,62.940000000000005
2020,3,10,15,45,379,147,4,26.400000000000002,64.51
2020,3,10,16,0,71,0,3.9000000000000004,26.3,64.89
2020,3,10,16,15,254,63,3.9000000000000004,26.1,65.66
2020,3,10,16,30,172,12,3.8000000000000003,25.900000000000002,66.44
2020,3,10,16,45,257,202,3.8000000000000003,25.700000000000003,69.66
2020,3,10,17,0,84,0,3.7,25.5,70.48
2020,3,10,17,15,210,367,3.7,25.200000000000003,71.75
2020,3,10,17,30,119,106,3.7,25,72.68
2020,3,10,17,45,64,4,3.7,24.700000000000003,77.68
2020,3,10,18,0,52,79,3.6,24.400000000000002,79.08
2020,3,10,18,15,23,23,3.7,24.3,79.56
2020,3,10,18,30,0,0,3.8000000000000003,24.1,80.51
2020,3,10,18,45,0,0,3.8000000000000003,24,83.8
2020,3,10,19,0,0,0,3.9000000000000004,23.900000000000002,84.3
2020,3,10,19,15,0,0,3.9000000000000004,23.900000000000002,84.3
2020,3,10,19,30,0,0,3.9000000000000004,23.900000000000002,84.3
2020,3,10,19,45,0,0,3.9000000000000004,23.900000000000002,84.3
2020,3,10,20,0,0,0,4.1000000000000005,23.6,88.04
2020,3,10,20,15,0,0,4.1000000000000005,23.5,88.57000000000001
2020,3,10,20,30,0,0,4.1000000000000005,23.400000000000002,89.10000000000001
2020,3,10,20,45,0,0,4.2,23.400000000000002,90.27
2020,3,10,21,0,0,0,4.2,23.3,90.82000000000001
2020,3,10,21,15,0,0,4.2,23.3,90.82000000000001
2020,3,10,21,30,0,0,4.2,23.3,90.72
2020,3,10,21,45,0,0,4.2,23.200000000000003,91.82000000000001
2020,3,10,22,0,0,0,4.2,23.200000000000003,91.82000000000001
2020,3,10,22,15,0,0,4.2,23.200000000000003,91.82000000000001
2020,3,10,22,30,0,0,4.2,23.200000000000003,91.82000000000001
2020,3,10,22,45,0,0,4.1000000000000005,23.1,92.2
2020,3,10,23,0,0,0,4.1000000000000005,23.1,92.2
2020,3,10,23,15,0,0,4.1000000000000005,23.1,92.2
2020,3,10,23,30,0,0,4.1000000000000005,23.1,92.2
2020,3,10,23,45,0,0,4,23.1,91.58
2020,3,11,0,0,0,0,4,23.1,91.58
2020,3,11,0,15,0,0,4,23.1,91.58
2020,3,11,0,30,0,0,3.9000000000000004,23,92.13
2020,3,11,0,45,0,0,3.9000000000000004,23,91.74
2020,3,11,1,0,0,0,3.9000000000000004,23,91.65
2020,3,11,1,15,0,0,3.8000000000000003,23,91.65
2020,3,11,1,30,0,0,3.8000000000000003,23,91.65
2020,3,11,1,45,0,0,3.8000000000000003,23,91.28
2020,3,11,2,0,0,0,3.7,22.900000000000002,91.83
2020,3,11,2,15,0,0,3.7,22.900000000000002,91.83
2020,3,11,2,30,0,0,3.7,22.900000000000002,91.74
2020,3,11,2,45,0,0,3.7,22.900000000000002,91.48
2020,3,11,3,0,0,0,3.7,22.900000000000002,91.48
2020,3,11,3,15,0,0,3.7,22.900000000000002,91.48
2020,3,11,3,30,0,0,3.7,22.900000000000002,91.48
2020,3,11,3,45,0,0,3.7,23,90.76
2020,3,11,4,0,0,0,3.7,23,90.76
2020,3,11,4,15,0,0,3.7,23,90.76
2020,3,11,4,30,0,0,3.7,23,90.76
2020,3,11,4,45,0,0,3.7,23,90.62
2020,3,11,5,0,0,0,3.7,23,90.62
2020,3,11,5,15,0,0,3.7,23,90.62
2020,3,11,5,30,0,0,3.7,23,90.62
2020,3,11,5,45,0,0,3.7,23,90.60000000000001
2020,3,11,6,0,0,0,3.7,23,90.60000000000001
2020,3,11,6,15,0,0,3.7,23.200000000000003,89.51
2020,3,11,6,30,0,0,3.8000000000000003,23.400000000000002,88.44
2020,3,11,6,45,9,0,3.9000000000000004,23.6,89.19
2020,3,11,7,0,58,308,3.9000000000000004,23.8,88.22
2020,3,11,7,15,110,447,4,24,87.17
2020,3,11,7,30,167,548,4,24.1,86.65
2020,3,11,7,45,228,628,4.1000000000000005,24.3,84.96000000000001
2020,3,11,8,0,291,687,4.1000000000000005,24.5,83.96000000000001
2020,3,11,8,15,244,223,4.1000000000000005,24.700000000000003,82.96000000000001
2020,3,11,8,30,414,769,4.1000000000000005,24.900000000000002,81.98
2020,3,11,8,45,163,4,4.2,25.1,79.09
2020,3,11,9,0,194,11,4.2,25.3,78.16
2020,3,11,9,15,316,83,4.2,25.5,77.24
2020,3,11,9,30,372,112,4.2,25.6,76.79
2020,3,11,9,45,310,38,4.2,25.8,74.61
2020,3,11,10,0,296,25,4.1000000000000005,26,73.74
2020,3,11,10,15,143,0,4.1000000000000005,26.1,73.3
2020,3,11,10,30,258,13,4.1000000000000005,26.200000000000003,72.87
2020,3,11,10,45,260,12,4.1000000000000005,26.3,72.21000000000001
2020,3,11,11,0,477,78,4.1000000000000005,26.400000000000002,71.79
2020,3,11,11,15,210,9,4.1000000000000005,26.400000000000002,71.79
2020,3,11,11,30,150,2,4.1000000000000005,26.5,71.37
2020,3,11,11,45,301,16,4.1000000000000005,26.5,71.5
2020,3,11,12,0,427,36,4,26.6,71.08
2020,3,11,12,15,420,33,4,26.6,71.08
2020,3,11,12,30,559,96,3.9000000000000004,26.6,71.08
2020,3,11,12,45,407,30,3.9000000000000004,26.6,71.13
2020,3,11,13,0,412,31,3.8000000000000003,26.6,71.06
2020,3,11,13,15,322,17,3.8000000000000003,26.6,71.06
2020,3,11,13,30,555,108,3.7,26.6,71.06
2020,3,11,13,45,532,99,3.7,26.6,71
2020,3,11,14,0,569,147,3.6,26.6,71
2020,3,11,14,15,404,43,3.6,26.5,71.34
2020,3,11,14,30,354,31,3.6,26.5,71.34
2020,3,11,14,45,357,37,3.5,26.5,71.39
2020,3,11,15,0,349,42,3.5,26.400000000000002,71.81
2020,3,11,15,15,160,1,3.5,26.3,72.23
2020,3,11,15,30,102,0,3.4000000000000004,26.200000000000003,72.66
2020,3,11,15,45,266,31,3.4000000000000004,26.1,73.51
2020,3,11,16,0,246,33,3.4000000000000004,26.1,73.51
2020,3,11,16,15,99,0,3.4000000000000004,25.900000000000002,74.39
2020,3,11,16,30,172,12,3.3000000000000003,25.700000000000003,75.27
2020,3,11,16,45,133,0,3.3000000000000003,25.5,77.21000000000001
2020,3,11,17,0,52,0,3.2,25.400000000000002,77.67
2020,3,11,17,15,64,0,3.2,25.1,79.06
2020,3,11,17,30,190,524,3.2,24.900000000000002,80.01
2020,3,11,17,45,75,45,3.1,24.700000000000003,82.47
2020,3,11,18,0,79,320,3.1,24.5,83.46000000000001
2020,3,11,18,15,16,0,3.2,24.400000000000002,84.04
2020,3,11,18,30,0,0,3.2,24.3,84.54
2020,3,11,18,45,0,0,3.3000000000000003,24.200000000000003,84.94
2020,3,11,19,0,0,0,3.3000000000000003,24.1,85.45
2020,3,11,19,15,0,0,3.3000000000000003,24.1,85.45
2020,3,11,19,30,0,0,3.3000000000000003,24.1,85.45
2020,3,11,19,45,0,0,3.3000000000000003,24.1,85.45
2020,3,11,20,0,0,0,3.5,23.900000000000002,86.42
2020,3,11,20,15,0,0,3.6,23.900000000000002,86.42
2020,3,11,20,30,0,0,3.6,23.8,87.03
2020,3,11,20,45,0,0,3.6,23.8,86.93
2020,3,11,21,0,0,0,3.6,23.8,86.93
2020,3,11,21,15,0,0,3.6,23.700000000000003,87.45
2020,3,11,21,30,0,0,3.6,23.700000000000003,87.45
2020,3,11,21,45,0,0,3.6,23.700000000000003,86.97
2020,3,11,22,0,0,0,3.6,23.700000000000003,86.97
2020,3,11,22,15,0,0,3.6,23.6,87.49
2020,3,11,22,30,0,0,3.6,23.6,87.4
2020,3,11,22,45,0,0,3.5,23.6,86.78
2020,3,11,23,0,0,0,3.5,23.6,86.78
2020,3,11,23,15,0,0,3.5,23.5,87.31
2020,3,11,23,30,0,0,3.4000000000000004,23.5,87.31
2020,3,11,23,45,0,0,3.4000000000000004,23.5,86.94
2020,3,12,0,0,0,0,3.4000000000000004,23.5,86.94
2020,3,12,0,15,0,0,3.3000000000000003,23.400000000000002,87.47
2020,3,12,0,30,0,0,3.3000000000000003,23.400000000000002,87.47
2020,3,12,0,45,0,0,3.3000000000000003,23.400000000000002,87.09
2020,3,12,1,0,0,0,3.3000000000000003,23.3,87.53
2020,3,12,1,15,0,0,3.3000000000000003,23.3,87.53
2020,3,12,1,30,0,0,3.3000000000000003,23.3,87.53
2020,3,12,1,45,0,0,3.3000000000000003,23.3,87.14
2020,3,12,2,0,0,0,3.3000000000000003,23.200000000000003,87.66
2020,3,12,2,15,0,0,3.3000000000000003,23.200000000000003,87.66
2020,3,12,2,30,0,0,3.3000000000000003,23.200000000000003,87.66
2020,3,12,2,45,0,0,3.3000000000000003,23.200000000000003,87.03
2020,3,12,3,0,0,0,3.3000000000000003,23.1,87.55
2020,3,12,3,15,0,0,3.3000000000000003,23.1,87.55
2020,3,12,3,30,0,0,3.3000000000000003,23.1,87.55
2020,3,12,3,45,0,0,3.3000000000000003,23.1,87.02
2020,3,12,4,0,0,0,3.3000000000000003,23.1,87.02
2020,3,12,4,15,0,0,3.4000000000000004,23.1,87.02
2020,3,12,4,30,0,0,3.4000000000000004,23.1,87.02
2020,3,12,4,45,0,0,3.4000000000000004,23.1,86.07000000000001
2020,3,12,5,0,0,0,3.5,23,86.59
2020,3,12,5,15,0,0,3.5,23.1,86.07000000000001
2020,3,12,5,30,0,0,3.5,23.1,86.07000000000001
2020,3,12,5,45,0,0,3.5,23.1,85.88
2020,3,12,6,0,0,0,3.6,23.1,85.97
2020,3,12,6,15,0,0,3.6,23.3,84.94
2020,3,12,6,30,0,0,3.7,23.6,83.42
2020,3,12,6,45,14,0,3.8000000000000003,23.8,84.37
2020,3,12,7,0,62,354,3.8000000000000003,24,83.37
2020,3,12,7,15,116,489,3.9000000000000004,24.200000000000003,82.38
2020,3,12,7,30,174,586,4.1000000000000005,24.400000000000002,81.4
2020,3,12,7,45,237,663,4.2,24.700000000000003,78.72
2020,3,12,8,0,300,719,4.3,24.900000000000002,77.79
2020,3,12,8,15,362,763,4.4,25.1,76.87
2020,3,12,8,30,425,799,4.5,25.3,75.96000000000001
2020,3,12,8,45,486,829,4.5,25.5,74.03
2020,3,12,9,0,544,852,4.6000000000000005,25.700000000000003,73.16
2020,3,12,9,15,601,873,4.6000000000000005,25.8,72.73
2020,3,12,9,30,655,891,4.6000000000000005,26,71.88
2020,3,12,9,45,706,903,4.6000000000000005,26.1,71.21000000000001
2020,3,12,10,0,752,915,4.6000000000000005,26.3,70.38
2020,3,12,10,15,796,926,4.6000000000000005,26.400000000000002,69.97
2020,3,12,10,30,837,935,4.6000000000000005,26.5,69.56
2020,3,12,10,45,871,935,4.5,26.700000000000003,68.27
2020,3,12,11,0,903,942,4.5,26.8,67.87
2020,3,12,11,15,931,947,4.5,26.900000000000002,67.48
2020,3,12,11,30,954,952,4.4,26.900000000000002,67.48
2020,3,12,11,45,971,951,4.3,27,66.69
2020,3,12,12,0,985,954,4.3,27.1,66.23
2020,3,12,12,15,994,956,4.2,27.1,66.23
2020,3,12,12,30,997,956,4.1000000000000005,27.200000000000003,65.85
2020,3,12,12,45,995,954,4,27.200000000000003,65.61
2020,3,12,13,0,989,953,3.9000000000000004,27.200000000000003,65.61
2020,3,12,13,15,978,950,3.8000000000000003,27.200000000000003,65.61
2020,3,12,13,30,962,947,3.6,27.200000000000003,65.61
2020,3,12,13,45,943,946,3.5,27.200000000000003,65.38
2020,3,12,14,0,917,941,3.4000000000000004,27.200000000000003,65.38
2020,3,12,14,15,887,934,3.3000000000000003,27.200000000000003,65.38
2020,3,12,14,30,853,926,3.2,27.1,65.7
2020,3,12,14,45,814,917,3.1,27.1,65.19
2020,3,12,15,0,587,330,2.9000000000000004,27,65.57000000000001
2020,3,12,15,15,725,893,2.9000000000000004,26.900000000000002,65.96000000000001
2020,3,12,15,30,677,880,2.9000000000000004,26.900000000000002,65.96000000000001
2020,3,12,15,45,624,862,2.8000000000000003,26.8,65.57000000000001
2020,3,12,16,0,568,841,2.8000000000000003,26.700000000000003,65.95
2020,3,12,16,15,510,817,2.7,26.5,66.73
2020,3,12,16,30,449,788,2.7,26.400000000000002,67.12
2020,3,12,16,45,387,750,2.7,26.200000000000003,68.01
2020,3,12,17,0,325,707,2.7,26.1,68.41
2020,3,12,17,15,262,655,2.6,25.8,69.63
2020,3,12,17,30,200,587,2.5,25.5,70.88
2020,3,12,17,45,140,499,2.5,25.200000000000003,74.63
2020,3,12,18,0,84,382,2.4000000000000004,24.900000000000002,75.97
2020,3,12,18,15,37,221,2.4000000000000004,24.8,76.43
2020,3,12,18,30,0,0,2.4000000000000004,24.700000000000003,76.88
2020,3,12,18,45,0,0,2.4000000000000004,24.6,78.15
2020,3,12,19,0,0,0,2.4000000000000004,24.400000000000002,79.17
2020,3,12,19,15,0,0,2.4000000000000004,24.400000000000002,79.17
2020,3,12,19,30,0,0,2.4000000000000004,24.400000000000002,79.17
2020,3,12,19,45,0,0,2.4000000000000004,24.400000000000002,79.17
2020,3,12,20,0,0,0,2.5,24,81.42
2020,3,12,20,15,0,0,2.5,24,81.42
2020,3,12,20,30,0,0,2.5,23.900000000000002,81.91
2020,3,12,20,45,0,0,2.5,23.900000000000002,82.48
2020,3,12,21,0,0,0,2.6,23.8,82.98
2020,3,12,21,15,0,0,2.6,23.700000000000003,83.48
2020,3,12,21,30,0,0,2.6,23.700000000000003,83.48
2020,3,12,21,45,0,0,2.6,23.6,84.72
2020,3,12,22,0,0,0,2.6,23.6,84.72
2020,3,12,22,15,0,0,2.6,23.5,85.23
2020,3,12,22,30,0,0,2.7,23.5,85.23
2020,3,12,22,45,0,0,2.7,23.400000000000002,86.25
2020,3,12,23,0,0,0,2.7,23.400000000000002,86.25
2020,3,12,23,15,0,0,2.6,23.3,86.77
2020,3,12,23,30,0,0,2.6,23.3,86.77
2020,3,12,23,45,0,0,2.6,23.200000000000003,87.63
2020,3,13,0,0,0,0,2.6,23.200000000000003,87.63
2020,3,13,0,15,0,0,2.6,23.1,88.16
2020,3,13,0,30,0,0,2.6,23.1,88.16
2020,3,13,0,45,0,0,2.6,23.1,88.57000000000001
2020,3,13,1,0,0,0,2.6,23,89.10000000000001
2020,3,13,1,15,0,0,2.6,23,89.10000000000001
2020,3,13,1,30,0,0,2.5,22.900000000000002,89.64
2020,3,13,1,45,0,0,2.5,22.900000000000002,90
2020,3,13,2,0,0,0,2.5,22.900000000000002,90
2020,3,13,2,15,0,0,2.5,22.900000000000002,90
2020,3,13,2,30,0,0,2.5,22.8,90.54
2020,3,13,2,45,0,0,2.5,22.8,90.75
2020,3,13,3,0,0,0,2.5,22.8,90.66
2020,3,13,3,15,0,0,2.5,22.8,90.66
2020,3,13,3,30,0,0,2.5,22.8,90.75
2020,3,13,3,45,0,0,2.5,22.8,90.75
2020,3,13,4,0,0,0,2.5,22.8,90.75
2020,3,13,4,15,0,0,2.5,22.8,90.75
2020,3,13,4,30,0,0,2.5,22.8,90.75
2020,3,13,4,45,0,0,2.5,22.8,90.83
2020,3,13,5,0,0,0,2.6,22.8,90.83
2020,3,13,5,15,0,0,2.6,22.8,90.83
2020,3,13,5,30,0,0,2.6,22.8,90.83
2020,3,13,5,45,0,0,2.6,22.8,91.4
2020,3,13,6,0,0,0,2.6,22.900000000000002,90.85000000000001
2020,3,13,6,15,0,0,2.7,23.200000000000003,89.32000000000001
2020,3,13,6,30,0,0,2.8000000000000003,23.5,87.72
2020,3,13,6,45,22,154,2.9000000000000004,23.700000000000003,88.76
2020,3,13,7,0,63,331,3,24,87.18
2020,3,13,7,15,115,460,3.1,24.200000000000003,86.14
2020,3,13,7,30,173,556,3.2,24.400000000000002,85.12
2020,3,13,7,45,233,632,3.3000000000000003,24.6,83.35000000000001
2020,3,13,8,0,295,688,3.3000000000000003,24.8,82.44
2020,3,13,8,15,357,732,3.4000000000000004,25,81.47
2020,3,13,8,30,418,769,3.4000000000000004,25.200000000000003,80.51
2020,3,13,8,45,478,798,3.4000000000000004,25.400000000000002,78.97
2020,3,13,9,0,537,823,3.5,25.6,78.04
2020,3,13,9,15,592,844,3.4000000000000004,25.8,77.12
2020,3,13,9,30,646,862,3.4000000000000004,26,76.22
2020,3,13,9,45,696,874,3.4000000000000004,26.200000000000003,74.49
2020,3,13,10,0,743,888,3.4000000000000004,26.3,74.06
2020,3,13,10,15,786,898,3.3000000000000003,26.5,73.19
2020,3,13,10,30,826,908,3.3000000000000003,26.6,72.76
2020,3,13,10,45,864,924,3.2,26.700000000000003,71.95
2020,3,13,11,0,895,930,3.2,26.8,71.53
2020,3,13,11,15,923,936,3.1,26.900000000000002,71.11
2020,3,13,11,30,945,941,3,27,70.7
2020,3,13,11,45,730,301,3,27.1,70.74
2020,3,13,12,0,976,945,2.9000000000000004,27.200000000000003,70.26
2020,3,13,12,15,985,946,2.8000000000000003,27.200000000000003,70.26
2020,3,13,12,30,988,947,2.7,27.200000000000003,70.26
2020,3,13,12,45,985,943,2.6,27.3,70.10000000000001
2020,3,13,13,0,502,63,2.5,27.3,70.10000000000001
2020,3,13,13,15,492,61,2.5,27.3,70.10000000000001
2020,3,13,13,30,951,936,2.4000000000000004,27.3,70.10000000000001
2020,3,13,13,45,930,932,2.4000000000000004,27.3,69.81
2020,3,13,14,0,905,927,2.3000000000000003,27.3,69.81
2020,3,13,14,15,875,920,2.3000000000000003,27.200000000000003,70.22
2020,3,13,14,30,606,250,2.3000000000000003,27.200000000000003,70.22
2020,3,13,14,45,448,91,2.3000000000000003,27.1,70.05
2020,3,13,15,0,262,14,2.2,27,70.46000000000001
2020,3,13,15,15,107,0,2.3000000000000003,26.900000000000002,70.87
2020,3,13,15,30,52,0,2.3000000000000003,26.8,71.29
2020,3,13,15,45,348,100,2.3000000000000003,26.700000000000003,71.31
2020,3,13,16,0,81,0,2.3000000000000003,26.6,71.73
2020,3,13,16,15,11,0,2.3000000000000003,26.400000000000002,72.57000000000001
2020,3,13,16,30,228,64,2.3000000000000003,26.3,73
2020,3,13,16,45,8,0,2.3000000000000003,26.1,75.46000000000001
2020,3,13,17,0,43,0,2.3000000000000003,25.900000000000002,76.43
2020,3,13,17,15,124,30,2.3000000000000003,25.700000000000003,77.34
2020,3,13,17,30,53,0,2.2,25.400000000000002,78.72
2020,3,13,17,45,49,0,2.2,25.1,82.86
2020,3,13,18,0,37,0,2.2,24.900000000000002,83.85000000000001
2020,3,13,18,15,20,0,2.3000000000000003,24.8,84.35000000000001
2020,3,13,18,30,0,0,2.3000000000000003,24.700000000000003,84.85000000000001
2020,3,13,18,45,0,0,2.3000000000000003,24.6,86.33
2020,3,13,19,0,0,0,2.4000000000000004,24.400000000000002,87.46000000000001
2020,3,13,19,15,0,0,2.4000000000000004,24.400000000000002,87.46000000000001
2020,3,13,19,30,0,0,2.4000000000000004,24.400000000000002,87.46000000000001
2020,3,13,19,45,0,0,2.4000000000000004,24.400000000000002,87.46000000000001
2020,3,13,20,0,0,0,2.5,24.200000000000003,88.79
2020,3,13,20,15,0,0,2.5,24.1,89.32000000000001
2020,3,13,20,30,0,0,2.5,24,89.86
2020,3,13,20,45,0,0,2.6,24,89.82000000000001
2020,3,13,21,0,0,0,2.6,23.900000000000002,90.45
2020,3,13,21,15,0,0,2.6,23.900000000000002,90.45
2020,3,13,21,30,0,0,2.6,23.8,90.99
2020,3,13,21,45,0,0,2.6,23.8,90.71000000000001
2020,3,13,22,0,0,0,2.7,23.8,90.71000000000001
2020,3,13,22,15,0,0,2.7,23.700000000000003,91.25
2020,3,13,22,30,0,0,2.7,23.700000000000003,91.25
2020,3,13,22,45,0,0,2.7,23.700000000000003,91.10000000000001
2020,3,13,23,0,0,0,2.7,23.6,91.65
2020,3,13,23,15,0,0,2.7,23.6,91.65
2020,3,13,23,30,0,0,2.7,23.6,91.65
2020,3,13,23,45,0,0,2.7,23.5,91.60000000000001
2020,3,14,0,0,0,0,2.7,23.5,91.60000000000001
2020,3,14,0,15,0,0,2.7,23.400000000000002,92.16
2020,3,14,0,30,0,0,2.7,23.400000000000002,92.06
2020,3,14,0,45,0,0,2.7,23.400000000000002,91.34
2020,3,14,1,0,0,0,2.6,23.3,91.89
2020,3,14,1,15,0,0,2.6,23.3,91.89
2020,3,14,1,30,0,0,2.6,23.3,91.89
2020,3,14,1,45,0,0,2.6,23.200000000000003,91.71000000000001
2020,3,14,2,0,0,0,2.6,23.200000000000003,91.71000000000001
2020,3,14,2,15,0,0,2.6,23.200000000000003,91.71000000000001
2020,3,14,2,30,0,0,2.6,23.1,92.26
2020,3,14,2,45,0,0,2.6,23.1,91.51
2020,3,14,3,0,0,0,2.6,23,92.06
2020,3,14,3,15,0,0,2.6,23,92.06
2020,3,14,3,30,0,0,2.6,23,92.06
2020,3,14,3,45,0,0,2.6,22.900000000000002,91.9
2020,3,14,4,0,0,0,2.6,22.900000000000002,91.9
2020,3,14,4,15,0,0,2.6,22.900000000000002,91.9
2020,3,14,4,30,0,0,2.6,22.8,92.46000000000001
2020,3,14,4,45,0,0,2.6,22.8,91.75
2020,3,14,5,0,0,0,2.7,22.8,91.75
2020,3,14,5,15,0,0,2.7,22.8,91.75
2020,3,14,5,30,0,0,2.7,22.8,91.85000000000001
2020,3,14,5,45,0,0,2.7,22.8,91.82000000000001
2020,3,14,6,0,0,0,2.7,22.8,91.82000000000001
2020,3,14,6,15,0,0,2.8000000000000003,23,90.72
2020,3,14,6,30,0,0,2.9000000000000004,23.200000000000003,89.64
2020,3,14,6,45,24,199,2.9000000000000004,23.400000000000002,90.8
2020,3,14,7,0,67,377,3,23.6,89.8
2020,3,14,7,15,121,504,3,23.700000000000003,89.27
2020,3,14,7,30,179,596,3,23.8,88.73
2020,3,14,7,45,242,671,3,23.900000000000002,85.83
2020,3,14,8,0,304,725,3,24,85.32000000000001
2020,3,14,8,15,367,767,3,24.200000000000003,84.31
2020,3,14,8,30,429,802,2.9000000000000004,24.5,82.81
2020,3,14,8,45,489,830,2.9000000000000004,24.700000000000003,78.87
2020,3,14,9,0,548,854,2.9000000000000004,24.900000000000002,77.94
2020,3,14,9,15,604,875,2.8000000000000003,25.1,77.02
2020,3,14,9,30,658,892,2.7,25.400000000000002,75.66
2020,3,14,9,45,709,905,2.7,25.6,73
2020,3,14,10,0,756,918,2.6,25.8,72.14
2020,3,14,10,15,800,929,2.6,26,71.23
2020,3,14,10,30,840,939,2.6,26.200000000000003,70.39
2020,3,14,10,45,876,943,2.5,26.3,69.48
2020,3,14,11,0,326,20,2.5,26.5,68.67
2020,3,14,11,15,935,955,2.5,26.6,68.27
2020,3,14,11,30,958,960,2.6,26.700000000000003,67.87
2020,3,14,11,45,976,961,2.6,26.8,67.73
2020,3,14,12,0,989,964,2.6,26.900000000000002,67.34
2020,3,14,12,15,997,965,2.7,26.900000000000002,67.27
2020,3,14,12,30,1001,966,2.7,26.900000000000002,67.27
2020,3,14,12,45,999,964,2.8000000000000003,26.900000000000002,67.64
2020,3,14,13,0,992,963,2.8000000000000003,26.900000000000002,67.64
2020,3,14,13,15,981,960,2.9000000000000004,26.900000000000002,67.64
2020,3,14,13,30,965,957,2.9000000000000004,26.900000000000002,67.57000000000001
2020,3,14,13,45,942,946,3,26.8,68.38
2020,3,14,14,0,917,941,3,26.8,68.38
2020,3,14,14,15,397,40,3,26.700000000000003,68.78
2020,3,14,14,30,852,926,3.1,26.700000000000003,68.78
2020,3,14,14,45,813,915,3.1,26.6,69.64
2020,3,14,15,0,770,904,3.1,26.5,69.98
2020,3,14,15,15,724,891,3.2,26.400000000000002,70.39
2020,3,14,15,30,674,876,3.2,26.200000000000003,71.23
2020,3,14,15,45,621,859,3.3000000000000003,26.1,72.64
2020,3,14,16,0,566,838,3.3000000000000003,26,73.07000000000001
2020,3,14,16,15,508,814,3.4000000000000004,25.8,73.94
2020,3,14,16,30,448,786,3.4000000000000004,25.6,74.81
2020,3,14,16,45,387,752,3.5,25.400000000000002,77.34
2020,3,14,17,0,325,710,3.6,25.200000000000003,78.26
2020,3,14,17,15,262,658,3.6,24.900000000000002,79.75
2020,3,14,17,30,200,592,3.6,24.700000000000003,80.7
2020,3,14,17,45,141,512,3.7,24.400000000000002,84.26
2020,3,14,18,0,85,396,3.7,24.200000000000003,85.27
2020,3,14,18,15,38,236,3.8000000000000003,24,86.3
2020,3,14,18,30,0,0,3.9000000000000004,23.900000000000002,86.82000000000001
2020,3,14,18,45,0,0,3.9000000000000004,23.8,88.98
2020,3,14,19,0,0,0,4,23.6,90.06
2020,3,14,19,15,0,0,4,23.6,90.06
2020,3,14,19,30,0,0,4,23.6,90.06
2020,3,14,19,45,0,0,4,23.6,90.06
2020,3,14,20,0,0,0,4.3,23.3,92.39
2020,3,14,20,15,0,0,4.3,23.3,92.39
2020,3,14,20,30,0,0,4.4,23.200000000000003,92.94
2020,3,14,20,45,0,0,4.4,23.200000000000003,92.74
2020,3,14,21,0,0,0,4.5,23.200000000000003,92.74
2020,3,14,21,15,0,0,4.5,23.1,93.3
2020,3,14,21,30,0,0,4.6000000000000005,23.1,93.3
2020,3,14,21,45,0,0,4.6000000000000005,23.1,92.57000000000001
2020,3,14,22,0,0,0,4.6000000000000005,23.1,92.57000000000001
2020,3,14,22,15,0,0,4.6000000000000005,23.1,92.57000000000001
2020,3,14,22,30,0,0,4.7,23.1,92.57000000000001
2020,3,14,22,45,0,0,4.7,23,92.37
2020,3,14,23,0,0,0,4.7,23,92.37
2020,3,14,23,15,0,0,4.7,23,92.37
2020,3,14,23,30,0,0,4.7,23,92.37
2020,3,14,23,45,0,0,4.7,23,90.95
2020,3,15,0,0,0,0,4.7,23,90.95
2020,3,15,0,15,0,0,4.7,23,90.95
2020,3,15,0,30,0,0,4.7,22.900000000000002,91.5
2020,3,15,0,45,0,0,4.7,22.900000000000002,90.25
2020,3,15,1,0,0,0,4.7,22.900000000000002,90.25
2020,3,15,1,15,0,0,4.7,22.900000000000002,90.25
2020,3,15,1,30,0,0,4.6000000000000005,22.900000000000002,90.16
2020,3,15,1,45,0,0,4.6000000000000005,22.900000000000002,88.64
2020,3,15,2,0,0,0,4.6000000000000005,22.8,89.17
2020,3,15,2,15,0,0,4.6000000000000005,22.8,89.17
2020,3,15,2,30,0,0,4.6000000000000005,22.8,89.17
2020,3,15,2,45,0,0,4.6000000000000005,22.8,87.54
2020,3,15,3,0,0,0,4.5,22.8,87.54
2020,3,15,3,15,0,0,4.5,22.8,87.54
2020,3,15,3,30,0,0,4.5,22.700000000000003,88.07000000000001
2020,3,15,3,45,0,0,4.5,22.700000000000003,86.58
2020,3,15,4,0,0,0,4.5,22.700000000000003,86.58
2020,3,15,4,15,0,0,4.5,22.700000000000003,86.58
2020,3,15,4,30,0,0,4.6000000000000005,22.700000000000003,86.58
2020,3,15,4,45,0,0,4.6000000000000005,22.700000000000003,85.21000000000001
2020,3,15,5,0,0,0,4.6000000000000005,22.700000000000003,85.21000000000001
2020,3,15,5,15,0,0,4.6000000000000005,22.6,85.73
2020,3,15,5,30,0,0,4.5,22.6,85.73
2020,3,15,5,45,0,0,4.5,22.6,84.56
2020,3,15,6,0,0,0,4.5,22.6,84.56
2020,3,15,6,15,0,0,4.5,22.8,83.63
2020,3,15,6,30,0,0,4.6000000000000005,22.900000000000002,83.13
2020,3,15,6,45,27,197,4.6000000000000005,23.1,81.54
2020,3,15,7,0,72,384,4.6000000000000005,23.3,80.57000000000001
2020,3,15,7,15,127,514,4.7,23.5,79.60000000000001
2020,3,15,7,30,188,608,4.7,23.6,79.13
2020,3,15,7,45,251,685,4.7,23.8,76.26
2020,3,15,8,0,315,739,4.7,24,75.35000000000001
2020,3,15,8,15,381,785,4.6000000000000005,24.200000000000003,74.46000000000001
2020,3,15,8,30,444,819,4.6000000000000005,24.400000000000002,73.57000000000001
2020,3,15,8,45,506,853,4.5,24.6,71.17
2020,3,15,9,0,566,877,4.5,24.8,70.33
2020,3,15,9,15,624,897,4.4,24.900000000000002,69.91
2020,3,15,9,30,679,914,4.4,25.1,69.09
2020,3,15,9,45,733,932,4.3,25.3,66.95
2020,3,15,10,0,781,944,4.3,25.5,66.16
2020,3,15,10,15,826,955,4.2,25.6,65.77
2020,3,15,10,30,867,964,4.2,25.700000000000003,65.38
2020,3,15,10,45,901,961,4.2,25.900000000000002,63.25
2020,3,15,11,0,934,968,4.1000000000000005,26,62.88
2020,3,15,11,15,961,974,4.1000000000000005,26.1,62.45
2020,3,15,11,30,985,978,4.1000000000000005,26.1,62.45
2020,3,15,11,45,1002,978,4.1000000000000005,26.200000000000003,61.01
2020,3,15,12,0,1016,980,4.1000000000000005,26.3,60.660000000000004
2020,3,15,12,15,1024,982,4.1000000000000005,26.3,60.660000000000004
2020,3,15,12,30,1027,982,4.1000000000000005,26.3,60.59
2020,3,15,12,45,1025,979,4.1000000000000005,26.400000000000002,59.82
2020,3,15,13,0,1018,978,4.1000000000000005,26.400000000000002,59.82
2020,3,15,13,15,1007,976,4.2,26.400000000000002,59.82
2020,3,15,13,30,990,972,4.2,26.400000000000002,59.82
2020,3,15,13,45,970,973,4.3,26.3,60.14
2020,3,15,14,0,943,968,4.3,26.3,60.14
2020,3,15,14,15,913,962,4.4,26.200000000000003,60.5
2020,3,15,14,30,877,954,4.4,26.200000000000003,60.5
2020,3,15,14,45,837,943,4.5,26.1,61.19
2020,3,15,15,0,794,932,4.5,26,61.550000000000004
2020,3,15,15,15,746,920,4.5,25.900000000000002,61.92
2020,3,15,15,30,696,905,4.6000000000000005,25.700000000000003,62.65
2020,3,15,15,45,642,889,4.6000000000000005,25.6,63.76
2020,3,15,16,0,585,869,4.6000000000000005,25.5,64.14
2020,3,15,16,15,526,846,4.6000000000000005,25.3,64.9
2020,3,15,16,30,465,818,4.5,25.1,65.68
2020,3,15,16,45,402,787,4.5,24.900000000000002,67.52
2020,3,15,17,0,338,746,4.5,24.700000000000003,68.33
2020,3,15,17,15,274,695,4.5,24.400000000000002,69.56
2020,3,15,17,30,210,630,4.4,24.1,70.82000000000001
2020,3,15,17,45,149,552,4.3,23.8,73.86
2020,3,15,18,0,91,436,4.2,23.6,74.75
2020,3,15,18,15,41,273,4.2,23.400000000000002,75.65
2020,3,15,18,30,0,0,4.2,23.3,76.11
2020,3,15,18,45,0,0,4.2,23.200000000000003,78.35000000000001
2020,3,15,19,0,0,0,4.2,23.1,78.82000000000001
2020,3,15,19,15,0,0,4.2,23.1,78.82000000000001
2020,3,15,19,30,0,0,4.2,23.1,78.82000000000001
2020,3,15,19,45,0,0,4.2,23.1,78.82000000000001
2020,3,15,20,0,0,0,4,22.8,80.74
2020,3,15,20,15,0,0,4,22.8,80.74
2020,3,15,20,30,0,0,3.9000000000000004,22.700000000000003,81.31
2020,3,15,20,45,0,0,3.9000000000000004,22.6,81.45
2020,3,15,21,0,0,0,3.8000000000000003,22.6,81.45
2020,3,15,21,15,0,0,3.7,22.5,81.94
2020,3,15,21,30,0,0,3.7,22.5,81.94
2020,3,15,21,45,0,0,3.6,22.400000000000002,81.29
2020,3,15,22,0,0,0,3.6,22.3,81.79
2020,3,15,22,15,0,0,3.6,22.3,81.79
2020,3,15,22,30,0,0,3.6,22.3,81.7
2020,3,15,22,45,0,0,3.5,22.200000000000003,81.12
2020,3,15,23,0,0,0,3.5,22.200000000000003,81.12
2020,3,15,23,15,0,0,3.5,22.1,81.62
2020,3,15,23,30,0,0,3.5,22.1,81.62
2020,3,15,23,45,0,0,3.6,22.1,81.16
2020,3,16,0,0,0,0,3.6,22,81.66
2020,3,16,0,15,0,0,3.6,22,81.66
2020,3,16,0,30,0,0,3.6,22,81.66
2020,3,16,0,45,0,0,3.6,22,81.75
2020,3,16,1,0,0,0,3.7,21.900000000000002,82.17
2020,3,16,1,15,0,0,3.7,21.900000000000002,82.17
2020,3,16,1,30,0,0,3.7,21.900000000000002,82.17
2020,3,16,1,45,0,0,3.7,21.900000000000002,82.77
2020,3,16,2,0,0,0,3.8000000000000003,21.8,83.27
2020,3,16,2,15,0,0,3.8000000000000003,21.8,83.27
2020,3,16,2,30,0,0,3.8000000000000003,21.8,83.27
2020,3,16,2,45,0,0,3.8000000000000003,21.8,84.58
2020,3,16,3,0,0,0,3.9000000000000004,21.8,84.58
2020,3,16,3,15,0,0,3.9000000000000004,21.8,84.58
2020,3,16,3,30,0,0,3.9000000000000004,21.8,84.58
2020,3,16,3,45,0,0,3.9000000000000004,21.900000000000002,85.61
2020,3,16,4,0,0,0,3.9000000000000004,21.900000000000002,85.61
2020,3,16,4,15,0,0,3.9000000000000004,21.900000000000002,85.61
2020,3,16,4,30,0,0,3.9000000000000004,21.900000000000002,85.61
2020,3,16,4,45,0,0,3.9000000000000004,21.900000000000002,87.29
2020,3,16,5,0,0,0,3.9000000000000004,21.900000000000002,87.29
2020,3,16,5,15,0,0,3.9000000000000004,21.900000000000002,87.29
2020,3,16,5,30,0,0,4,22,86.76
2020,3,16,5,45,0,0,4,22,88.73
2020,3,16,6,0,0,0,4,22.1,88.28
2020,3,16,6,15,0,0,4.1000000000000005,22.3,87.21000000000001
2020,3,16,6,30,0,0,4.1000000000000005,22.5,86.16
2020,3,16,6,45,28,205,4.2,22.700000000000003,87.26
2020,3,16,7,0,73,382,4.3,22.900000000000002,86.21000000000001
2020,3,16,7,15,128,508,4.3,23.1,85.18
2020,3,16,7,30,187,598,4.4,23.3,84.16
2020,3,16,7,45,249,668,4.4,23.5,82.68
2020,3,16,8,0,312,722,4.5,23.700000000000003,81.7
2020,3,16,8,15,375,764,4.5,23.900000000000002,80.72
2020,3,16,8,30,437,799,4.5,24.1,79.76
2020,3,16,8,45,498,825,4.4,24.3,78.38
2020,3,16,9,0,556,849,4.4,24.5,77.45
2020,3,16,9,15,119,0,4.4,24.700000000000003,76.53
2020,3,16,9,30,208,8,4.4,24.900000000000002,75.63
2020,3,16,9,45,227,10,4.4,25.1,75.01
2020,3,16,10,0,313,28,4.3,25.400000000000002,73.69
2020,3,16,10,15,277,16,4.3,25.5,73.26
2020,3,16,10,30,389,44,4.3,25.700000000000003,72.4
2020,3,16,10,45,244,11,4.3,25.8,72.51
2020,3,16,11,0,914,938,4.2,26,71.66
2020,3,16,11,15,191,7,4.2,26.1,71.24
2020,3,16,11,30,598,142,4.2,26.200000000000003,70.75
2020,3,16,11,45,981,945,4.2,26.3,70.97
2020,3,16,12,0,994,948,4.1000000000000005,26.400000000000002,70.55
2020,3,16,12,15,1002,950,4.1000000000000005,26.400000000000002,70.55
2020,3,16,12,30,1004,948,4.1000000000000005,26.5,70.14
2020,3,16,12,45,465,45,4.1000000000000005,26.6,70.01
2020,3,16,13,0,994,941,4.1000000000000005,26.700000000000003,69.53
2020,3,16,13,15,516,71,4,26.700000000000003,69.53
2020,3,16,13,30,415,34,4,26.700000000000003,69.53
2020,3,16,13,45,945,931,4,26.6,69.96000000000001
2020,3,16,14,0,919,925,4,26.6,69.96000000000001
2020,3,16,14,15,888,919,4,26.6,69.96000000000001
2020,3,16,14,30,854,910,4,26.5,70.38
2020,3,16,14,45,189,6,4,26.400000000000002,70.7
2020,3,16,15,0,270,16,4,26.400000000000002,70.7
2020,3,16,15,15,725,875,4,26.200000000000003,71.54
2020,3,16,15,30,675,859,4,26.1,71.96000000000001
2020,3,16,15,45,305,55,4,26,72.67
2020,3,16,16,0,566,821,4,25.8,73.53
2020,3,16,16,15,508,796,4,25.6,74.41
2020,3,16,16,30,448,766,4,25.400000000000002,75.29
2020,3,16,16,45,389,740,4,25.3,76.38
2020,3,16,17,0,326,697,4,25.1,77.29
2020,3,16,17,15,263,644,4,24.8,78.68
2020,3,16,17,30,201,577,3.9000000000000004,24.6,79.62
2020,3,16,17,45,143,503,3.8000000000000003,24.400000000000002,81.75
2020,3,16,18,0,87,386,3.8000000000000003,24.200000000000003,82.73
2020,3,16,18,15,39,227,3.8000000000000003,24,83.73
2020,3,16,18,30,0,0,3.8000000000000003,23.900000000000002,84.23
2020,3,16,18,45,0,0,3.9000000000000004,23.8,85.98
2020,3,16,19,0,0,0,3.9000000000000004,23.700000000000003,86.5
2020,3,16,19,15,0,0,3.9000000000000004,23.700000000000003,86.5
2020,3,16,19,30,0,0,3.9000000000000004,23.700000000000003,86.5
2020,3,16,19,45,0,0,3.9000000000000004,23.700000000000003,86.5
2020,3,16,20,0,0,0,4,23.400000000000002,88.37
2020,3,16,20,15,0,0,4,23.400000000000002,88.37
2020,3,16,20,30,0,0,4,23.400000000000002,88.46000000000001
2020,3,16,20,45,0,0,4,23.3,88.84
2020,3,16,21,0,0,0,4.1000000000000005,23.3,88.84
2020,3,16,21,15,0,0,4.1000000000000005,23.3,88.84
2020,3,16,21,30,0,0,4.1000000000000005,23.200000000000003,89.37
2020,3,16,21,45,0,0,4.1000000000000005,23.200000000000003,89.11
2020,3,16,22,0,0,0,4.1000000000000005,23.200000000000003,89.11
2020,3,16,22,15,0,0,4.1000000000000005,23.200000000000003,89.11
2020,3,16,22,30,0,0,4.1000000000000005,23.1,89.65
2020,3,16,22,45,0,0,4.1000000000000005,23.1,89.53
2020,3,16,23,0,0,0,4.1000000000000005,23.1,89.53
2020,3,16,23,15,0,0,4.1000000000000005,23.1,89.53
2020,3,16,23,30,0,0,4.1000000000000005,23.1,89.53
2020,3,16,23,45,0,0,4.1000000000000005,23,90.09
2020,3,17,0,0,0,0,4.1000000000000005,23,90.09
2020,3,17,0,15,0,0,4.1000000000000005,23,90
2020,3,17,0,30,0,0,4.1000000000000005,23,90
2020,3,17,0,45,0,0,4.1000000000000005,23,90.05
2020,3,17,1,0,0,0,4.1000000000000005,22.900000000000002,90.60000000000001
2020,3,17,1,15,0,0,4.1000000000000005,22.900000000000002,90.60000000000001
2020,3,17,1,30,0,0,4.1000000000000005,22.900000000000002,90.60000000000001
2020,3,17,1,45,0,0,4,22.900000000000002,90.55
2020,3,17,2,0,0,0,4,22.8,91.10000000000001
2020,3,17,2,15,0,0,4,22.8,91.10000000000001
2020,3,17,2,30,0,0,4,22.8,91.01
2020,3,17,2,45,0,0,4,22.8,90.81
2020,3,17,3,0,0,0,4,22.8,90.81
2020,3,17,3,15,0,0,4,22.8,90.81
2020,3,17,3,30,0,0,3.9000000000000004,22.700000000000003,91.36
2020,3,17,3,45,0,0,3.9000000000000004,22.700000000000003,91.02
2020,3,17,4,0,0,0,3.9000000000000004,22.700000000000003,91.02
2020,3,17,4,15,0,0,3.9000000000000004,22.700000000000003,91.02
2020,3,17,4,30,0,0,3.8000000000000003,22.6,91.66
2020,3,17,4,45,0,0,3.8000000000000003,22.6,91.46000000000001
2020,3,17,5,0,0,0,3.8000000000000003,22.6,91.46000000000001
2020,3,17,5,15,0,0,3.8000000000000003,22.6,91.46000000000001
2020,3,17,5,30,0,0,3.8000000000000003,22.700000000000003,90.91
2020,3,17,5,45,0,0,3.8000000000000003,22.700000000000003,91.17
2020,3,17,6,0,0,0,3.8000000000000003,22.700000000000003,91.17
2020,3,17,6,15,0,0,3.9000000000000004,22.900000000000002,90.07000000000001
2020,3,17,6,30,0,0,4,23.200000000000003,88.55
2020,3,17,6,45,30,212,4.1000000000000005,23.400000000000002,88.94
2020,3,17,7,0,75,385,4.2,23.6,87.87
2020,3,17,7,15,130,508,4.3,23.8,86.83
2020,3,17,7,30,190,599,4.4,24,85.79
2020,3,17,7,45,251,659,4.5,24.200000000000003,83.64
2020,3,17,8,0,314,713,4.6000000000000005,24.400000000000002,82.64
2020,3,17,8,15,377,756,4.7,24.700000000000003,81.26
2020,3,17,8,30,439,791,4.800000000000001,24.900000000000002,80.3
2020,3,17,8,45,96,0,4.9,25.1,78.23
2020,3,17,9,0,557,841,4.9,25.3,77.31
2020,3,17,9,15,614,862,5,25.5,76.4
2020,3,17,9,30,668,880,5,25.700000000000003,75.5
2020,3,17,9,45,719,893,5.1000000000000005,25.900000000000002,74.43
2020,3,17,10,0,766,906,5.1000000000000005,26,73.99
2020,3,17,10,15,810,917,5.1000000000000005,26.200000000000003,73.12
2020,3,17,10,30,850,927,5.1000000000000005,26.3,72.69
2020,3,17,10,45,884,927,5.1000000000000005,26.400000000000002,72.88
2020,3,17,11,0,914,932,5.2,26.5,72.46000000000001
2020,3,17,11,15,942,938,5.2,26.6,71.96000000000001
2020,3,17,11,30,964,943,5.2,26.700000000000003,71.54
2020,3,17,11,45,981,942,5.2,26.8,71.8
2020,3,17,12,0,994,945,5.2,26.900000000000002,71.38
2020,3,17,12,15,1003,947,5.2,26.900000000000002,71.38
2020,3,17,12,30,1006,947,5.2,26.900000000000002,71.38
2020,3,17,12,45,1004,947,5.2,26.900000000000002,71.93
2020,3,17,13,0,542,82,5.2,26.900000000000002,71.93
2020,3,17,13,15,985,943,5.2,26.900000000000002,71.93
2020,3,17,13,30,969,940,5.2,26.8,72.35000000000001
2020,3,17,13,45,944,928,5.2,26.8,73.03
2020,3,17,14,0,437,49,5.2,26.8,72.96000000000001
2020,3,17,14,15,441,58,5.2,26.700000000000003,73.39
2020,3,17,14,30,853,907,5.2,26.6,73.82000000000001
2020,3,17,14,45,417,66,5.2,26.5,74.98
2020,3,17,15,0,773,890,5.2,26.400000000000002,75.42
2020,3,17,15,15,726,877,5.2,26.200000000000003,76.32000000000001
2020,3,17,15,30,676,862,5.2,26.1,76.77
2020,3,17,15,45,260,27,5.2,26,78.10000000000001
2020,3,17,16,0,568,827,5.1000000000000005,25.8,79.03
2020,3,17,16,15,510,803,5.1000000000000005,25.6,79.97
2020,3,17,16,30,450,774,5,25.5,80.44
2020,3,17,16,45,390,746,4.9,25.3,82.21000000000001
2020,3,17,17,0,327,704,4.9,25.1,83.2
2020,3,17,17,15,265,652,4.7,24.900000000000002,84.19
2020,3,17,17,30,203,586,4.6000000000000005,24.8,84.78
2020,3,17,17,45,143,504,4.5,24.6,86.85000000000001
2020,3,17,18,0,87,388,4.4,24.400000000000002,87.89
2020,3,17,18,15,40,229,4.3,24.3,88.42
2020,3,17,18,30,0,0,4.3,24.200000000000003,88.95
2020,3,17,18,45,0,0,4.2,24.1,90.62
2020,3,17,19,0,0,0,4.2,24.1,90.71000000000001
2020,3,17,19,15,0,0,4.2,24.1,90.71000000000001
2020,3,17,19,30,0,0,4.2,24.1,90.71000000000001
2020,3,17,19,45,0,0,4.2,24.1,90.71000000000001
2020,3,17,20,0,0,0,4.2,23.900000000000002,92.26
2020,3,17,20,15,0,0,4.1000000000000005,23.8,92.82000000000001
2020,3,17,20,30,0,0,4.1000000000000005,23.8,92.82000000000001
2020,3,17,20,45,0,0,4.1000000000000005,23.8,92.82000000000001
2020,3,17,21,0,0,0,4,23.700000000000003,93.38
2020,3,17,21,15,0,0,4,23.700000000000003,93.38
2020,3,17,21,30,0,0,4,23.700000000000003,93.38
2020,3,17,21,45,0,0,4,23.700000000000003,93.56
2020,3,17,22,0,0,0,3.9000000000000004,23.700000000000003,93.56
2020,3,17,22,15,0,0,3.9000000000000004,23.700000000000003,93.56
2020,3,17,22,30,0,0,3.9000000000000004,23.700000000000003,93.56
2020,3,17,22,45,0,0,3.8000000000000003,23.6,93.98
2020,3,17,23,0,0,0,3.8000000000000003,23.6,93.98
2020,3,17,23,15,0,0,3.8000000000000003,23.6,93.98
2020,3,17,23,30,0,0,3.7,23.6,93.98
2020,3,17,23,45,0,0,3.7,23.6,93.77
2020,3,18,0,0,0,0,3.7,23.6,93.77
2020,3,18,0,15,0,0,3.7,23.6,93.77
2020,3,18,0,30,0,0,3.6,23.5,94.34
2020,3,18,0,45,0,0,3.6,23.5,93.79
2020,3,18,1,0,0,0,3.6,23.5,93.79
2020,3,18,1,15,0,0,3.6,23.5,93.7
2020,3,18,1,30,0,0,3.6,23.5,93.7
2020,3,18,1,45,0,0,3.6,23.400000000000002,93.53
2020,3,18,2,0,0,0,3.6,23.400000000000002,93.53
2020,3,18,2,15,0,0,3.5,23.400000000000002,93.53
2020,3,18,2,30,0,0,3.5,23.400000000000002,93.53
2020,3,18,2,45,0,0,3.5,23.3,93.21000000000001
2020,3,18,3,0,0,0,3.5,23.3,93.21000000000001
2020,3,18,3,15,0,0,3.5,23.3,93.21000000000001
2020,3,18,3,30,0,0,3.5,23.200000000000003,93.77
2020,3,18,3,45,0,0,3.6,23.200000000000003,92.71000000000001
2020,3,18,4,0,0,0,3.6,23.1,93.27
2020,3,18,4,15,0,0,3.6,23.1,93.27
2020,3,18,4,30,0,0,3.6,23.1,93.27
2020,3,18,4,45,0,0,3.6,23.1,92.37
2020,3,18,5,0,0,0,3.6,23.1,92.37
2020,3,18,5,15,0,0,3.6,23.1,92.37
2020,3,18,5,30,0,0,3.6,23.1,92.37
2020,3,18,5,45,0,0,3.6,23.1,92.24
2020,3,18,6,0,0,0,3.6,23.200000000000003,91.69
2020,3,18,6,15,0,0,3.7,23.400000000000002,90.59
2020,3,18,6,30,0,0,3.8000000000000003,23.5,90.05
2020,3,18,6,45,32,228,3.9000000000000004,23.700000000000003,90.08
2020,3,18,7,0,78,397,4,23.900000000000002,89
2020,3,18,7,15,133,518,4,24.1,88.03
2020,3,18,7,30,193,606,4.1000000000000005,24.3,86.99
2020,3,18,7,45,254,668,4.1000000000000005,24.5,84.09
2020,3,18,8,0,316,719,4.2,24.6,83.59
2020,3,18,8,15,379,761,4.2,24.8,82.60000000000001
2020,3,18,8,30,441,795,4.2,25.1,81.23
2020,3,18,8,45,501,821,4.2,25.3,78.34
2020,3,18,9,0,560,845,4.2,25.5,77.42
2020,3,18,9,15,616,865,4.2,25.700000000000003,76.51
2020,3,18,9,30,670,882,4.1000000000000005,25.8,76.06
2020,3,18,9,45,720,894,4.1000000000000005,26,74.04
2020,3,18,10,0,327,32,4.1000000000000005,26.200000000000003,73.18
2020,3,18,10,15,278,16,4.1000000000000005,26.3,72.75
2020,3,18,10,30,506,124,4.1000000000000005,26.400000000000002,72.32000000000001
2020,3,18,10,45,885,933,4,26.5,71.54
2020,3,18,11,0,916,939,4,26.6,71.12
2020,3,18,11,15,634,195,4,26.700000000000003,70.71000000000001
2020,3,18,11,30,612,153,4,26.8,70.22
2020,3,18,11,45,324,17,4,26.8,70.24
2020,3,18,12,0,428,34,4,26.900000000000002,69.83
2020,3,18,12,15,1004,955,4,26.900000000000002,69.83
2020,3,18,12,30,1007,955,4,26.900000000000002,69.83
2020,3,18,12,45,442,37,4,27,69.36
2020,3,18,13,0,156,3,4,27,69.36
2020,3,18,13,15,162,4,4,27,69.36
2020,3,18,13,30,261,13,4,26.900000000000002,69.76
2020,3,18,13,45,130,0,4,26.900000000000002,69.93
2020,3,18,14,0,301,16,4,26.900000000000002,69.86
2020,3,18,14,15,890,923,4,26.8,70.27
2020,3,18,14,30,855,915,4,26.8,70.27
2020,3,18,14,45,395,53,4,26.700000000000003,71.09
2020,3,18,15,0,349,40,4,26.6,71.51
2020,3,18,15,15,73,0,4,26.5,71.93
2020,3,18,15,30,676,862,4.1000000000000005,26.3,72.78
2020,3,18,15,45,623,843,4.1000000000000005,26.200000000000003,74.11
2020,3,18,16,0,567,822,4.1000000000000005,26,75.06
2020,3,18,16,15,508,795,4.1000000000000005,25.900000000000002,75.5
2020,3,18,16,30,448,766,4.1000000000000005,25.700000000000003,76.4
2020,3,18,16,45,386,728,4.1000000000000005,25.5,78.55
2020,3,18,17,0,324,685,4.1000000000000005,25.400000000000002,79.02
2020,3,18,17,15,69,0,4.1000000000000005,25.200000000000003,79.96000000000001
2020,3,18,17,30,200,564,4.1000000000000005,25,80.91
2020,3,18,17,45,141,473,4,24.8,83.55
2020,3,18,18,0,86,356,4,24.6,84.63
2020,3,18,18,15,39,200,4,24.5,85.14
2020,3,18,18,30,0,0,4.1000000000000005,24.5,85.14
2020,3,18,18,45,0,0,4.1000000000000005,24.400000000000002,87.23
2020,3,18,19,0,0,0,4.1000000000000005,24.3,87.75
2020,3,18,19,15,0,0,4.1000000000000005,24.3,87.75
2020,3,18,19,30,0,0,4.1000000000000005,24.3,87.75
2020,3,18,19,45,0,0,4.1000000000000005,24.3,87.75
2020,3,18,20,0,0,0,4.2,24.1,90.01
2020,3,18,20,15,0,0,4.2,24.1,90.01
2020,3,18,20,30,0,0,4.2,24,90.55
2020,3,18,20,45,0,0,4.3,24,91.18
2020,3,18,21,0,0,0,4.3,24,91.18
2020,3,18,21,15,0,0,4.3,24,91.18
2020,3,18,21,30,0,0,4.3,24,91.18
2020,3,18,21,45,0,0,4.3,24,91.23
2020,3,18,22,0,0,0,4.3,24,91.23
2020,3,18,22,15,0,0,4.3,23.900000000000002,91.77
2020,3,18,22,30,0,0,4.3,23.900000000000002,91.77
2020,3,18,22,45,0,0,4.2,23.900000000000002,91.28
2020,3,18,23,0,0,0,4.2,23.900000000000002,91.28
2020,3,18,23,15,0,0,4.2,23.8,91.83
2020,3,18,23,30,0,0,4.2,23.8,91.83
2020,3,18,23,45,0,0,4.2,23.8,91.14
2020,3,19,0,0,0,0,4.1000000000000005,23.700000000000003,91.69
2020,3,19,0,15,0,0,4.1000000000000005,23.700000000000003,91.69
2020,3,19,0,30,0,0,4.1000000000000005,23.700000000000003,91.59
2020,3,19,0,45,0,0,4.1000000000000005,23.6,91.39
2020,3,19,1,0,0,0,4.1000000000000005,23.6,91.39
2020,3,19,1,15,0,0,4.1000000000000005,23.6,91.39
2020,3,19,1,30,0,0,4.2,23.5,91.94
2020,3,19,1,45,0,0,4.2,23.5,91.09
2020,3,19,2,0,0,0,4.2,23.5,91.09
2020,3,19,2,15,0,0,4.2,23.5,91.09
2020,3,19,2,30,0,0,4.2,23.400000000000002,91.64
2020,3,19,2,45,0,0,4.2,23.400000000000002,90.76
2020,3,19,3,0,0,0,4.3,23.400000000000002,90.76
2020,3,19,3,15,0,0,4.3,23.400000000000002,90.76
2020,3,19,3,30,0,0,4.3,23.3,91.31
2020,3,19,3,45,0,0,4.3,23.3,90.34
2020,3,19,4,0,0,0,4.3,23.200000000000003,90.88
2020,3,19,4,15,0,0,4.3,23.200000000000003,90.88
2020,3,19,4,30,0,0,4.3,23.200000000000003,90.88
2020,3,19,4,45,0,0,4.3,23.200000000000003,90.52
2020,3,19,5,0,0,0,4.3,23.200000000000003,90.52
2020,3,19,5,15,0,0,4.3,23.3,89.97
2020,3,19,5,30,0,0,4.3,23.3,89.97
2020,3,19,5,45,0,0,4.3,23.3,90
2020,3,19,6,0,0,0,4.3,23.3,90
2020,3,19,6,15,0,0,4.4,23.5,88.93
2020,3,19,6,30,0,0,4.4,23.6,88.39
2020,3,19,6,45,33,189,4.5,23.8,87.45
2020,3,19,7,0,78,357,4.6000000000000005,24,86.41
2020,3,19,7,15,133,481,4.7,24.200000000000003,85.38
2020,3,19,7,30,193,572,4.800000000000001,24.400000000000002,84.37
2020,3,19,7,45,255,640,4.800000000000001,24.6,80.95
2020,3,19,8,0,318,695,4.9,24.700000000000003,80.46000000000001
2020,3,19,8,15,381,739,4.9,25,79.04
2020,3,19,8,30,443,775,4.9,25.200000000000003,78.11
2020,3,19,8,45,504,808,4.9,25.400000000000002,75.31
2020,3,19,9,0,563,832,4.9,25.700000000000003,73.99
2020,3,19,9,15,620,854,4.9,25.8,73.55
2020,3,19,9,30,672,870,4.800000000000001,26,72.69
2020,3,19,9,45,723,886,4.800000000000001,26.200000000000003,71.12
2020,3,19,10,0,228,9,4.7,26.3,70.7
2020,3,19,10,15,321,25,4.7,26.400000000000002,70.29
2020,3,19,10,30,238,10,4.6000000000000005,26.5,69.88
2020,3,19,10,45,344,24,4.6000000000000005,26.6,69.32000000000001
2020,3,19,11,0,454,57,4.5,26.700000000000003,68.91
2020,3,19,11,15,164,4,4.5,26.8,68.51
2020,3,19,11,30,965,925,4.4,26.8,68.44
2020,3,19,11,45,983,931,4.4,26.900000000000002,68.18
2020,3,19,12,0,996,933,4.4,26.900000000000002,68.18
2020,3,19,12,15,1004,935,4.4,26.900000000000002,68.18
2020,3,19,12,30,331,18,4.4,26.900000000000002,68.18
2020,3,19,12,45,650,162,4.3,27,67.74
2020,3,19,13,0,723,256,4.3,27,67.68
2020,3,19,13,15,985,932,4.3,26.900000000000002,68.07000000000001
2020,3,19,13,30,968,929,4.3,26.900000000000002,68.07000000000001
2020,3,19,13,45,948,928,4.3,26.900000000000002,67.89
2020,3,19,14,0,564,133,4.3,26.8,68.29
2020,3,19,14,15,891,916,4.3,26.8,68.29
2020,3,19,14,30,304,18,4.3,26.700000000000003,68.63
2020,3,19,14,45,535,177,4.3,26.6,69.2
2020,3,19,15,0,775,890,4.3,26.6,69.2
2020,3,19,15,15,728,877,4.4,26.400000000000002,70.01
2020,3,19,15,30,358,76,4.4,26.3,70.43
2020,3,19,15,45,624,842,4.4,26.200000000000003,71.59
2020,3,19,16,0,209,13,4.4,26.1,72.02
2020,3,19,16,15,510,796,4.4,25.900000000000002,72.87
2020,3,19,16,30,450,767,4.4,25.700000000000003,73.74
2020,3,19,16,45,388,730,4.4,25.5,75.93
2020,3,19,17,0,326,687,4.4,25.400000000000002,76.38
2020,3,19,17,15,263,633,4.3,25.1,77.75
2020,3,19,17,30,201,566,4.2,24.900000000000002,78.68
2020,3,19,17,45,142,476,4.1000000000000005,24.700000000000003,81.83
2020,3,19,18,0,87,361,4.1000000000000005,24.5,82.81
2020,3,19,18,15,40,206,4.1000000000000005,24.400000000000002,83.31
2020,3,19,18,30,0,0,4.1000000000000005,24.3,83.81
2020,3,19,18,45,0,0,4.1000000000000005,24.200000000000003,86.28
2020,3,19,19,0,0,0,4.1000000000000005,24.1,86.79
2020,3,19,19,15,0,0,4.1000000000000005,24.1,86.79
2020,3,19,19,30,0,0,4.1000000000000005,24.1,86.79
2020,3,19,19,45,0,0,4.1000000000000005,24.1,86.79
2020,3,19,20,0,0,0,4.2,23.8,89.44
2020,3,19,20,15,0,0,4.3,23.8,89.44
2020,3,19,20,30,0,0,4.3,23.700000000000003,89.97
2020,3,19,20,45,0,0,4.3,23.6,91.14
2020,3,19,21,0,0,0,4.3,23.6,91.14
2020,3,19,21,15,0,0,4.4,23.5,91.68
2020,3,19,21,30,0,0,4.4,23.5,91.68
2020,3,19,21,45,0,0,4.4,23.5,91.84
2020,3,19,22,0,0,0,4.5,23.400000000000002,92.39
2020,3,19,22,15,0,0,4.5,23.400000000000002,92.39
2020,3,19,22,30,0,0,4.5,23.3,92.95
2020,3,19,22,45,0,0,4.6000000000000005,23.3,92.85000000000001
2020,3,19,23,0,0,0,4.6000000000000005,23.3,92.85000000000001
2020,3,19,23,15,0,0,4.6000000000000005,23.200000000000003,93.41
2020,3,19,23,30,0,0,4.6000000000000005,23.200000000000003,93.41
2020,3,19,23,45,0,0,4.7,23.1,93.5
2020,3,20,0,0,0,0,4.7,23.1,93.5
2020,3,20,0,15,0,0,4.7,23,94.06
2020,3,20,0,30,0,0,4.7,23,94.06
2020,3,20,0,45,0,0,4.800000000000001,23,93.41
2020,3,20,1,0,0,0,4.800000000000001,22.900000000000002,93.98
2020,3,20,1,15,0,0,4.800000000000001,22.900000000000002,93.98
2020,3,20,1,30,0,0,4.800000000000001,22.900000000000002,93.98
2020,3,20,1,45,0,0,4.9,22.900000000000002,94.07000000000001
2020,3,20,2,0,0,0,4.9,22.900000000000002,93.97
2020,3,20,2,15,0,0,4.9,22.900000000000002,93.97
2020,3,20,2,30,0,0,5,22.900000000000002,93.97
2020,3,20,2,45,0,0,5,22.900000000000002,93.95
2020,3,20,3,0,0,0,5,22.900000000000002,93.95
2020,3,20,3,15,0,0,5.1000000000000005,22.900000000000002,93.95
2020,3,20,3,30,0,0,5.1000000000000005,22.900000000000002,93.95
2020,3,20,3,45,0,0,5.1000000000000005,22.900000000000002,93.58
2020,3,20,4,0,0,0,5.1000000000000005,22.900000000000002,93.58
2020,3,20,4,15,0,0,5.1000000000000005,22.900000000000002,93.58
2020,3,20,4,30,0,0,5.1000000000000005,22.900000000000002,93.58
2020,3,20,4,45,0,0,5.2,22.900000000000002,92.72
2020,3,20,5,0,0,0,5.2,22.900000000000002,92.72
2020,3,20,5,15,0,0,5.2,23,92.26
2020,3,20,5,30,0,0,5.2,23,92.26
2020,3,20,5,45,0,0,5.2,23,91.25
2020,3,20,6,0,0,0,5.2,23,91.25
2020,3,20,6,15,0,0,5.300000000000001,23.200000000000003,90.16
2020,3,20,6,30,0,0,5.4,23.3,89.62
2020,3,20,6,45,34,178,5.5,23.5,87.93
2020,3,20,7,0,80,342,5.6000000000000005,23.6,87.4
2020,3,20,7,15,135,465,5.7,23.8,86.45
2020,3,20,7,30,194,556,5.800000000000001,24,85.42
2020,3,20,7,45,256,628,6,24.200000000000003,81.5
2020,3,20,8,0,320,685,6.1000000000000005,24.400000000000002,80.53
2020,3,20,8,15,383,729,6.1000000000000005,24.6,79.58
2020,3,20,8,30,111,0,6.1000000000000005,24.8,78.72
2020,3,20,8,45,505,790,6.2,25.1,74.76
2020,3,20,9,0,564,816,6.2,25.3,73.88
2020,3,20,9,15,288,45,6.2,25.5,73.01
2020,3,20,9,30,675,857,6.2,25.6,72.58
2020,3,20,9,45,726,871,6.2,25.8,70.46000000000001
2020,3,20,10,0,774,885,6.2,26,69.63
2020,3,20,10,15,818,897,6.1000000000000005,26.1,69.22
2020,3,20,10,30,858,907,6.1000000000000005,26.200000000000003,68.82000000000001
2020,3,20,10,45,899,930,6.1000000000000005,26.3,67.33
2020,3,20,11,0,930,936,6,26.5,66.55
2020,3,20,11,15,957,942,6,26.5,66.55
2020,3,20,11,30,980,947,6,26.6,66.16
2020,3,20,11,45,998,950,6,26.6,65.45
2020,3,20,12,0,1010,952,5.9,26.700000000000003,65.07000000000001
2020,3,20,12,15,1018,954,5.9,26.700000000000003,65.07000000000001
2020,3,20,12,30,1021,954,5.9,26.6,65.45
2020,3,20,12,45,1020,952,5.800000000000001,26.6,65.1
2020,3,20,13,0,1013,950,5.800000000000001,26.6,65.1
2020,3,20,13,15,1001,948,5.800000000000001,26.6,65.1
2020,3,20,13,30,984,944,5.800000000000001,26.5,65.48
2020,3,20,13,45,959,928,5.7,26.5,65.29
2020,3,20,14,0,932,922,5.7,26.400000000000002,65.67
2020,3,20,14,15,901,915,5.7,26.3,66.06
2020,3,20,14,30,865,906,5.7,26.3,66.06
2020,3,20,14,45,827,901,5.6000000000000005,26.200000000000003,66.54
2020,3,20,15,0,784,889,5.6000000000000005,26.1,66.94
2020,3,20,15,15,736,876,5.6000000000000005,26,67.33
2020,3,20,15,30,686,860,5.5,25.8,68.13
2020,3,20,15,45,632,839,5.5,25.700000000000003,69.38
2020,3,20,16,0,576,817,5.5,25.6,69.72
2020,3,20,16,15,515,789,5.4,25.400000000000002,70.62
2020,3,20,16,30,455,759,5.4,25.200000000000003,71.46000000000001
2020,3,20,16,45,393,724,5.300000000000001,25,73.7
2020,3,20,17,0,330,679,5.300000000000001,24.900000000000002,74.14
2020,3,20,17,15,266,624,5.2,24.700000000000003,75.03
2020,3,20,17,30,204,555,5.1000000000000005,24.400000000000002,76.38
2020,3,20,17,45,144,474,5,24.200000000000003,79.79
2020,3,20,18,0,88,356,4.9,24,80.75
2020,3,20,18,15,41,198,4.800000000000001,23.900000000000002,81.23
2020,3,20,18,30,0,0,4.800000000000001,23.8,81.72
2020,3,20,18,45,0,0,4.800000000000001,23.6,85.58
2020,3,20,19,0,0,0,4.7,23.5,86.18
2020,3,20,19,15,0,0,4.7,23.5,86.18
2020,3,20,19,30,0,0,4.7,23.5,86.18
2020,3,20,19,45,0,0,4.7,23.5,86.18
2020,3,20,20,0,0,0,4.9,23.3,88.91
2020,3,20,20,15,0,0,4.9,23.200000000000003,89.45
2020,3,20,20,30,0,0,5,23.200000000000003,89.45
2020,3,20,20,45,0,0,5,23.200000000000003,90.44
2020,3,20,21,0,0,0,5,23.1,90.99
2020,3,20,21,15,0,0,5.1000000000000005,23.1,90.99
2020,3,20,21,30,0,0,5.1000000000000005,23.1,90.99
2020,3,20,21,45,0,0,5.1000000000000005,23,92
2020,3,20,22,0,0,0,5.2,23,92
2020,3,20,22,15,0,0,5.2,23,92
2020,3,20,22,30,0,0,5.2,22.900000000000002,92.56
2020,3,20,22,45,0,0,5.1000000000000005,22.900000000000002,92.3
2020,3,20,23,0,0,0,5.1000000000000005,22.900000000000002,92.3
2020,3,20,23,15,0,0,5.1000000000000005,22.8,92.86
2020,3,20,23,30,0,0,5.1000000000000005,22.8,92.77
2020,3,20,23,45,0,0,5.1000000000000005,22.8,92.56
2020,3,21,0,0,0,0,5.1000000000000005,22.8,92.56
2020,3,21,0,15,0,0,5.2,22.8,92.56
2020,3,21,0,30,0,0,5.2,22.700000000000003,93.13
2020,3,21,0,45,0,0,5.2,22.700000000000003,93.01
2020,3,21,1,0,0,0,5.2,22.700000000000003,92.92
2020,3,21,1,15,0,0,5.300000000000001,22.700000000000003,92.92
2020,3,21,1,30,0,0,5.300000000000001,22.700000000000003,92.92
2020,3,21,1,45,0,0,5.4,22.700000000000003,92.3
2020,3,21,2,0,0,0,5.4,22.6,92.86
2020,3,21,2,15,0,0,5.5,22.6,92.86
2020,3,21,2,30,0,0,5.5,22.6,92.86
2020,3,21,2,45,0,0,5.5,22.6,91.73
2020,3,21,3,0,0,0,5.6000000000000005,22.6,91.73
2020,3,21,3,15,0,0,5.6000000000000005,22.5,92.29
2020,3,21,3,30,0,0,5.6000000000000005,22.5,92.29
2020,3,21,3,45,0,0,5.6000000000000005,22.5,91.62
2020,3,21,4,0,0,0,5.6000000000000005,22.5,91.62
2020,3,21,4,15,0,0,5.6000000000000005,22.5,91.62
2020,3,21,4,30,0,0,5.6000000000000005,22.5,91.62
2020,3,21,4,45,0,0,5.6000000000000005,22.5,90.91
2020,3,21,5,0,0,0,5.6000000000000005,22.5,91
2020,3,21,5,15,0,0,5.6000000000000005,22.6,90.45
2020,3,21,5,30,0,0,5.6000000000000005,22.6,90.45
2020,3,21,5,45,0,0,5.6000000000000005,22.6,90.24
2020,3,21,6,0,0,0,5.5,22.700000000000003,89.69
2020,3,21,6,15,0,0,5.6000000000000005,22.8,89.15
2020,3,21,6,30,0,0,5.7,23,88.08
2020,3,21,6,45,22,0,5.800000000000001,23.200000000000003,86.96000000000001
2020,3,21,7,0,32,0,5.9,23.3,86.52
2020,3,21,7,15,137,453,6,23.5,85.49
2020,3,21,7,30,197,546,6.1000000000000005,23.700000000000003,84.47
2020,3,21,7,45,258,610,6.2,23.900000000000002,81.42
2020,3,21,8,0,321,666,6.300000000000001,24.1,80.45
2020,3,21,8,15,384,712,6.4,24.400000000000002,79.02
2020,3,21,8,30,446,749,6.4,24.6,78.09
2020,3,21,8,45,506,775,6.4,24.8,74.95
2020,3,21,9,0,180,4,6.5,25.1,73.63
2020,3,21,9,15,621,824,6.4,25.200000000000003,73.27
2020,3,21,9,30,675,844,6.4,25.400000000000002,72.4
2020,3,21,9,45,727,864,6.4,25.5,70.93
2020,3,21,10,0,428,92,6.4,25.700000000000003,70.10000000000001
2020,3,21,10,15,428,73,6.300000000000001,25.8,69.68
2020,3,21,10,30,200,7,6.300000000000001,25.900000000000002,69.27
2020,3,21,10,45,389,36,6.2,26,68.51
2020,3,21,11,0,925,910,6.1000000000000005,26.1,68.11
2020,3,21,11,15,952,916,6.1000000000000005,26.1,68.11
2020,3,21,11,30,975,921,6,26.200000000000003,67.64
2020,3,21,11,45,993,926,6,26.200000000000003,67.59
2020,3,21,12,0,509,62,5.9,26.3,67.19
2020,3,21,12,15,1013,930,5.800000000000001,26.3,67.19
2020,3,21,12,30,1016,931,5.800000000000001,26.3,67.19
2020,3,21,12,45,1014,932,5.7,26.3,67.21000000000001
2020,3,21,13,0,1007,931,5.7,26.3,67.14
2020,3,21,13,15,995,928,5.6000000000000005,26.3,67.14
2020,3,21,13,30,978,925,5.6000000000000005,26.3,67.14
2020,3,21,13,45,955,915,5.6000000000000005,26.200000000000003,67.58
2020,3,21,14,0,407,36,5.5,26.200000000000003,67.58
2020,3,21,14,15,654,269,5.5,26.1,67.91
2020,3,21,14,30,538,148,5.5,26.1,67.91
2020,3,21,14,45,334,27,5.5,26,68.48
2020,3,21,15,0,274,16,5.5,25.900000000000002,68.88
2020,3,21,15,15,185,4,5.5,25.8,69.29
2020,3,21,15,30,206,7,5.5,25.700000000000003,69.7
2020,3,21,15,45,152,0,5.5,25.6,70.46000000000001
2020,3,21,16,0,258,38,5.5,25.5,70.88
2020,3,21,16,15,510,765,5.5,25.3,71.72
2020,3,21,16,30,93,0,5.5,25.1,72.58
2020,3,21,16,45,99,0,5.4,25,73.23
2020,3,21,17,0,325,648,5.4,24.8,74.11
2020,3,21,17,15,262,591,5.300000000000001,24.700000000000003,74.55
2020,3,21,17,30,201,520,5.300000000000001,24.5,75.44
2020,3,21,17,45,141,433,5.2,24.3,76.91
2020,3,21,18,0,86,314,5.1000000000000005,24.200000000000003,77.37
2020,3,21,18,15,40,161,5,24.1,77.84
2020,3,21,18,30,0,0,5,24,78.3
2020,3,21,18,45,0,0,4.9,23.900000000000002,79.72
2020,3,21,19,0,0,0,4.9,23.8,80.2
2020,3,21,19,15,0,0,4.9,23.8,80.2
2020,3,21,19,30,0,0,4.9,23.8,80.2
2020,3,21,19,45,0,0,4.9,23.8,80.2
2020,3,21,20,0,0,0,4.800000000000001,23.700000000000003,81.37
2020,3,21,20,15,0,0,4.800000000000001,23.700000000000003,81.37
2020,3,21,20,30,0,0,4.800000000000001,23.6,81.86
2020,3,21,20,45,0,0,4.800000000000001,23.6,82.44
2020,3,21,21,0,0,0,4.800000000000001,23.6,82.44
2020,3,21,21,15,0,0,4.800000000000001,23.5,82.94
2020,3,21,21,30,0,0,4.800000000000001,23.5,82.94
2020,3,21,21,45,0,0,4.800000000000001,23.5,83.14
2020,3,21,22,0,0,0,4.800000000000001,23.5,83.14
2020,3,21,22,15,0,0,4.800000000000001,23.400000000000002,83.64
2020,3,21,22,30,0,0,4.7,23.400000000000002,83.64
2020,3,21,22,45,0,0,4.7,23.400000000000002,83.81
2020,3,21,23,0,0,0,4.7,23.3,84.32000000000001
2020,3,21,23,15,0,0,4.7,23.3,84.32000000000001
2020,3,21,23,30,0,0,4.6000000000000005,23.3,84.24
2020,3,21,23,45,0,0,4.6000000000000005,23.200000000000003,85.2
2020,3,22,0,0,0,0,4.6000000000000005,23.200000000000003,85.2
2020,3,22,0,15,0,0,4.6000000000000005,23.200000000000003,85.2
2020,3,22,0,30,0,0,4.6000000000000005,23.1,85.71000000000001
2020,3,22,0,45,0,0,4.6000000000000005,23.1,86.12
2020,3,22,1,0,0,0,4.6000000000000005,23.1,86.12
2020,3,22,1,15,0,0,4.5,23,86.64
2020,3,22,1,30,0,0,4.5,23,86.55
2020,3,22,1,45,0,0,4.5,23,86.7
2020,3,22,2,0,0,0,4.5,23,86.7
2020,3,22,2,15,0,0,4.5,22.900000000000002,87.22
2020,3,22,2,30,0,0,4.5,22.900000000000002,87.22
2020,3,22,2,45,0,0,4.5,22.900000000000002,87.39
2020,3,22,3,0,0,0,4.5,22.900000000000002,87.39
2020,3,22,3,15,0,0,4.5,22.900000000000002,87.39
2020,3,22,3,30,0,0,4.5,22.900000000000002,87.39
2020,3,22,3,45,0,0,4.5,22.8,88.26
2020,3,22,4,0,0,0,4.5,22.8,88.26
2020,3,22,4,15,0,0,4.5,22.8,88.26
2020,3,22,4,30,0,0,4.5,22.8,88.26
2020,3,22,4,45,0,0,4.5,22.8,88.81
2020,3,22,5,0,0,0,4.5,22.8,88.81
2020,3,22,5,15,0,0,4.5,22.8,88.81
2020,3,22,5,30,0,0,4.6000000000000005,22.8,88.81
2020,3,22,5,45,0,0,4.6000000000000005,22.8,89.66
2020,3,22,6,0,0,0,4.6000000000000005,22.8,89.66
2020,3,22,6,15,0,0,4.7,23,88.59
2020,3,22,6,30,0,0,4.800000000000001,23.200000000000003,87.53
2020,3,22,6,45,39,205,4.9,23.400000000000002,87.10000000000001
2020,3,22,7,0,86,365,5,23.5,86.58
2020,3,22,7,15,141,481,5.2,23.700000000000003,85.55
2020,3,22,7,30,200,569,5.300000000000001,23.900000000000002,84.53
2020,3,22,7,45,261,628,5.4,24.1,82.43
2020,3,22,8,0,324,682,5.5,24.3,81.45
2020,3,22,8,15,386,726,5.6000000000000005,24.5,80.49
2020,3,22,8,30,103,0,5.7,24.700000000000003,79.53
2020,3,22,8,45,504,775,5.7,24.900000000000002,77.49
2020,3,22,9,0,262,41,5.800000000000001,25.1,76.58
2020,3,22,9,15,619,823,5.800000000000001,25.3,75.68
2020,3,22,9,30,671,840,5.9,25.400000000000002,75.23
2020,3,22,9,45,279,21,5.9,25.6,74.08
2020,3,22,10,0,766,861,5.9,25.8,73.21000000000001
2020,3,22,10,15,808,872,5.9,25.900000000000002,72.78
2020,3,22,10,30,848,882,5.9,26,72.36
2020,3,22,10,45,882,884,5.9,26.1,72.2
2020,3,22,11,0,913,892,5.9,26.200000000000003,71.78
2020,3,22,11,15,939,898,5.9,26.200000000000003,71.78
2020,3,22,11,30,961,903,5.9,26.3,71.36
2020,3,22,11,45,975,898,5.9,26.3,71.81
2020,3,22,12,0,988,900,5.9,26.400000000000002,71.32000000000001
2020,3,22,12,15,995,902,5.9,26.400000000000002,71.32000000000001
2020,3,22,12,30,289,15,5.9,26.400000000000002,71.32000000000001
2020,3,22,12,45,101,0,6,26.400000000000002,71.79
2020,3,22,13,0,645,158,6,26.3,72.22
2020,3,22,13,15,553,89,6,26.3,72.22
2020,3,22,13,30,958,888,6,26.200000000000003,72.57000000000001
2020,3,22,13,45,935,878,6,26.200000000000003,73.04
2020,3,22,14,0,909,872,6.1000000000000005,26.1,73.47
2020,3,22,14,15,878,864,6,26,73.91
2020,3,22,14,30,485,97,6,25.900000000000002,74.34
2020,3,22,14,45,804,843,6,25.8,75.19
2020,3,22,15,0,302,22,6,25.700000000000003,75.64
2020,3,22,15,15,714,815,6,25.6,76.09
2020,3,22,15,30,664,796,6,25.5,76.54
2020,3,22,15,45,610,772,6,25.400000000000002,77.59
2020,3,22,16,0,144,0,5.9,25.200000000000003,78.52
2020,3,22,16,15,21,0,5.9,25.1,78.99
2020,3,22,16,30,165,6,5.800000000000001,25,79.46000000000001
2020,3,22,16,45,15,0,5.800000000000001,24.900000000000002,80.51
2020,3,22,17,0,13,0,5.7,24.700000000000003,81.48
2020,3,22,17,15,36,0,5.6000000000000005,24.6,81.96000000000001
2020,3,22,17,30,44,0,5.5,24.400000000000002,82.95
2020,3,22,17,45,136,380,5.4,24.3,84.41
2020,3,22,18,0,39,0,5.2,24.1,85.42
2020,3,22,18,15,24,0,5.2,24.1,85.51
2020,3,22,18,30,0,0,5.1000000000000005,24,86.02
2020,3,22,18,45,0,0,5.1000000000000005,23.900000000000002,87.81
2020,3,22,19,0,0,0,5,23.8,88.34
2020,3,22,19,15,0,0,5,23.8,88.34
2020,3,22,19,30,0,0,5,23.8,88.34
2020,3,22,19,45,0,0,5,23.8,88.34
2020,3,22,20,0,0,0,5,23.700000000000003,89.68
2020,3,22,20,15,0,0,5,23.700000000000003,89.68
2020,3,22,20,30,0,0,5,23.6,90.22
2020,3,22,20,45,0,0,5,23.6,90.75
2020,3,22,21,0,0,0,5,23.6,90.75
2020,3,22,21,15,0,0,5,23.6,90.75
2020,3,22,21,30,0,0,5,23.5,91.29
2020,3,22,21,45,0,0,5,23.5,91.69
2020,3,22,22,0,0,0,5,23.5,91.69
2020,3,22,22,15,0,0,5,23.5,91.69
2020,3,22,22,30,0,0,5,23.5,91.69
2020,3,22,22,45,0,0,5,23.400000000000002,92.48
2020,3,22,23,0,0,0,4.9,23.400000000000002,92.48
2020,3,22,23,15,0,0,4.9,23.400000000000002,92.48
2020,3,22,23,30,0,0,4.9,23.400000000000002,92.48
2020,3,22,23,45,0,0,4.9,23.3,93.15
2020,3,23,0,0,0,0,4.800000000000001,23.3,93.15
2020,3,23,0,15,0,0,4.800000000000001,23.3,93.15
2020,3,23,0,30,0,0,4.800000000000001,23.3,93.15
2020,3,23,0,45,0,0,4.7,23.3,93.37
2020,3,23,1,0,0,0,4.7,23.3,93.37
2020,3,23,1,15,0,0,4.7,23.3,93.37
2020,3,23,1,30,0,0,4.6000000000000005,23.3,93.37
2020,3,23,1,45,0,0,4.6000000000000005,23.200000000000003,93.81
2020,3,23,2,0,0,0,4.6000000000000005,23.200000000000003,93.81
2020,3,23,2,15,0,0,4.6000000000000005,23.200000000000003,93.81
2020,3,23,2,30,0,0,4.6000000000000005,23.200000000000003,93.81
2020,3,23,2,45,0,0,4.6000000000000005,23.200000000000003,93.64
2020,3,23,3,0,0,0,4.6000000000000005,23.200000000000003,93.64
2020,3,23,3,15,0,0,4.5,23.200000000000003,93.64
2020,3,23,3,30,0,0,4.5,23.200000000000003,93.64
2020,3,23,3,45,0,0,4.5,23.1,94.09
2020,3,23,4,0,0,0,4.5,23.1,94.18
2020,3,23,4,15,0,0,4.5,23.1,94.18
2020,3,23,4,30,0,0,4.5,23.1,94.18
2020,3,23,4,45,0,0,4.6000000000000005,23.1,93.98
2020,3,23,5,0,0,0,4.6000000000000005,23.1,93.98
2020,3,23,5,15,0,0,4.7,23.200000000000003,93.42
2020,3,23,5,30,0,0,4.7,23.200000000000003,93.42
2020,3,23,5,45,0,0,4.800000000000001,23.200000000000003,93.33
2020,3,23,6,0,0,0,4.9,23.200000000000003,93.33
2020,3,23,6,15,0,0,5,23.3,92.86
2020,3,23,6,30,0,0,5.1000000000000005,23.400000000000002,92.3
2020,3,23,6,45,13,0,5.2,23.5,91.46000000000001
2020,3,23,7,0,39,0,5.300000000000001,23.6,90.91
2020,3,23,7,15,52,0,5.5,23.700000000000003,90.37
2020,3,23,7,30,85,0,5.7,23.900000000000002,89.29
2020,3,23,7,45,157,104,5.800000000000001,24,86.54
2020,3,23,8,0,128,4,6,24.200000000000003,85.51
2020,3,23,8,15,162,16,6,24.400000000000002,84.5
2020,3,23,8,30,163,6,6.1000000000000005,24.5,84.08
2020,3,23,8,45,501,763,6.2,24.700000000000003,80.95
2020,3,23,9,0,61,0,6.300000000000001,24.900000000000002,80
2020,3,23,9,15,17,0,6.300000000000001,25.1,79.05
2020,3,23,9,30,19,0,6.300000000000001,25.200000000000003,78.59
2020,3,23,9,45,22,0,6.300000000000001,25.3,77.08
2020,3,23,10,0,25,0,6.300000000000001,25.5,76.17
2020,3,23,10,15,97,0,6.300000000000001,25.6,75.73
2020,3,23,10,30,141,0,6.2,25.700000000000003,75.28
2020,3,23,10,45,192,7,6.2,25.700000000000003,74.63
2020,3,23,11,0,227,10,6.2,25.8,74.19
2020,3,23,11,15,479,60,6.2,25.900000000000002,73.68
2020,3,23,11,30,528,80,6.1000000000000005,26,73.25
2020,3,23,11,45,475,49,6.1000000000000005,26.1,72.11
2020,3,23,12,0,521,67,6.1000000000000005,26.1,72.11
2020,3,23,12,15,465,42,6,26.200000000000003,71.68
2020,3,23,12,30,327,17,5.9,26.200000000000003,71.68
2020,3,23,12,45,378,23,5.800000000000001,26.200000000000003,70.93
2020,3,23,13,0,336,18,5.800000000000001,26.200000000000003,70.93
2020,3,23,13,15,258,13,5.7,26.200000000000003,70.93
2020,3,23,13,30,316,17,5.6000000000000005,26.200000000000003,70.93
2020,3,23,13,45,421,37,5.5,26.200000000000003,70.28
2020,3,23,14,0,400,34,5.4,26.1,70.69
2020,3,23,14,15,388,34,5.4,26.1,70.69
2020,3,23,14,30,333,23,5.300000000000001,26.1,70.62
2020,3,23,14,45,263,13,5.300000000000001,26,70.44
2020,3,23,15,0,221,9,5.2,26,70.44
2020,3,23,15,15,160,1,5.2,25.900000000000002,70.85000000000001
2020,3,23,15,30,125,0,5.1000000000000005,25.8,71.27
2020,3,23,15,45,107,0,5.1000000000000005,25.700000000000003,71.29
2020,3,23,16,0,223,18,5.1000000000000005,25.6,71.72
2020,3,23,16,15,182,8,5,25.5,72.14
2020,3,23,16,30,119,0,5,25.3,73
2020,3,23,16,45,82,0,4.9,25.200000000000003,73.31
2020,3,23,17,0,101,0,4.9,25,74.18
2020,3,23,17,15,56,0,4.800000000000001,24.8,75.07000000000001
2020,3,23,17,30,105,40,4.6000000000000005,24.6,75.97
2020,3,23,17,45,76,30,4.5,24.400000000000002,77.54
2020,3,23,18,0,38,0,4.4,24.200000000000003,78.47
2020,3,23,18,15,19,0,4.4,24.1,78.94
2020,3,23,18,30,0,0,4.3,24,79.41
2020,3,23,18,45,0,0,4.3,23.8,80.92
2020,3,23,19,0,0,0,4.2,23.700000000000003,81.41
2020,3,23,19,15,0,0,4.2,23.700000000000003,81.41
2020,3,23,19,30,0,0,4.2,23.700000000000003,81.41
2020,3,23,19,45,0,0,4.2,23.700000000000003,81.41
2020,3,23,20,0,0,0,4.2,23.5,82.33
2020,3,23,20,15,0,0,4.3,23.5,82.33
2020,3,23,20,30,0,0,4.3,23.400000000000002,82.82000000000001
2020,3,23,20,45,0,0,4.3,23.400000000000002,82.33
2020,3,23,21,0,0,0,4.3,23.400000000000002,82.33
2020,3,23,21,15,0,0,4.3,23.3,82.83
2020,3,23,21,30,0,0,4.3,23.3,82.83
2020,3,23,21,45,0,0,4.3,23.3,82.14
2020,3,23,22,0,0,0,4.3,23.200000000000003,82.64
2020,3,23,22,15,0,0,4.3,23.200000000000003,82.64
2020,3,23,22,30,0,0,4.3,23.200000000000003,82.64
2020,3,23,22,45,0,0,4.3,23.1,82.28
2020,3,23,23,0,0,0,4.3,23.1,82.28
2020,3,23,23,15,0,0,4.3,23.1,82.28
2020,3,23,23,30,0,0,4.3,23.1,82.2
2020,3,23,23,45,0,0,4.3,23,81.71000000000001
2020,3,24,0,0,0,0,4.3,23,81.71000000000001
2020,3,24,0,15,0,0,4.3,23,81.71000000000001
2020,3,24,0,30,0,0,4.3,23,81.71000000000001
2020,3,24,0,45,0,0,4.3,23,80.85000000000001
2020,3,24,1,0,0,0,4.3,23,80.85000000000001
2020,3,24,1,15,0,0,4.2,23,80.77
2020,3,24,1,30,0,0,4.2,22.900000000000002,81.26
2020,3,24,1,45,0,0,4.2,22.900000000000002,81.04
2020,3,24,2,0,0,0,4.1000000000000005,22.900000000000002,81.04
2020,3,24,2,15,0,0,4.1000000000000005,22.900000000000002,81.04
2020,3,24,2,30,0,0,4.1000000000000005,22.900000000000002,81.04
2020,3,24,2,45,0,0,4.1000000000000005,22.8,81.62
2020,3,24,3,0,0,0,4.1000000000000005,22.8,81.62
2020,3,24,3,15,0,0,4.1000000000000005,22.8,81.62
2020,3,24,3,30,0,0,4.1000000000000005,22.8,81.62
2020,3,24,3,45,0,0,4.1000000000000005,22.8,81.89
2020,3,24,4,0,0,0,4,22.8,81.89
2020,3,24,4,15,0,0,4,22.8,81.89
2020,3,24,4,30,0,0,4,22.8,81.89
2020,3,24,4,45,0,0,4,22.700000000000003,83.18
2020,3,24,5,0,0,0,4,22.700000000000003,83.18
2020,3,24,5,15,0,0,4,22.700000000000003,83.18
2020,3,24,5,30,0,0,4,22.700000000000003,83.18
2020,3,24,5,45,0,0,4,22.700000000000003,84.55
2020,3,24,6,0,0,0,4,22.8,84.05
2020,3,24,6,15,0,0,4.1000000000000005,23,83.04
2020,3,24,6,30,0,0,4.3,23.200000000000003,82.13
2020,3,24,6,45,43,224,4.4,23.400000000000002,82.16
2020,3,24,7,0,54,51,4.5,23.5,81.67
2020,3,24,7,15,146,486,4.6000000000000005,23.700000000000003,80.7
2020,3,24,7,30,206,571,4.7,23.900000000000002,79.74
2020,3,24,7,45,39,0,4.800000000000001,24.1,78.34
2020,3,24,8,0,83,0,4.9,24.200000000000003,77.87
2020,3,24,8,15,154,9,4.9,24.400000000000002,76.95
2020,3,24,8,30,454,761,4.9,24.5,76.49
2020,3,24,8,45,254,55,4.9,24.700000000000003,75.9
2020,3,24,9,0,365,163,4.9,24.900000000000002,75
2020,3,24,9,15,366,113,4.800000000000001,25,74.56
2020,3,24,9,30,322,47,4.800000000000001,25.200000000000003,73.68
2020,3,24,9,45,344,46,4.7,25.3,73.93
2020,3,24,10,0,772,863,4.7,25.5,73.06
2020,3,24,10,15,815,875,4.7,25.6,72.63
2020,3,24,10,30,398,43,4.6000000000000005,25.700000000000003,72.2
2020,3,24,10,45,234,10,4.6000000000000005,25.8,72.48
2020,3,24,11,0,355,23,4.6000000000000005,25.900000000000002,72.06
2020,3,24,11,15,122,0,4.6000000000000005,26,71.63
2020,3,24,11,30,409,31,4.6000000000000005,26.1,71.21000000000001
2020,3,24,11,45,263,13,4.6000000000000005,26.200000000000003,71.39
2020,3,24,12,0,358,20,4.6000000000000005,26.200000000000003,71.39
2020,3,24,12,15,348,19,4.6000000000000005,26.3,70.97
2020,3,24,12,30,116,0,4.6000000000000005,26.3,70.97
2020,3,24,12,45,1003,922,4.7,26.3,71.46000000000001
2020,3,24,13,0,362,21,4.7,26.3,71.39
2020,3,24,13,15,279,14,4.7,26.3,71.39
2020,3,24,13,30,155,3,4.7,26.3,71.39
2020,3,24,13,45,185,7,4.7,26.3,71.75
2020,3,24,14,0,210,9,4.7,26.200000000000003,72.10000000000001
2020,3,24,14,15,236,11,4.7,26.200000000000003,72.10000000000001
2020,3,24,14,30,125,0,4.7,26.1,72.52
2020,3,24,14,45,811,873,4.7,26,73.25
2020,3,24,15,0,302,22,4.7,26,73.25
2020,3,24,15,15,384,73,4.6000000000000005,25.8,74.12
2020,3,24,15,30,291,31,4.6000000000000005,25.700000000000003,74.56
2020,3,24,15,45,216,11,4.5,25.6,75.34
2020,3,24,16,0,562,786,4.5,25.5,75.79
2020,3,24,16,15,137,0,4.5,25.400000000000002,76.24
2020,3,24,16,30,81,0,4.4,25.200000000000003,77.15
2020,3,24,16,45,65,0,4.4,25,78.62
2020,3,24,17,0,91,0,4.3,24.900000000000002,79.09
2020,3,24,17,15,38,0,4.2,24.700000000000003,80.04
2020,3,24,17,30,199,521,4.2,24.5,81
2020,3,24,17,45,140,430,4.1000000000000005,24.400000000000002,82.77
2020,3,24,18,0,86,316,4,24.200000000000003,83.77
2020,3,24,18,15,17,0,4,24.1,84.27
2020,3,24,18,30,0,0,4,24,84.77
2020,3,24,18,45,0,0,4,23.900000000000002,86.46000000000001
2020,3,24,19,0,0,0,4,23.8,86.98
2020,3,24,19,15,0,0,4,23.8,86.98
2020,3,24,19,30,0,0,4,23.8,86.98
2020,3,24,19,45,0,0,4,23.8,86.98
2020,3,24,20,0,0,0,4.1000000000000005,23.6,88.45
2020,3,24,20,15,0,0,4.1000000000000005,23.6,88.54
2020,3,24,20,30,0,0,4.1000000000000005,23.6,88.54
2020,3,24,20,45,0,0,4.1000000000000005,23.5,89.09
2020,3,24,21,0,0,0,4.1000000000000005,23.5,89.09
2020,3,24,21,15,0,0,4.2,23.5,89.09
2020,3,24,21,30,0,0,4.2,23.5,89.09
2020,3,24,21,45,0,0,4.2,23.400000000000002,89.36
2020,3,24,22,0,0,0,4.2,23.400000000000002,89.36
2020,3,24,22,15,0,0,4.2,23.400000000000002,89.36
2020,3,24,22,30,0,0,4.2,23.400000000000002,89.27
2020,3,24,22,45,0,0,4.2,23.400000000000002,88.98
2020,3,24,23,0,0,0,4.2,23.3,89.52
2020,3,24,23,15,0,0,4.2,23.3,89.52
2020,3,24,23,30,0,0,4.2,23.3,89.52
2020,3,24,23,45,0,0,4.2,23.3,89.16
2020,3,25,0,0,0,0,4.1000000000000005,23.3,89.16
2020,3,25,0,15,0,0,4.1000000000000005,23.3,89.07000000000001
2020,3,25,0,30,0,0,4.1000000000000005,23.200000000000003,89.61
2020,3,25,0,45,0,0,4.1000000000000005,23.200000000000003,89.15
2020,3,25,1,0,0,0,4.1000000000000005,23.200000000000003,89.15
2020,3,25,1,15,0,0,4.1000000000000005,23.200000000000003,89.15
2020,3,25,1,30,0,0,4.1000000000000005,23.200000000000003,89.15
2020,3,25,1,45,0,0,4.1000000000000005,23.1,89.04
2020,3,25,2,0,0,0,4.1000000000000005,23.1,89.04
2020,3,25,2,15,0,0,4.1000000000000005,23.1,88.95
2020,3,25,2,30,0,0,4.1000000000000005,23.1,88.95
2020,3,25,2,45,0,0,4.1000000000000005,23.1,88.47
2020,3,25,3,0,0,0,4.1000000000000005,23.1,88.47
2020,3,25,3,15,0,0,4.1000000000000005,23.1,88.47
2020,3,25,3,30,0,0,4.1000000000000005,23.1,88.47
2020,3,25,3,45,0,0,4.1000000000000005,23,88.57000000000001
2020,3,25,4,0,0,0,4.1000000000000005,23,88.57000000000001
2020,3,25,4,15,0,0,4.1000000000000005,23,88.57000000000001
2020,3,25,4,30,0,0,4.1000000000000005,23,88.57000000000001
2020,3,25,4,45,0,0,4.1000000000000005,23,88.14
2020,3,25,5,0,0,0,4.1000000000000005,23,88.14
2020,3,25,5,15,0,0,4.1000000000000005,23,88.14
2020,3,25,5,30,0,0,4.1000000000000005,23.1,87.69
2020,3,25,5,45,0,0,4.1000000000000005,23.1,87.88
2020,3,25,6,0,0,0,4.1000000000000005,23.1,87.88
2020,3,25,6,15,0,0,4.2,23.3,86.83
2020,3,25,6,30,12,78,4.4,23.5,85.79
2020,3,25,6,45,47,280,4.5,23.700000000000003,84.95
2020,3,25,7,0,96,428,4.6000000000000005,23.900000000000002,83.93
2020,3,25,7,15,152,535,4.7,24.1,82.94
2020,3,25,7,30,212,614,4.800000000000001,24.3,81.95
2020,3,25,7,45,274,676,4.800000000000001,24.5,78.91
2020,3,25,8,0,337,724,4.9,24.700000000000003,77.97
2020,3,25,8,15,399,763,4.9,24.8,77.51
2020,3,25,8,30,461,796,4.9,25,76.59
2020,3,25,8,45,521,822,4.9,25.1,75.47
2020,3,25,9,0,579,844,4.9,25.3,74.58
2020,3,25,9,15,634,864,4.9,25.400000000000002,74.14
2020,3,25,9,30,687,880,4.800000000000001,25.5,73.7
2020,3,25,9,45,737,894,4.800000000000001,25.6,73.29
2020,3,25,10,0,784,906,4.800000000000001,25.700000000000003,72.86
2020,3,25,10,15,827,917,4.7,25.8,72.43
2020,3,25,10,30,255,12,4.7,25.900000000000002,72
2020,3,25,10,45,248,11,4.6000000000000005,26,71.67
2020,3,25,11,0,334,20,4.6000000000000005,26,71.67
2020,3,25,11,15,957,945,4.5,26.1,71.25
2020,3,25,11,30,979,949,4.5,26.200000000000003,70.83
2020,3,25,11,45,997,952,4.4,26.3,70.38
2020,3,25,12,0,1009,954,4.4,26.400000000000002,69.9
2020,3,25,12,15,1017,956,4.4,26.400000000000002,69.9
2020,3,25,12,30,1019,956,4.3,26.400000000000002,69.9
2020,3,25,12,45,1016,956,4.3,26.5,69.34
2020,3,25,13,0,487,51,4.3,26.5,69.34
2020,3,25,13,15,600,122,4.2,26.5,69.27
2020,3,25,13,30,426,35,4.2,26.5,69.27
2020,3,25,13,45,360,23,4.2,26.5,69.15
2020,3,25,14,0,247,12,4.2,26.5,69.15
2020,3,25,14,15,169,5,4.2,26.400000000000002,69.56
2020,3,25,14,30,245,11,4.1000000000000005,26.400000000000002,69.56
2020,3,25,14,45,259,13,4.1000000000000005,26.400000000000002,69.37
2020,3,25,15,0,190,6,4.1000000000000005,26.3,69.78
2020,3,25,15,15,137,0,4.1000000000000005,26.200000000000003,70.19
2020,3,25,15,30,108,0,4,26.200000000000003,70.19
2020,3,25,15,45,147,0,4,26.1,70.67
2020,3,25,16,0,151,0,4,26,71.08
2020,3,25,16,15,517,806,3.9000000000000004,25.8,71.93
2020,3,25,16,30,457,780,3.9000000000000004,25.700000000000003,72.35000000000001
2020,3,25,16,45,396,747,3.9000000000000004,25.6,73.09
2020,3,25,17,0,334,707,3.8000000000000003,25.400000000000002,73.96000000000001
2020,3,25,17,15,271,656,3.7,25.200000000000003,74.84
2020,3,25,17,30,209,592,3.6,25,75.73
2020,3,25,17,45,149,514,3.5,24.8,77.94
2020,3,25,18,0,93,404,3.4000000000000004,24.6,78.87
2020,3,25,18,15,44,255,3.4000000000000004,24.400000000000002,79.82000000000001
2020,3,25,18,30,0,0,3.4000000000000004,24.3,80.29
2020,3,25,18,45,0,0,3.4000000000000004,24.200000000000003,81.56
2020,3,25,19,0,0,0,3.4000000000000004,24.1,82.05
2020,3,25,19,15,0,0,3.4000000000000004,24.1,82.05
2020,3,25,19,30,0,0,3.4000000000000004,24.1,82.05
2020,3,25,19,45,0,0,3.4000000000000004,24.1,82.05
2020,3,25,20,0,0,0,3.3000000000000003,23.900000000000002,83.22
2020,3,25,20,15,0,0,3.3000000000000003,23.8,83.72
2020,3,25,20,30,0,0,3.3000000000000003,23.8,83.72
2020,3,25,20,45,0,0,3.3000000000000003,23.700000000000003,84.33
2020,3,25,21,0,0,0,3.2,23.6,84.83
2020,3,25,21,15,0,0,3.2,23.6,84.83
2020,3,25,21,30,0,0,3.2,23.6,84.83
2020,3,25,21,45,0,0,3.1,23.5,85.18
2020,3,25,22,0,0,0,3.1,23.5,85.18
2020,3,25,22,15,0,0,3.1,23.400000000000002,85.7
2020,3,25,22,30,0,0,3.1,23.400000000000002,85.7
2020,3,25,22,45,0,0,3,23.400000000000002,84.99
2020,3,25,23,0,0,0,3,23.3,85.5
2020,3,25,23,15,0,0,3,23.3,85.5
2020,3,25,23,30,0,0,2.9000000000000004,23.200000000000003,86.02
2020,3,25,23,45,0,0,2.9000000000000004,23.200000000000003,85.55
2020,3,26,0,0,0,0,2.9000000000000004,23.200000000000003,85.55
2020,3,26,0,15,0,0,2.9000000000000004,23.1,86.07000000000001
2020,3,26,0,30,0,0,2.8000000000000003,23.1,86.07000000000001
2020,3,26,0,45,0,0,2.8000000000000003,23,85.96000000000001
2020,3,26,1,0,0,0,2.8000000000000003,23,85.96000000000001
2020,3,26,1,15,0,0,2.8000000000000003,23,85.96000000000001
2020,3,26,1,30,0,0,2.8000000000000003,22.900000000000002,86.48
2020,3,26,1,45,0,0,2.8000000000000003,22.900000000000002,85.88
2020,3,26,2,0,0,0,2.8000000000000003,22.8,86.4
2020,3,26,2,15,0,0,2.8000000000000003,22.8,86.4
2020,3,26,2,30,0,0,2.8000000000000003,22.700000000000003,86.93
2020,3,26,2,45,0,0,2.8000000000000003,22.700000000000003,86.28
2020,3,26,3,0,0,0,2.8000000000000003,22.6,86.81
2020,3,26,3,15,0,0,2.8000000000000003,22.6,86.81
2020,3,26,3,30,0,0,2.8000000000000003,22.6,86.81
2020,3,26,3,45,0,0,2.8000000000000003,22.5,86.98
2020,3,26,4,0,0,0,2.8000000000000003,22.5,86.98
2020,3,26,4,15,0,0,2.8000000000000003,22.5,86.98
2020,3,26,4,30,0,0,2.8000000000000003,22.400000000000002,87.51
2020,3,26,4,45,0,0,2.8000000000000003,22.400000000000002,87.36
2020,3,26,5,0,0,0,2.9000000000000004,22.400000000000002,87.36
2020,3,26,5,15,0,0,2.9000000000000004,22.400000000000002,87.36
2020,3,26,5,30,0,0,2.8000000000000003,22.5,86.84
2020,3,26,5,45,0,0,2.8000000000000003,22.5,87.07000000000001
2020,3,26,6,0,0,0,2.8000000000000003,22.5,87.07000000000001
2020,3,26,6,15,0,0,2.9000000000000004,22.900000000000002,84.99
2020,3,26,6,30,14,145,3,23.200000000000003,83.47
2020,3,26,6,45,52,347,3.1,23.5,82.79
2020,3,26,7,0,104,489,3.2,23.900000000000002,80.91
2020,3,26,7,15,162,590,3.2,24.1,79.95
2020,3,26,7,30,224,665,3.2,24.3,79
2020,3,26,7,45,288,727,3.2,24.5,76.07000000000001
2020,3,26,8,0,352,772,3.2,24.700000000000003,75.17
2020,3,26,8,15,416,809,3.2,24.900000000000002,74.28
2020,3,26,8,30,478,839,3.1,25.200000000000003,72.97
2020,3,26,8,45,539,864,3.1,25.400000000000002,69.94
2020,3,26,9,0,598,886,3,25.6,69.12
2020,3,26,9,15,655,904,3,25.8,68.31
2020,3,26,9,30,709,919,2.9000000000000004,26,67.51
2020,3,26,9,45,759,932,2.9000000000000004,26.200000000000003,64.68
2020,3,26,10,0,806,943,2.8000000000000003,26.400000000000002,63.93
2020,3,26,10,15,850,953,2.8000000000000003,26.6,63.18
2020,3,26,10,30,889,961,2.7,26.700000000000003,62.81
2020,3,26,10,45,924,967,2.7,26.900000000000002,61.49
2020,3,26,11,0,955,972,2.6,27.1,60.78
2020,3,26,11,15,982,977,2.6,27.200000000000003,60.42
2020,3,26,11,30,1004,981,2.5,27.3,60.07
2020,3,26,11,45,1021,982,2.4000000000000004,27.3,61.11
2020,3,26,12,0,1033,984,2.4000000000000004,27.400000000000002,60.76
2020,3,26,12,15,1040,986,2.4000000000000004,27.5,60.35
2020,3,26,12,30,1042,986,2.3000000000000003,27.5,60.35
2020,3,26,12,45,1039,984,2.3000000000000003,27.5,61.24
2020,3,26,13,0,1032,982,2.2,27.6,60.89
2020,3,26,13,15,1019,980,2.2,27.6,60.83
2020,3,26,13,30,1002,977,2.2,27.6,60.83
2020,3,26,13,45,978,968,2.1,27.6,61.11
2020,3,26,14,0,951,962,2.1,27.6,61.11
2020,3,26,14,15,920,956,2.1,27.6,61.04
2020,3,26,14,30,882,946,2,27.5,61.4
2020,3,26,14,45,842,935,2,27.5,61.65
2020,3,26,15,0,798,924,1.9000000000000001,27.400000000000002,62.01
2020,3,26,15,15,751,912,1.9000000000000001,27.3,62.370000000000005
2020,3,26,15,30,700,898,1.9000000000000001,27.200000000000003,62.74
2020,3,26,15,45,645,879,1.9000000000000001,27.200000000000003,63.09
2020,3,26,16,0,587,857,1.8,27.1,63.46
2020,3,26,16,15,528,834,1.8,26.900000000000002,64.2
2020,3,26,16,30,468,807,1.8,26.8,64.58
2020,3,26,16,45,405,771,1.8,26.6,65.33
2020,3,26,17,0,341,731,1.8,26.400000000000002,66.1
2020,3,26,17,15,278,682,1.8,26.1,67.28
2020,3,26,17,30,215,620,1.8,25.8,68.48
2020,3,26,17,45,153,534,1.8,25.5,72.38
2020,3,26,18,0,96,425,1.9000000000000001,25.200000000000003,73.75
2020,3,26,18,15,46,274,1.9000000000000001,25,74.63
2020,3,26,18,30,12,83,1.9000000000000001,24.900000000000002,75.07000000000001
2020,3,26,18,45,0,0,1.9000000000000001,24.700000000000003,77.19
2020,3,26,19,0,0,0,1.9000000000000001,24.5,78.11
2020,3,26,19,15,0,0,1.9000000000000001,24.5,78.11
2020,3,26,19,30,0,0,1.9000000000000001,24.5,78.11
2020,3,26,19,45,0,0,1.9000000000000001,24.5,78.11
2020,3,26,20,0,0,0,1.8,24.200000000000003,79.49
2020,3,26,20,15,0,0,1.8,24.200000000000003,79.49
2020,3,26,20,30,0,0,1.8,24.1,79.97
2020,3,26,20,45,0,0,1.8,24,80.03
2020,3,26,21,0,0,0,1.8,24,80.03
2020,3,26,21,15,0,0,1.8,23.900000000000002,80.51
2020,3,26,21,30,0,0,1.8,23.8,80.99
2020,3,26,21,45,0,0,1.8,23.8,80.58
2020,3,26,22,0,0,0,1.8,23.700000000000003,81.07000000000001
2020,3,26,22,15,0,0,1.8,23.6,81.56
2020,3,26,22,30,0,0,1.8,23.6,81.56
2020,3,26,22,45,0,0,1.8,23.5,81.39
2020,3,26,23,0,0,0,1.7000000000000002,23.400000000000002,81.88
2020,3,26,23,15,0,0,1.7000000000000002,23.400000000000002,81.88
2020,3,26,23,30,0,0,1.6,23.400000000000002,81.88
2020,3,26,23,45,0,0,1.6,23.3,81.27
2020,3,27,0,0,0,0,1.5,23.3,81.19
2020,3,27,0,15,0,0,1.4000000000000001,23.3,81.19
2020,3,27,0,30,0,0,1.4000000000000001,23.200000000000003,81.68
2020,3,27,0,45,0,0,1.3,23.200000000000003,80.72
2020,3,27,1,0,0,0,1.2000000000000002,23.200000000000003,80.72
2020,3,27,1,15,0,0,1.2000000000000002,23.200000000000003,80.72
2020,3,27,1,30,0,0,1.1,23.200000000000003,80.72
2020,3,27,1,45,0,0,1,23.200000000000003,79.97
2020,3,27,2,0,0,0,1,23.1,80.37
2020,3,27,2,15,0,0,0.9,23.1,80.37
2020,3,27,2,30,0,0,0.8,23.1,80.37
2020,3,27,2,45,0,0,0.8,23.1,79.77
2020,3,27,3,0,0,0,0.7000000000000001,23.1,79.77
2020,3,27,3,15,0,0,0.7000000000000001,23.1,79.77
2020,3,27,3,30,0,0,0.7000000000000001,23.1,79.77
2020,3,27,3,45,0,0,0.7000000000000001,23.1,79.42
2020,3,27,4,0,0,0,0.7000000000000001,23,79.9
2020,3,27,4,15,0,0,0.8,23,79.9
2020,3,27,4,30,0,0,0.8,23,79.9
2020,3,27,4,45,0,0,0.9,23,79.58
2020,3,27,5,0,0,0,0.9,22.900000000000002,80.06
2020,3,27,5,15,0,0,1,22.900000000000002,80.06
2020,3,27,5,30,0,0,1,22.900000000000002,80.14
2020,3,27,5,45,0,0,1.1,22.900000000000002,80.28
2020,3,27,6,0,0,0,1.1,22.900000000000002,80.28
2020,3,27,6,15,0,0,1.1,23.1,79.32000000000001
2020,3,27,6,30,15,120,1.2000000000000002,23.3,78.37
2020,3,27,6,45,53,312,1.2000000000000002,23.5,79.59
2020,3,27,7,0,105,454,1.2000000000000002,23.700000000000003,78.64
2020,3,27,7,15,163,557,1.3,24,77.32000000000001
2020,3,27,7,30,225,635,1.3,24.200000000000003,76.4
2020,3,27,7,45,288,696,1.4000000000000001,24.5,72.95
2020,3,27,8,0,352,743,1.4000000000000001,24.700000000000003,72.08
2020,3,27,8,15,416,782,1.4000000000000001,25,70.81
2020,3,27,8,30,478,814,1.5,25.3,69.56
2020,3,27,8,45,539,842,1.5,25.5,67.16
2020,3,27,9,0,597,862,1.5,25.8,65.98
2020,3,27,9,15,654,881,1.6,26,65.2
2020,3,27,9,30,707,897,1.6,26.200000000000003,64.44
2020,3,27,9,45,758,912,1.6,26.400000000000002,62.45
2020,3,27,10,0,482,135,1.7000000000000002,26.700000000000003,61.42
2020,3,27,10,15,846,932,1.7000000000000002,26.8,61
2020,3,27,10,30,884,939,1.7000000000000002,27,60.29
2020,3,27,10,45,920,953,1.8,27.1,60.21
2020,3,27,11,0,951,959,1.8,27.3,59.51
2020,3,27,11,15,976,962,1.9000000000000001,27.3,59.51
2020,3,27,11,30,997,966,1.9000000000000001,27.400000000000002,59.160000000000004
2020,3,27,11,45,1014,969,2,27.5,59.99
2020,3,27,12,0,1024,969,2,27.5,59.99
2020,3,27,12,15,1031,970,2,27.5,59.99
2020,3,27,12,30,1031,968,2.1,27.6,59.58
2020,3,27,12,45,1029,968,2.1,27.6,60.49
2020,3,27,13,0,1021,967,2.1,27.6,60.49
2020,3,27,13,15,1008,964,2.1,27.5,60.84
2020,3,27,13,30,989,959,2.2,27.5,60.78
2020,3,27,13,45,965,946,2.2,27.400000000000002,61.800000000000004
2020,3,27,14,0,938,941,2.2,27.400000000000002,61.800000000000004
2020,3,27,14,15,905,933,2.2,27.3,62.160000000000004
2020,3,27,14,30,870,925,2.2,27.200000000000003,62.52
2020,3,27,14,45,830,915,2.2,27.1,63.24
2020,3,27,15,0,787,904,2.2,27,63.61
2020,3,27,15,15,738,889,2.2,26.8,64.36
2020,3,27,15,30,688,875,2.2,26.700000000000003,64.74
2020,3,27,15,45,635,857,2.3000000000000003,26.5,66.87
2020,3,27,16,0,579,837,2.3000000000000003,26.3,67.66
2020,3,27,16,15,520,813,2.3000000000000003,26.1,68.46000000000001
2020,3,27,16,30,459,784,2.4000000000000004,26,68.86
2020,3,27,16,45,397,747,2.4000000000000004,25.8,72.08
2020,3,27,17,0,335,707,2.4000000000000004,25.6,72.94
2020,3,27,17,15,272,657,2.5,25.3,74.24
2020,3,27,17,30,210,594,2.5,25.1,75.13
2020,3,27,17,45,151,517,2.5,24.900000000000002,79.3
2020,3,27,18,0,94,409,2.5,24.6,80.73
2020,3,27,18,15,46,262,2.6,24.5,81.21000000000001
2020,3,27,18,30,12,77,2.6,24.400000000000002,81.78
2020,3,27,18,45,0,0,2.7,24.200000000000003,84.62
2020,3,27,19,0,0,0,2.7,24.1,85.13
2020,3,27,19,15,0,0,2.7,24.1,85.13
2020,3,27,19,30,0,0,2.7,24.1,85.13
2020,3,27,19,45,0,0,2.7,24.1,85.13
2020,3,27,20,0,0,0,2.8000000000000003,23.8,87.60000000000001
2020,3,27,20,15,0,0,2.9000000000000004,23.8,87.60000000000001
2020,3,27,20,30,0,0,2.9000000000000004,23.700000000000003,88.13
2020,3,27,20,45,0,0,2.9000000000000004,23.700000000000003,88.32000000000001
2020,3,27,21,0,0,0,2.9000000000000004,23.6,88.85000000000001
2020,3,27,21,15,0,0,2.9000000000000004,23.6,88.85000000000001
2020,3,27,21,30,0,0,2.9000000000000004,23.5,89.38
2020,3,27,21,45,0,0,3,23.5,89.19
2020,3,27,22,0,0,0,3,23.5,89.19
2020,3,27,22,15,0,0,2.9000000000000004,23.400000000000002,89.73
2020,3,27,22,30,0,0,2.9000000000000004,23.400000000000002,89.73
2020,3,27,22,45,0,0,2.9000000000000004,23.400000000000002,89.24
2020,3,27,23,0,0,0,2.9000000000000004,23.400000000000002,89.24
2020,3,27,23,15,0,0,2.9000000000000004,23.3,89.77
2020,3,27,23,30,0,0,2.9000000000000004,23.3,89.77
2020,3,27,23,45,0,0,2.8000000000000003,23.3,89.26
2020,3,28,0,0,0,0,2.8000000000000003,23.200000000000003,89.8
2020,3,28,0,15,0,0,2.8000000000000003,23.200000000000003,89.8
2020,3,28,0,30,0,0,2.8000000000000003,23.200000000000003,89.8
2020,3,28,0,45,0,0,2.8000000000000003,23.200000000000003,89.39
2020,3,28,1,0,0,0,2.8000000000000003,23.1,89.84
2020,3,28,1,15,0,0,2.8000000000000003,23.1,89.84
2020,3,28,1,30,0,0,2.8000000000000003,23.1,89.84
2020,3,28,1,45,0,0,2.8000000000000003,23,89.96000000000001
2020,3,28,2,0,0,0,2.8000000000000003,23,89.96000000000001
2020,3,28,2,15,0,0,2.8000000000000003,23,89.96000000000001
2020,3,28,2,30,0,0,2.9000000000000004,23,89.96000000000001
2020,3,28,2,45,0,0,2.9000000000000004,22.900000000000002,90.21000000000001
2020,3,28,3,0,0,0,2.9000000000000004,22.900000000000002,90.21000000000001
2020,3,28,3,15,0,0,3,22.900000000000002,90.21000000000001
2020,3,28,3,30,0,0,3,22.900000000000002,90.21000000000001
2020,3,28,3,45,0,0,3,22.900000000000002,89.98
2020,3,28,4,0,0,0,3.1,22.900000000000002,89.98
2020,3,28,4,15,0,0,3.1,22.900000000000002,89.98
2020,3,28,4,30,0,0,3.1,22.900000000000002,90.07000000000001
2020,3,28,4,45,0,0,3.2,22.900000000000002,89.84
2020,3,28,5,0,0,0,3.2,22.8,90.38
2020,3,28,5,15,0,0,3.2,22.900000000000002,89.84
2020,3,28,5,30,0,0,3.2,23,89.3
2020,3,28,5,45,0,0,3.2,23,89.8
2020,3,28,6,0,0,0,3.2,23.1,89.26
2020,3,28,6,15,0,0,3.3000000000000003,23.3,88.2
2020,3,28,6,30,17,119,3.4000000000000004,23.6,86.62
2020,3,28,6,45,54,304,3.4000000000000004,23.8,87.46000000000001
2020,3,28,7,0,105,444,3.5,24,86.5
2020,3,28,7,15,163,547,3.6,24.200000000000003,85.48
2020,3,28,7,30,224,624,3.6,24.400000000000002,84.46000000000001
2020,3,28,7,45,286,683,3.6,24.6,81.72
2020,3,28,8,0,349,729,3.7,24.8,80.75
2020,3,28,8,15,411,767,3.7,25,79.8
2020,3,28,8,30,473,799,3.7,25.3,78.39
2020,3,28,8,45,533,825,3.7,25.5,76
2020,3,28,9,0,591,847,3.7,25.700000000000003,75.10000000000001
2020,3,28,9,15,646,866,3.8000000000000003,25.900000000000002,74.22
2020,3,28,9,30,699,883,3.8000000000000003,26.1,73.35000000000001
2020,3,28,9,45,749,897,3.8000000000000003,26.3,71.59
2020,3,28,10,0,796,909,3.8000000000000003,26.5,70.75
2020,3,28,10,15,837,918,3.9000000000000004,26.700000000000003,69.93
2020,3,28,10,30,876,927,3.9000000000000004,26.8,69.52
2020,3,28,10,45,909,926,4,26.900000000000002,68.95
2020,3,28,11,0,939,932,4,27.1,68.08
2020,3,28,11,15,967,939,4.1000000000000005,27.1,68.08
2020,3,28,11,30,988,943,4.2,27.200000000000003,67.68
2020,3,28,11,45,1005,947,4.2,27.3,67.52
2020,3,28,12,0,1017,949,4.3,27.400000000000002,67.13
2020,3,28,12,15,1024,950,4.3,27.400000000000002,67.13
2020,3,28,12,30,1026,951,4.4,27.400000000000002,67.06
2020,3,28,12,45,1023,949,4.4,27.5,66.99
2020,3,28,13,0,1015,948,4.4,27.5,66.99
2020,3,28,13,15,1002,945,4.5,27.5,66.99
2020,3,28,13,30,985,942,4.5,27.400000000000002,67.38
2020,3,28,13,45,964,943,4.5,27.400000000000002,67.67
2020,3,28,14,0,937,938,4.6000000000000005,27.400000000000002,67.67
2020,3,28,14,15,906,931,4.6000000000000005,27.3,68
2020,3,28,14,30,870,923,4.6000000000000005,27.200000000000003,68.4
2020,3,28,14,45,830,910,4.7,27.200000000000003,68.84
2020,3,28,15,0,785,897,4.7,27.1,69.25
2020,3,28,15,15,738,885,4.7,26.900000000000002,70.06
2020,3,28,15,30,688,870,4.800000000000001,26.8,70.47
2020,3,28,15,45,634,848,4.800000000000001,26.700000000000003,71.69
2020,3,28,16,0,577,828,4.800000000000001,26.6,72.11
2020,3,28,16,15,519,804,4.800000000000001,26.400000000000002,72.96000000000001
2020,3,28,16,30,459,775,4.800000000000001,26.200000000000003,73.82000000000001
2020,3,28,16,45,397,738,4.7,26,75.64
2020,3,28,17,0,334,696,4.7,25.8,76.54
2020,3,28,17,15,272,644,4.6000000000000005,25.6,77.53
2020,3,28,17,30,210,580,4.5,25.400000000000002,78.45
2020,3,28,17,45,150,496,4.4,25.200000000000003,80.99
2020,3,28,18,0,94,384,4.4,25,81.95
2020,3,28,18,15,45,233,4.3,24.900000000000002,82.44
2020,3,28,18,30,12,52,4.3,24.700000000000003,83.43
2020,3,28,18,45,0,0,4.2,24.6,85.46000000000001
2020,3,28,19,0,0,0,4.2,24.5,85.97
2020,3,28,19,15,0,0,4.2,24.5,85.97
2020,3,28,19,30,0,0,4.2,24.5,85.97
2020,3,28,19,45,0,0,4.2,24.5,85.97
2020,3,28,20,0,0,0,4.2,24.3,87.5
2020,3,28,20,15,0,0,4.2,24.3,87.5
2020,3,28,20,30,0,0,4.2,24.200000000000003,88.03
2020,3,28,20,45,0,0,4.2,24.200000000000003,88
2020,3,28,21,0,0,0,4.2,24.200000000000003,88.08
2020,3,28,21,15,0,0,4.2,24.1,88.61
2020,3,28,21,30,0,0,4.2,24.1,88.61
2020,3,28,21,45,0,0,4.2,24.1,88.64
2020,3,28,22,0,0,0,4.2,24,89.17
2020,3,28,22,15,0,0,4.2,24,89.17
2020,3,28,22,30,0,0,4.2,24,89.17
2020,3,28,22,45,0,0,4.3,24,89.17
2020,3,28,23,0,0,0,4.3,23.900000000000002,89.7
2020,3,28,23,15,0,0,4.3,23.900000000000002,89.7
2020,3,28,23,30,0,0,4.4,23.900000000000002,89.7
2020,3,28,23,45,0,0,4.4,23.900000000000002,89.74
2020,3,29,0,0,0,0,4.4,23.8,90.19
2020,3,29,0,15,0,0,4.4,23.8,90.19
2020,3,29,0,30,0,0,4.4,23.8,90.19
2020,3,29,0,45,0,0,4.4,23.700000000000003,90.69
2020,3,29,1,0,0,0,4.4,23.700000000000003,90.69
2020,3,29,1,15,0,0,4.4,23.6,91.24
2020,3,29,1,30,0,0,4.3,23.6,91.24
2020,3,29,1,45,0,0,4.3,23.5,91.57000000000001
2020,3,29,2,0,0,0,4.3,23.5,91.57000000000001
2020,3,29,2,15,0,0,4.3,23.5,91.57000000000001
2020,3,29,2,30,0,0,4.2,23.400000000000002,92.12
2020,3,29,2,45,0,0,4.2,23.400000000000002,91.84
2020,3,29,3,0,0,0,4.2,23.400000000000002,91.84
2020,3,29,3,15,0,0,4.2,23.3,92.39
2020,3,29,3,30,0,0,4.1000000000000005,23.3,92.39
2020,3,29,3,45,0,0,4.1000000000000005,23.3,91.81
2020,3,29,4,0,0,0,4.1000000000000005,23.3,91.81
2020,3,29,4,15,0,0,4.1000000000000005,23.3,91.81
2020,3,29,4,30,0,0,4.1000000000000005,23.3,91.81
2020,3,29,4,45,0,0,4.1000000000000005,23.3,91.09
2020,3,29,5,0,0,0,4.1000000000000005,23.3,91.09
2020,3,29,5,15,0,0,4.1000000000000005,23.400000000000002,90.55
2020,3,29,5,30,0,0,4.1000000000000005,23.400000000000002,90.64
2020,3,29,5,45,0,0,4.2,23.5,89.89
2020,3,29,6,0,0,0,4.2,23.5,89.89
2020,3,29,6,15,0,0,4.3,23.700000000000003,88.82000000000001
2020,3,29,6,30,18,125,4.4,23.900000000000002,87.76
2020,3,29,6,45,57,316,4.5,24.200000000000003,86.54
2020,3,29,7,0,108,456,4.7,24.400000000000002,85.60000000000001
2020,3,29,7,15,166,557,4.800000000000001,24.6,84.59
2020,3,29,7,30,228,633,4.9,24.8,83.58
2020,3,29,7,45,290,690,5,25,80.85000000000001
2020,3,29,8,0,354,737,5.1000000000000005,25.200000000000003,79.89
2020,3,29,8,15,417,775,5.1000000000000005,25.400000000000002,78.95
2020,3,29,8,30,478,806,5.2,25.6,78.02
2020,3,29,8,45,538,831,5.300000000000001,25.8,75.54
2020,3,29,9,0,597,854,5.300000000000001,26,74.66
2020,3,29,9,15,653,873,5.4,26.200000000000003,73.78
2020,3,29,9,30,706,889,5.4,26.3,73.35000000000001
2020,3,29,9,45,754,902,5.4,26.5,71.97
2020,3,29,10,0,801,914,5.4,26.6,71.55
2020,3,29,10,15,844,924,5.5,26.700000000000003,71.13
2020,3,29,10,30,883,933,5.5,26.8,70.72
2020,3,29,10,45,475,70,5.5,26.900000000000002,69.98
2020,3,29,11,0,946,940,5.6000000000000005,27,69.57000000000001
2020,3,29,11,15,972,945,5.6000000000000005,27,69.57000000000001
2020,3,29,11,30,994,949,5.6000000000000005,27.1,69.10000000000001
2020,3,29,11,45,1011,953,5.6000000000000005,27.1,69.15
2020,3,29,12,0,1022,956,5.6000000000000005,27.200000000000003,68.75
2020,3,29,12,15,1029,957,5.5,27.200000000000003,68.75
2020,3,29,12,30,1031,957,5.5,27.200000000000003,68.75
2020,3,29,12,45,600,109,5.5,27.200000000000003,68.68
2020,3,29,13,0,1020,955,5.5,27.200000000000003,68.68
2020,3,29,13,15,613,129,5.5,27.1,69.08
2020,3,29,13,30,989,949,5.4,27.1,69.08
2020,3,29,13,45,962,925,5.4,27.1,69
2020,3,29,14,0,358,24,5.4,27,69.4
2020,3,29,14,15,903,912,5.4,27,69.33
2020,3,29,14,30,868,904,5.4,26.900000000000002,69.74
2020,3,29,14,45,830,898,5.4,26.8,70.06
2020,3,29,15,0,787,887,5.300000000000001,26.8,70.06
2020,3,29,15,15,739,873,5.300000000000001,26.6,70.88
2020,3,29,15,30,688,858,5.300000000000001,26.5,71.3
2020,3,29,15,45,635,839,5.300000000000001,26.400000000000002,71.62
2020,3,29,16,0,578,818,5.300000000000001,26.3,72.05
2020,3,29,16,15,520,793,5.300000000000001,26.200000000000003,72.47
2020,3,29,16,30,459,764,5.2,26.1,72.9
2020,3,29,16,45,398,729,5.2,25.900000000000002,73.93
2020,3,29,17,0,335,686,5.2,25.8,74.44
2020,3,29,17,15,272,634,5.1000000000000005,25.6,75.32000000000001
2020,3,29,17,30,210,568,5,25.400000000000002,76.22
2020,3,29,17,45,151,490,4.9,25.200000000000003,77.68
2020,3,29,18,0,94,378,4.800000000000001,25,78.61
2020,3,29,18,15,46,228,4.7,24.900000000000002,79.08
2020,3,29,18,30,12,52,4.6000000000000005,24.700000000000003,80.02
2020,3,29,18,45,0,0,4.5,24.6,81.36
2020,3,29,19,0,0,0,4.5,24.5,81.85000000000001
2020,3,29,19,15,0,0,4.5,24.5,81.85000000000001
2020,3,29,19,30,0,0,4.5,24.5,81.85000000000001
2020,3,29,19,45,0,0,4.5,24.5,81.85000000000001
2020,3,29,20,0,0,0,4.3,24.200000000000003,83.92
2020,3,29,20,15,0,0,4.3,24.1,84.43
2020,3,29,20,30,0,0,4.3,24,84.93
2020,3,29,20,45,0,0,4.3,24,85.26
2020,3,29,21,0,0,0,4.3,23.900000000000002,85.77
2020,3,29,21,15,0,0,4.4,23.900000000000002,85.77
2020,3,29,21,30,0,0,4.4,23.900000000000002,85.77
2020,3,29,21,45,0,0,4.4,23.8,86.02
2020,3,29,22,0,0,0,4.5,23.8,86.02
2020,3,29,22,15,0,0,4.5,23.8,86.02
2020,3,29,22,30,0,0,4.5,23.8,86.02
2020,3,29,22,45,0,0,4.6000000000000005,23.8,85.23
2020,3,29,23,0,0,0,4.6000000000000005,23.8,85.23
2020,3,29,23,15,0,0,4.6000000000000005,23.700000000000003,85.74
2020,3,29,23,30,0,0,4.6000000000000005,23.700000000000003,85.74
2020,3,29,23,45,0,0,4.6000000000000005,23.700000000000003,84.64
2020,3,30,0,0,0,0,4.6000000000000005,23.700000000000003,84.64
2020,3,30,0,15,0,0,4.6000000000000005,23.700000000000003,84.55
2020,3,30,0,30,0,0,4.6000000000000005,23.6,85.06
2020,3,30,0,45,0,0,4.6000000000000005,23.6,83.86
2020,3,30,1,0,0,0,4.5,23.6,83.86
2020,3,30,1,15,0,0,4.5,23.5,84.37
2020,3,30,1,30,0,0,4.5,23.5,84.37
2020,3,30,1,45,0,0,4.5,23.400000000000002,83.77
2020,3,30,2,0,0,0,4.5,23.400000000000002,83.77
2020,3,30,2,15,0,0,4.5,23.3,84.19
2020,3,30,2,30,0,0,4.4,23.3,84.19
2020,3,30,2,45,0,0,4.4,23.200000000000003,84.28
2020,3,30,3,0,0,0,4.4,23.200000000000003,84.28
2020,3,30,3,15,0,0,4.4,23.200000000000003,84.28
2020,3,30,3,30,0,0,4.4,23.200000000000003,84.28
2020,3,30,3,45,0,0,4.4,23.200000000000003,83.74
2020,3,30,4,0,0,0,4.4,23.200000000000003,83.74
2020,3,30,4,15,0,0,4.4,23.1,84.25
2020,3,30,4,30,0,0,4.4,23.1,84.25
2020,3,30,4,45,0,0,4.4,23.1,83.43
2020,3,30,5,0,0,0,4.4,23.1,83.43
2020,3,30,5,15,0,0,4.3,23.1,83.52
2020,3,30,5,30,0,0,4.3,23.1,83.52
2020,3,30,5,45,0,0,4.3,23.1,83.34
2020,3,30,6,0,0,0,4.3,23.1,83.34
2020,3,30,6,15,0,0,4.4,23.3,82.35000000000001
2020,3,30,6,30,20,180,4.5,23.6,80.87
2020,3,30,6,45,62,367,4.6000000000000005,23.8,79.52
2020,3,30,7,0,115,501,4.7,24.1,78.10000000000001
2020,3,30,7,15,175,598,4.7,24.200000000000003,77.72
2020,3,30,7,30,237,667,4.800000000000001,24.400000000000002,76.79
2020,3,30,7,45,299,719,4.800000000000001,24.6,74.88
2020,3,30,8,0,363,763,4.800000000000001,24.8,73.99
2020,3,30,8,15,427,800,4.800000000000001,25,73.12
2020,3,30,8,30,489,830,4.800000000000001,25.1,72.68
2020,3,30,8,45,549,850,4.7,25.3,71.45
2020,3,30,9,0,606,869,4.7,25.5,70.61
2020,3,30,9,15,662,888,4.7,25.6,70.19
2020,3,30,9,30,716,903,4.7,25.8,69.37
2020,3,30,9,45,765,913,4.7,26,68.44
2020,3,30,10,0,812,925,4.6000000000000005,26.1,68.04
2020,3,30,10,15,855,935,4.6000000000000005,26.3,67.18
2020,3,30,10,30,894,943,4.6000000000000005,26.400000000000002,66.78
2020,3,30,10,45,930,954,4.6000000000000005,26.5,66.31
2020,3,30,11,0,960,960,4.6000000000000005,26.6,65.93
2020,3,30,11,15,986,965,4.6000000000000005,26.700000000000003,65.54
2020,3,30,11,30,1008,969,4.6000000000000005,26.8,65.16
2020,3,30,11,45,1024,969,4.5,26.8,65.03
2020,3,30,12,0,1036,972,4.5,26.900000000000002,64.58
2020,3,30,12,15,1042,973,4.5,26.900000000000002,64.58
2020,3,30,12,30,1044,973,4.5,26.900000000000002,64.58
2020,3,30,12,45,1041,971,4.5,27,64.18
2020,3,30,13,0,1033,969,4.5,27,64.18
2020,3,30,13,15,1020,967,4.5,27,64.12
2020,3,30,13,30,1002,964,4.5,26.900000000000002,64.49
2020,3,30,13,45,977,952,4.5,26.900000000000002,64.59
2020,3,30,14,0,952,949,4.5,26.900000000000002,64.59
2020,3,30,14,15,921,943,4.5,26.8,64.97
2020,3,30,14,30,885,935,4.5,26.700000000000003,65.35
2020,3,30,14,45,446,80,4.5,26.6,66.04
2020,3,30,15,0,393,60,4.6000000000000005,26.6,65.98
2020,3,30,15,15,262,16,4.6000000000000005,26.400000000000002,66.75
2020,3,30,15,30,138,0,4.6000000000000005,26.3,67.15
2020,3,30,15,45,306,51,4.6000000000000005,26.200000000000003,67.86
2020,3,30,16,0,197,8,4.6000000000000005,26,68.67
2020,3,30,16,15,163,1,4.6000000000000005,25.8,69.48
2020,3,30,16,30,470,800,4.6000000000000005,25.700000000000003,69.89
2020,3,30,16,45,408,766,4.7,25.5,71.18
2020,3,30,17,0,63,0,4.7,25.3,72.02
2020,3,30,17,15,281,676,4.6000000000000005,25.1,72.96000000000001
2020,3,30,17,30,217,614,4.6000000000000005,24.900000000000002,73.83
2020,3,30,17,45,156,530,4.5,24.6,76.14
2020,3,30,18,0,99,421,4.5,24.400000000000002,77.05
2020,3,30,18,15,49,272,4.5,24.3,77.52
2020,3,30,18,30,13,80,4.5,24.200000000000003,77.98
2020,3,30,18,45,0,0,4.5,24.1,79.24
2020,3,30,19,0,0,0,4.5,24,79.72
2020,3,30,19,15,0,0,4.5,24,79.72
2020,3,30,19,30,0,0,4.5,24,79.72
2020,3,30,19,45,0,0,4.5,24,79.72
2020,3,30,20,0,0,0,4.5,23.8,80.33
2020,3,30,20,15,0,0,4.5,23.700000000000003,80.81
2020,3,30,20,30,0,0,4.4,23.700000000000003,80.81
2020,3,30,20,45,0,0,4.4,23.6,80.54
2020,3,30,21,0,0,0,4.3,23.6,80.54
2020,3,30,21,15,0,0,4.3,23.6,80.54
2020,3,30,21,30,0,0,4.3,23.5,81.02
2020,3,30,21,45,0,0,4.2,23.5,79.95
2020,3,30,22,0,0,0,4.2,23.5,79.95
2020,3,30,22,15,0,0,4.1000000000000005,23.400000000000002,80.43
2020,3,30,22,30,0,0,4,23.400000000000002,80.43
2020,3,30,22,45,0,0,4,23.3,80.21000000000001
2020,3,30,23,0,0,0,3.9000000000000004,23.3,80.21000000000001
2020,3,30,23,15,0,0,3.8000000000000003,23.200000000000003,80.61
2020,3,30,23,30,0,0,3.8000000000000003,23.200000000000003,80.61
2020,3,30,23,45,0,0,3.7,23.1,80.39
2020,3,31,0,0,0,0,3.6,23.1,80.39
2020,3,31,0,15,0,0,3.6,23,80.88
2020,3,31,0,30,0,0,3.5,22.900000000000002,81.29
2020,3,31,0,45,0,0,3.5,22.900000000000002,80.74
2020,3,31,1,0,0,0,3.4000000000000004,22.8,81.22
2020,3,31,1,15,0,0,3.4000000000000004,22.8,81.22
2020,3,31,1,30,0,0,3.4000000000000004,22.700000000000003,81.72
2020,3,31,1,45,0,0,3.3000000000000003,22.700000000000003,81.53
2020,3,31,2,0,0,0,3.3000000000000003,22.6,81.94
2020,3,31,2,15,0,0,3.2,22.6,81.94
2020,3,31,2,30,0,0,3.2,22.6,81.94
2020,3,31,2,45,0,0,3.1,22.5,82.61
2020,3,31,3,0,0,0,3.1,22.5,82.61
2020,3,31,3,15,0,0,3,22.5,82.61
2020,3,31,3,30,0,0,3,22.5,82.61
2020,3,31,3,45,0,0,3,22.5,83.17
2020,3,31,4,0,0,0,2.9000000000000004,22.5,83.17
2020,3,31,4,15,0,0,2.9000000000000004,22.5,83.17
2020,3,31,4,30,0,0,2.8000000000000003,22.5,83.17
2020,3,31,4,45,0,0,2.8000000000000003,22.5,83.88
2020,3,31,5,0,0,0,2.8000000000000003,22.5,83.88
2020,3,31,5,15,0,0,2.7,22.5,83.96000000000001
2020,3,31,5,30,0,0,2.7,22.5,83.96000000000001
2020,3,31,5,45,0,0,2.7,22.5,85.25
2020,3,31,6,0,0,0,2.7,22.6,84.74
2020,3,31,6,15,0,0,2.7,22.8,83.72
2020,3,31,6,30,22,182,2.8000000000000003,23.1,82.22
2020,3,31,6,45,65,381,2.9000000000000004,23.400000000000002,81.71000000000001
2020,3,31,7,0,119,512,2.9000000000000004,23.700000000000003,80.25
2020,3,31,7,15,178,606,2.9000000000000004,23.900000000000002,79.29
2020,3,31,7,30,241,676,2.9000000000000004,24.1,78.43
2020,3,31,7,45,305,735,2.9000000000000004,24.3,77.2
2020,3,31,8,0,369,778,2.9000000000000004,24.400000000000002,76.74
2020,3,31,8,15,432,813,2.9000000000000004,24.700000000000003,75.38
2020,3,31,8,30,494,842,2.9000000000000004,24.900000000000002,74.49
2020,3,31,8,45,555,867,2.9000000000000004,25.1,73.08
2020,3,31,9,0,614,887,2.9000000000000004,25.400000000000002,71.8
2020,3,31,9,15,670,905,2.9000000000000004,25.6,70.95
2020,3,31,9,30,723,920,3,25.8,70.12
2020,3,31,9,45,360,50,3,26,68.60000000000001
2020,3,31,10,0,820,944,3,26.200000000000003,67.79
2020,3,31,10,15,863,954,3,26.3,67.4
2020,3,31,10,30,902,962,3.1,26.400000000000002,67
2020,3,31,10,45,933,952,3.1,26.6,66.11
2020,3,31,11,0,963,958,3.1,26.700000000000003,65.72
2020,3,31,11,15,989,963,3.1,26.8,65.27
2020,3,31,11,30,1010,967,3.1,26.900000000000002,64.89
2020,3,31,11,45,1027,970,3.1,27,64.31
2020,3,31,12,0,1039,972,3.1,27.1,63.940000000000005
2020,3,31,12,15,1045,973,3.1,27.200000000000003,63.57
2020,3,31,12,30,1047,973,3.1,27.200000000000003,63.57
2020,3,31,12,45,1044,973,3.1,27.3,62.79
2020,3,31,13,0,1036,972,3.1,27.3,62.79
2020,3,31,13,15,1022,969,3.1,27.3,62.79
2020,3,31,13,30,1004,966,3.1,27.3,62.79
2020,3,31,13,45,977,945,3.1,27.3,62.84
2020,3,31,14,0,952,942,3.1,27.3,62.84
2020,3,31,14,15,920,935,3.1,27.200000000000003,63.21
2020,3,31,14,30,884,927,3.1,27.200000000000003,63.15
2020,3,31,14,45,845,922,3.1,27.1,63.63
2020,3,31,15,0,801,911,3.1,27,64.01
2020,3,31,15,15,753,899,3.2,26.900000000000002,64.38
2020,3,31,15,30,703,886,3.2,26.8,64.76
2020,3,31,15,45,650,873,3.2,26.700000000000003,65.34
2020,3,31,16,0,593,853,3.3000000000000003,26.5,66.11
2020,3,31,16,15,534,830,3.3000000000000003,26.3,66.89
2020,3,31,16,30,472,803,3.3000000000000003,26.200000000000003,67.29
2020,3,31,16,45,410,773,3.3000000000000003,26,68.62
2020,3,31,17,0,347,733,3.3000000000000003,25.8,69.44
2020,3,31,17,15,283,685,3.2,25.5,70.68
2020,3,31,17,30,220,625,3.1,25.200000000000003,71.94
2020,3,31,17,45,159,549,3,24.900000000000002,75.79
2020,3,31,18,0,100,442,2.9000000000000004,24.6,77.16
2020,3,31,18,15,50,296,2.9000000000000004,24.400000000000002,78.08
2020,3,31,18,30,13,102,2.9000000000000004,24.200000000000003,79.02
2020,3,31,18,45,0,0,2.9000000000000004,24,81.78
2020,3,31,19,0,0,0,2.9000000000000004,23.8,82.76
2020,3,31,19,15,0,0,2.9000000000000004,23.8,82.76
2020,3,31,19,30,0,0,2.9000000000000004,23.8,82.76
2020,3,31,19,45,0,0,2.9000000000000004,23.8,82.76
2020,3,31,20,0,0,0,2.9000000000000004,23.5,84.83
2020,3,31,20,15,0,0,2.9000000000000004,23.5,84.83
2020,3,31,20,30,0,0,2.9000000000000004,23.400000000000002,85.34
2020,3,31,20,45,0,0,2.8000000000000003,23.400000000000002,85.61
2020,3,31,21,0,0,0,2.8000000000000003,23.3,86.12
2020,3,31,21,15,0,0,2.8000000000000003,23.200000000000003,86.64
2020,3,31,21,30,0,0,2.8000000000000003,23.200000000000003,86.64
2020,3,31,21,45,0,0,2.8000000000000003,23.1,86.96000000000001
2020,3,31,22,0,0,0,2.7,23.1,86.96000000000001
2020,3,31,22,15,0,0,2.7,23,87.48
2020,3,31,22,30,0,0,2.6,23,87.48
2020,3,31,22,45,0,0,2.6,23,87.38
2020,3,31,23,0,0,0,2.6,22.900000000000002,87.9
2020,3,31,23,15,0,0,2.5,22.900000000000002,87.9
2020,3,31,23,30,0,0,2.5,22.8,88.44
2020,3,31,23,45,0,0,2.4000000000000004,22.8,88.22
2020,4,1,0,0,0,0,2.4000000000000004,22.700000000000003,88.76
2020,4,1,0,15,0,0,2.4000000000000004,22.700000000000003,88.76
2020,4,1,0,30,0,0,2.3000000000000003,22.700000000000003,88.76
2020,4,1,0,45,0,0,2.3000000000000003,22.6,88.77
2020,4,1,1,0,0,0,2.3000000000000003,22.6,88.77
2020,4,1,1,15,0,0,2.2,22.6,88.77
2020,4,1,1,30,0,0,2.2,22.5,89.31
2020,4,1,1,45,0,0,2.2,22.5,88.64
2020,4,1,2,0,0,0,2.2,22.5,88.64
2020,4,1,2,15,0,0,2.2,22.400000000000002,89.18
2020,4,1,2,30,0,0,2.2,22.400000000000002,89.18
2020,4,1,2,45,0,0,2.2,22.400000000000002,88.2
2020,4,1,3,0,0,0,2.2,22.400000000000002,88.2
2020,4,1,3,15,0,0,2.2,22.400000000000002,88.2
2020,4,1,3,30,0,0,2.2,22.3,88.74
2020,4,1,3,45,0,0,2.2,22.3,87.53
2020,4,1,4,0,0,0,2.2,22.3,87.53
2020,4,1,4,15,0,0,2.2,22.3,87.53
2020,4,1,4,30,0,0,2.2,22.3,87.53
2020,4,1,4,45,0,0,2.2,22.3,86.68
2020,4,1,5,0,0,0,2.2,22.3,86.68
2020,4,1,5,15,0,0,2.2,22.3,86.77
2020,4,1,5,30,0,0,2.2,22.400000000000002,86.24
2020,4,1,5,45,0,0,2.2,22.400000000000002,86.42
2020,4,1,6,0,0,0,2.3000000000000003,22.400000000000002,86.42
2020,4,1,6,15,0,0,2.3000000000000003,22.700000000000003,84.86
2020,4,1,6,30,24,197,2.4000000000000004,23,83.34
2020,4,1,6,45,68,383,2.5,23.3,82.56
2020,4,1,7,0,122,511,2.6,23.6,81.09
2020,4,1,7,15,182,605,2.6,23.8,80.12
2020,4,1,7,30,245,675,2.6,24,79.17
2020,4,1,7,45,310,733,2.7,24.200000000000003,75.9
2020,4,1,8,0,374,776,2.7,24.400000000000002,75.07000000000001
2020,4,1,8,15,436,809,2.7,24.6,74.18
2020,4,1,8,30,499,838,2.7,24.8,73.31
2020,4,1,8,45,560,863,2.8000000000000003,25.1,71.31
2020,4,1,9,0,619,884,2.8000000000000003,25.3,70.47
2020,4,1,9,15,675,902,2.8000000000000003,25.5,69.64
2020,4,1,9,30,728,917,2.8000000000000003,25.700000000000003,68.82000000000001
2020,4,1,9,45,779,929,2.9000000000000004,25.900000000000002,67.8
2020,4,1,10,0,823,938,2.9000000000000004,26.200000000000003,66.61
2020,4,1,10,15,866,948,2.9000000000000004,26.400000000000002,65.83
2020,4,1,10,30,905,956,2.9000000000000004,26.5,65.45
2020,4,1,10,45,939,958,3,26.700000000000003,64.33
2020,4,1,11,0,969,964,3,26.900000000000002,63.58
2020,4,1,11,15,995,969,3,27.1,62.78
2020,4,1,11,30,1016,973,3,27.200000000000003,62.410000000000004
2020,4,1,11,45,1033,974,3.1,27.3,62.480000000000004
2020,4,1,12,0,1044,976,3.1,27.5,61.76
2020,4,1,12,15,1051,977,3.1,27.5,61.76
2020,4,1,12,30,1053,978,3.1,27.6,61.4
2020,4,1,12,45,1049,975,3.1,27.6,62.440000000000005
2020,4,1,13,0,1038,972,3.1,27.700000000000003,62.02
2020,4,1,13,15,1025,969,3.1,27.700000000000003,62.02
2020,4,1,13,30,1007,966,3.1,27.700000000000003,62.02
2020,4,1,13,45,982,953,3.1,27.700000000000003,62.4
2020,4,1,14,0,954,947,3.2,27.8,62.04
2020,4,1,14,15,923,941,3.2,27.700000000000003,62.4
2020,4,1,14,30,887,933,3.2,27.700000000000003,62.4
2020,4,1,14,45,846,921,3.2,27.6,63.31
2020,4,1,15,0,802,910,3.2,27.6,63.24
2020,4,1,15,15,754,898,3.2,27.5,63.61
2020,4,1,15,30,703,883,3.1,27.400000000000002,63.980000000000004
2020,4,1,15,45,649,862,3.1,27.3,65.02
2020,4,1,16,0,592,842,3.1,27.200000000000003,65.4
2020,4,1,16,15,532,818,3.1,27,66.17
2020,4,1,16,30,471,790,3,26.8,67.02
2020,4,1,16,45,408,753,3,26.6,68.56
2020,4,1,17,0,345,712,3,26.5,68.96000000000001
2020,4,1,17,15,281,662,2.8000000000000003,26.200000000000003,70.19
2020,4,1,17,30,218,600,2.7,25.8,71.86
2020,4,1,17,45,157,513,2.6,25.5,76.02
2020,4,1,18,0,100,406,2.5,25.200000000000003,77.38
2020,4,1,18,15,49,264,2.4000000000000004,25.1,77.84
2020,4,1,18,30,14,86,2.4000000000000004,24.900000000000002,78.77
2020,4,1,18,45,0,0,2.3000000000000003,24.8,79.74
2020,4,1,19,0,0,0,2.2,24.6,80.69
2020,4,1,19,15,0,0,2.2,24.6,80.69
2020,4,1,19,30,0,0,2.2,24.6,80.69
2020,4,1,19,45,0,0,2.2,24.6,80.69
2020,4,1,20,0,0,0,2.1,24.400000000000002,81.58
2020,4,1,20,15,0,0,2.1,24.3,82.07000000000001
2020,4,1,20,30,0,0,2.1,24.3,82.07000000000001
2020,4,1,20,45,0,0,2,24.200000000000003,82.5
2020,4,1,21,0,0,0,2,24.200000000000003,82.5
2020,4,1,21,15,0,0,2,24.1,83
2020,4,1,21,30,0,0,2.1,24.1,83
2020,4,1,21,45,0,0,2.1,24,82.95
2020,4,1,22,0,0,0,2.1,24,82.95
2020,4,1,22,15,0,0,2.1,24,82.95
2020,4,1,22,30,0,0,2.1,23.900000000000002,83.45
2020,4,1,22,45,0,0,2.1,23.900000000000002,82.43
2020,4,1,23,0,0,0,2.2,23.8,82.93
2020,4,1,23,15,0,0,2.2,23.8,82.93
2020,4,1,23,30,0,0,2.2,23.8,82.93
2020,4,1,23,45,0,0,2.2,23.700000000000003,82.75
2020,4,2,0,0,0,0,2.2,23.700000000000003,82.75
2020,4,2,0,15,0,0,2.2,23.6,83.25
2020,4,2,0,30,0,0,2.2,23.6,83.17
2020,4,2,0,45,0,0,2.2,23.5,82.81
2020,4,2,1,0,0,0,2.2,23.5,82.81
2020,4,2,1,15,0,0,2.2,23.5,82.81
2020,4,2,1,30,0,0,2.1,23.400000000000002,83.3
2020,4,2,1,45,0,0,2.1,23.400000000000002,82.26
2020,4,2,2,0,0,0,2.1,23.400000000000002,82.26
2020,4,2,2,15,0,0,2.1,23.400000000000002,82.26
2020,4,2,2,30,0,0,2,23.3,82.76
2020,4,2,2,45,0,0,2,23.3,81.99
2020,4,2,3,0,0,0,2,23.3,81.99
2020,4,2,3,15,0,0,2,23.3,81.99
2020,4,2,3,30,0,0,2,23.200000000000003,82.48
2020,4,2,3,45,0,0,2,23.200000000000003,81.75
2020,4,2,4,0,0,0,2,23.200000000000003,81.75
2020,4,2,4,15,0,0,2,23.200000000000003,81.75
2020,4,2,4,30,0,0,2,23.200000000000003,81.75
2020,4,2,4,45,0,0,2,23.200000000000003,81.24
2020,4,2,5,0,0,0,2,23.1,81.81
2020,4,2,5,15,0,0,1.9000000000000001,23.200000000000003,81.32000000000001
2020,4,2,5,30,0,0,1.9000000000000001,23.200000000000003,81.32000000000001
2020,4,2,5,45,0,0,1.9000000000000001,23.200000000000003,81.97
2020,4,2,6,0,0,0,1.9000000000000001,23.3,81.48
2020,4,2,6,15,0,0,1.9000000000000001,23.6,80.02
2020,4,2,6,30,25,191,2,23.8,79.07000000000001
2020,4,2,6,45,69,371,2,24.1,79.59
2020,4,2,7,0,123,496,2,24.400000000000002,78.17
2020,4,2,7,15,182,589,2.1,24.6,77.25
2020,4,2,7,30,245,659,2.1,24.700000000000003,76.79
2020,4,2,7,45,309,719,2.2,24.900000000000002,72.52
2020,4,2,8,0,372,760,2.3000000000000003,25.1,71.67
2020,4,2,8,15,436,796,2.3000000000000003,25.3,70.82000000000001
2020,4,2,8,30,498,825,2.4000000000000004,25.5,69.99
2020,4,2,8,45,558,850,2.5,25.700000000000003,68.75
2020,4,2,9,0,616,871,2.5,25.900000000000002,67.94
2020,4,2,9,15,672,889,2.6,26,67.54
2020,4,2,9,30,725,904,2.7,26.200000000000003,66.75
2020,4,2,9,45,773,915,2.8000000000000003,26.400000000000002,66.41
2020,4,2,10,0,820,926,2.8000000000000003,26.6,65.64
2020,4,2,10,15,862,936,2.9000000000000004,26.700000000000003,65.19
2020,4,2,10,30,901,945,2.9000000000000004,26.900000000000002,64.43
2020,4,2,10,45,936,952,3,27,64.72
2020,4,2,11,0,966,958,3,27.200000000000003,63.97
2020,4,2,11,15,992,963,3,27.3,63.6
2020,4,2,11,30,1013,967,3,27.400000000000002,63.230000000000004
2020,4,2,11,45,1029,969,3,27.5,63.7
2020,4,2,12,0,1040,971,3,27.6,63.27
2020,4,2,12,15,1047,972,3,27.700000000000003,62.9
2020,4,2,12,30,1048,972,2.9000000000000004,27.8,62.53
2020,4,2,12,45,1044,970,2.9000000000000004,27.8,62.43
2020,4,2,13,0,1036,969,2.9000000000000004,27.900000000000002,62.07
2020,4,2,13,15,1023,967,2.9000000000000004,27.900000000000002,62
2020,4,2,13,30,1005,963,2.9000000000000004,27.900000000000002,62
2020,4,2,13,45,979,948,2.8000000000000003,27.900000000000002,61.83
2020,4,2,14,0,952,943,2.8000000000000003,27.900000000000002,61.83
2020,4,2,14,15,920,936,2.8000000000000003,27.900000000000002,61.83
2020,4,2,14,30,761,519,2.8000000000000003,27.8,62.190000000000005
2020,4,2,14,45,694,463,2.8000000000000003,27.8,61.940000000000005
2020,4,2,15,0,799,908,2.8000000000000003,27.8,61.940000000000005
2020,4,2,15,15,752,895,2.7,27.700000000000003,62.300000000000004
2020,4,2,15,30,700,881,2.7,27.6,62.660000000000004
2020,4,2,15,45,646,863,2.7,27.5,63.08
2020,4,2,16,0,590,843,2.7,27.400000000000002,63.45
2020,4,2,16,15,531,819,2.7,27.200000000000003,64.19
2020,4,2,16,30,384,425,2.7,27,64.95
2020,4,2,16,45,407,758,2.7,26.900000000000002,66.48
2020,4,2,17,0,295,476,2.7,26.700000000000003,67.26
2020,4,2,17,15,280,669,2.7,26.400000000000002,68.46000000000001
2020,4,2,17,30,217,607,2.7,26,70.09
2020,4,2,17,45,156,521,2.6,25.700000000000003,75.61
2020,4,2,18,0,99,416,2.6,25.400000000000002,76.96000000000001
2020,4,2,18,15,49,275,2.6,25.200000000000003,77.96000000000001
2020,4,2,18,30,13,96,2.6,25,78.89
2020,4,2,18,45,0,0,2.6,24.8,81.83
2020,4,2,19,0,0,0,2.6,24.6,82.81
2020,4,2,19,15,0,0,2.6,24.6,82.81
2020,4,2,19,30,0,0,2.6,24.6,82.81
2020,4,2,19,45,0,0,2.6,24.6,82.81
2020,4,2,20,0,0,0,2.6,24.3,85.44
2020,4,2,20,15,0,0,2.6,24.200000000000003,85.95
2020,4,2,20,30,0,0,2.6,24.200000000000003,86.04
2020,4,2,20,45,0,0,2.6,24.1,87.82000000000001
2020,4,2,21,0,0,0,2.6,24.1,87.82000000000001
2020,4,2,21,15,0,0,2.6,24.1,87.82000000000001
2020,4,2,21,30,0,0,2.7,24,88.35000000000001
2020,4,2,21,45,0,0,2.7,24,88.42
2020,4,2,22,0,0,0,2.7,23.900000000000002,88.95
2020,4,2,22,15,0,0,2.7,23.900000000000002,88.95
2020,4,2,22,30,0,0,2.7,23.900000000000002,88.95
2020,4,2,22,45,0,0,2.6,23.8,89.24
2020,4,2,23,0,0,0,2.6,23.8,89.24
2020,4,2,23,15,0,0,2.6,23.8,89.24
2020,4,2,23,30,0,0,2.6,23.8,89.15
2020,4,2,23,45,0,0,2.6,23.700000000000003,88.56
2020,4,3,0,0,0,0,2.5,23.700000000000003,88.56
2020,4,3,0,15,0,0,2.5,23.700000000000003,88.56
2020,4,3,0,30,0,0,2.5,23.700000000000003,88.56
2020,4,3,0,45,0,0,2.4000000000000004,23.6,87.96000000000001
2020,4,3,1,0,0,0,2.4000000000000004,23.6,87.96000000000001
2020,4,3,1,15,0,0,2.4000000000000004,23.6,87.96000000000001
2020,4,3,1,30,0,0,2.4000000000000004,23.5,88.49
2020,4,3,1,45,0,0,2.3000000000000003,23.5,87.33
2020,4,3,2,0,0,0,2.3000000000000003,23.5,87.33
2020,4,3,2,15,0,0,2.2,23.5,87.33
2020,4,3,2,30,0,0,2.2,23.400000000000002,87.86
2020,4,3,2,45,0,0,2.2,23.400000000000002,86.17
2020,4,3,3,0,0,0,2.1,23.400000000000002,86.17
2020,4,3,3,15,0,0,2.1,23.400000000000002,86.17
2020,4,3,3,30,0,0,2,23.400000000000002,86.26
2020,4,3,3,45,0,0,2,23.400000000000002,84.52
2020,4,3,4,0,0,0,2,23.3,85.03
2020,4,3,4,15,0,0,2,23.3,85.03
2020,4,3,4,30,0,0,2,23.3,85.03
2020,4,3,4,45,0,0,2,23.3,83.60000000000001
2020,4,3,5,0,0,0,2,23.200000000000003,84.10000000000001
2020,4,3,5,15,0,0,2,23.3,83.60000000000001
2020,4,3,5,30,0,0,2,23.3,83.60000000000001
2020,4,3,5,45,0,0,2,23.3,84.12
2020,4,3,6,0,0,0,2,23.400000000000002,83.61
2020,4,3,6,15,0,0,2,23.6,82.62
2020,4,3,6,30,26,207,2.1,23.900000000000002,81.14
2020,4,3,6,45,70,377,2.2,24.200000000000003,81.37
2020,4,3,7,0,125,500,2.2,24.5,79.93
2020,4,3,7,15,184,590,2.2,24.700000000000003,78.98
2020,4,3,7,30,246,659,2.2,24.900000000000002,78.05
2020,4,3,7,45,89,0,2.3000000000000003,25.1,73.49
2020,4,3,8,0,139,5,2.3000000000000003,25.3,72.62
2020,4,3,8,15,437,793,2.3000000000000003,25.6,71.35000000000001
2020,4,3,8,30,499,823,2.3000000000000003,25.8,70.51
2020,4,3,8,45,559,847,2.3000000000000003,26,68.55
2020,4,3,9,0,218,13,2.3000000000000003,26.3,67.35
2020,4,3,9,15,229,12,2.3000000000000003,26.5,66.57000000000001
2020,4,3,9,30,726,902,2.3000000000000003,26.700000000000003,65.79
2020,4,3,9,45,776,915,2.3000000000000003,26.900000000000002,64.62
2020,4,3,10,0,822,926,2.3000000000000003,27.1,63.870000000000005
2020,4,3,10,15,865,936,2.3000000000000003,27.3,63.13
2020,4,3,10,30,621,226,2.3000000000000003,27.400000000000002,62.76
2020,4,3,10,45,930,927,2.3000000000000003,27.6,63.440000000000005
2020,4,3,11,0,960,933,2.2,27.700000000000003,63.08
2020,4,3,11,15,985,938,2.2,27.8,62.71
2020,4,3,11,30,1006,943,2.2,27.900000000000002,62.28
2020,4,3,11,45,1023,946,2.1,28,61.49
2020,4,3,12,0,1034,948,2.1,28.1,61.14
2020,4,3,12,15,1038,947,2,28.200000000000003,60.78
2020,4,3,12,30,1040,947,2,28.3,60.43
2020,4,3,12,45,814,366,2,28.3,59.54
2020,4,3,13,0,1028,945,1.9000000000000001,28.400000000000002,59.2
2020,4,3,13,15,1015,942,1.9000000000000001,28.400000000000002,59.2
2020,4,3,13,30,995,937,1.9000000000000001,28.400000000000002,59.2
2020,4,3,13,45,971,928,1.9000000000000001,28.400000000000002,59.43
2020,4,3,14,0,706,294,1.9000000000000001,28.400000000000002,59.370000000000005
2020,4,3,14,15,912,915,1.9000000000000001,28.400000000000002,59.370000000000005
2020,4,3,14,30,874,905,1.9000000000000001,28.3,59.71
2020,4,3,14,45,833,890,1.9000000000000001,28.3,60.67
2020,4,3,15,0,789,879,1.9000000000000001,28.200000000000003,61.02
2020,4,3,15,15,740,863,1.9000000000000001,28.1,61.38
2020,4,3,15,30,689,847,1.9000000000000001,28,61.74
2020,4,3,15,45,635,825,1.9000000000000001,27.900000000000002,63.11
2020,4,3,16,0,577,801,1.9000000000000001,27.700000000000003,63.85
2020,4,3,16,15,519,776,1.9000000000000001,27.6,64.22
2020,4,3,16,30,175,11,1.9000000000000001,27.400000000000002,64.97
2020,4,3,16,45,77,0,1.9000000000000001,27.200000000000003,66.69
2020,4,3,17,0,334,664,1.8,27,67.48
2020,4,3,17,15,16,0,1.8,26.8,68.27
2020,4,3,17,30,210,549,1.8,26.5,69.48
2020,4,3,17,45,150,467,1.7000000000000002,26.3,73.24
2020,4,3,18,0,95,362,1.7000000000000002,26,74.55
2020,4,3,18,15,47,226,1.7000000000000002,25.8,75.43
2020,4,3,18,30,13,68,1.6,25.700000000000003,75.96000000000001
2020,4,3,18,45,0,0,1.6,25.5,77.82000000000001
2020,4,3,19,0,0,0,1.6,25.400000000000002,78.28
2020,4,3,19,15,0,0,1.6,25.400000000000002,78.28
2020,4,3,19,30,0,0,1.6,25.400000000000002,78.28
2020,4,3,19,45,0,0,1.6,25.400000000000002,78.28
2020,4,3,20,0,0,0,1.4000000000000001,25,80.3
2020,4,3,20,15,0,0,1.3,25,80.3
2020,4,3,20,30,0,0,1.3,24.900000000000002,80.78
2020,4,3,20,45,0,0,1.3,24.8,81.8
2020,4,3,21,0,0,0,1.2000000000000002,24.700000000000003,82.29
2020,4,3,21,15,0,0,1.2000000000000002,24.700000000000003,82.29
2020,4,3,21,30,0,0,1.2000000000000002,24.6,82.78
2020,4,3,21,45,0,0,1.2000000000000002,24.6,83.07000000000001
2020,4,3,22,0,0,0,1.2000000000000002,24.5,83.57000000000001
2020,4,3,22,15,0,0,1.2000000000000002,24.400000000000002,84.07000000000001
2020,4,3,22,30,0,0,1.1,24.400000000000002,84.07000000000001
2020,4,3,22,45,0,0,1.1,24.3,84.35000000000001
2020,4,3,23,0,0,0,1.1,24.3,84.35000000000001
2020,4,3,23,15,0,0,1.1,24.200000000000003,84.85000000000001
2020,4,3,23,30,0,0,1.1,24.200000000000003,84.85000000000001
2020,4,3,23,45,0,0,1.1,24.1,85
2020,4,4,0,0,0,0,1.1,24.1,85
2020,4,4,0,15,0,0,1.1,24.1,85
2020,4,4,0,30,0,0,1.1,24,85.51
2020,4,4,0,45,0,0,1,24,85.14
2020,4,4,1,0,0,0,1,24,85.05
2020,4,4,1,15,0,0,1,23.900000000000002,85.56
2020,4,4,1,30,0,0,1,23.900000000000002,85.56
2020,4,4,1,45,0,0,1,23.900000000000002,85.12
2020,4,4,2,0,0,0,1,23.900000000000002,85.12
2020,4,4,2,15,0,0,0.9,23.8,85.63
2020,4,4,2,30,0,0,0.9,23.8,85.63
2020,4,4,2,45,0,0,0.9,23.8,84.91
2020,4,4,3,0,0,0,0.9,23.8,84.91
2020,4,4,3,15,0,0,0.9,23.8,84.91
2020,4,4,3,30,0,0,0.9,23.8,84.91
2020,4,4,3,45,0,0,0.9,23.8,84.11
2020,4,4,4,0,0,0,0.9,23.8,84.11
2020,4,4,4,15,0,0,0.9,23.8,84.11
2020,4,4,4,30,0,0,0.9,23.8,84.11
2020,4,4,4,45,0,0,0.8,23.8,83.48
2020,4,4,5,0,0,0,0.8,23.8,83.48
2020,4,4,5,15,0,0,0.8,23.8,83.57000000000001
2020,4,4,5,30,0,0,0.8,23.900000000000002,83.07000000000001
2020,4,4,5,45,0,0,0.8,23.900000000000002,83.66
2020,4,4,6,0,0,0,0.8,23.900000000000002,83.66
2020,4,4,6,15,0,0,0.9,24.1,82.67
2020,4,4,6,30,27,158,0.9,24.3,81.69
2020,4,4,6,45,69,323,1,24.5,84.03
2020,4,4,7,0,122,443,1,24.700000000000003,83.03
2020,4,4,7,15,179,534,1.1,24.900000000000002,82.05
2020,4,4,7,30,240,605,1.1,25.1,81.08
2020,4,4,7,45,303,670,1.2000000000000002,25.3,76.63
2020,4,4,8,0,366,715,1.3,25.5,75.73
2020,4,4,8,15,427,751,1.3,25.700000000000003,74.84
2020,4,4,8,30,488,782,1.4000000000000001,26,73.60000000000001
2020,4,4,8,45,548,809,1.4000000000000001,26.200000000000003,71.53
2020,4,4,9,0,605,831,1.5,26.5,70.28
2020,4,4,9,15,660,850,1.6,26.700000000000003,69.46000000000001
2020,4,4,9,30,712,866,1.7000000000000002,26.900000000000002,68.65
2020,4,4,9,45,761,881,1.8,27.200000000000003,67.54
2020,4,4,10,0,807,893,1.8,27.400000000000002,66.75
2020,4,4,10,15,849,903,1.9000000000000001,27.6,65.98
2020,4,4,10,30,887,912,1.9000000000000001,27.700000000000003,65.6
2020,4,4,10,45,922,924,2,27.8,65.61
2020,4,4,11,0,952,930,2.1,28,64.86
2020,4,4,11,15,977,935,2.1,28.1,64.48
2020,4,4,11,30,997,939,2.1,28.200000000000003,64.04
2020,4,4,11,45,1013,940,2.1,28.200000000000003,63.43
2020,4,4,12,0,1024,942,2.1,28.3,63.06
2020,4,4,12,15,1030,944,2.1,28.3,63.06
2020,4,4,12,30,1031,944,2.1,28.400000000000002,62.7
2020,4,4,12,45,1027,941,2.1,28.400000000000002,62.74
2020,4,4,13,0,635,137,2.1,28.400000000000002,62.68
2020,4,4,13,15,1004,936,2.1,28.400000000000002,62.68
2020,4,4,13,30,986,932,2,28.3,63.04
2020,4,4,13,45,961,919,2,28.3,63.22
2020,4,4,14,0,934,913,2,28.3,63.22
2020,4,4,14,15,902,907,2,28.200000000000003,63.58
2020,4,4,14,30,867,898,1.9000000000000001,28.1,63.89
2020,4,4,14,45,826,886,1.9000000000000001,28.1,63.660000000000004
2020,4,4,15,0,249,12,1.9000000000000001,28,64.04
2020,4,4,15,15,415,95,1.8,27.900000000000002,64.41
2020,4,4,15,30,366,76,1.8,27.8,64.78
2020,4,4,15,45,277,33,1.8,27.700000000000003,64.66
2020,4,4,16,0,31,0,1.7000000000000002,27.5,65.42
2020,4,4,16,15,54,0,1.7000000000000002,27.400000000000002,65.8
2020,4,4,16,30,457,751,1.6,27.200000000000003,66.57000000000001
2020,4,4,16,45,148,5,1.6,27,68.3
2020,4,4,17,0,22,0,1.5,26.8,69.10000000000001
2020,4,4,17,15,271,617,1.5,26.6,69.91
2020,4,4,17,30,210,553,1.4000000000000001,26.3,71.16
2020,4,4,17,45,150,471,1.4000000000000001,26.1,74.66
2020,4,4,18,0,95,367,1.4000000000000001,25.900000000000002,75.55
2020,4,4,18,15,47,232,1.3,25.700000000000003,76.44
2020,4,4,18,30,13,73,1.3,25.5,77.43
2020,4,4,18,45,0,0,1.2000000000000002,25.400000000000002,79.9
2020,4,4,19,0,0,0,1.2000000000000002,25.200000000000003,80.85000000000001
2020,4,4,19,15,0,0,1.2000000000000002,25.200000000000003,80.85000000000001
2020,4,4,19,30,0,0,1.2000000000000002,25.200000000000003,80.85000000000001
2020,4,4,19,45,0,0,1.2000000000000002,25.200000000000003,80.85000000000001
2020,4,4,20,0,0,0,1.1,24.900000000000002,82.39
2020,4,4,20,15,0,0,1.1,24.900000000000002,82.39
2020,4,4,20,30,0,0,1,24.8,82.89
2020,4,4,20,45,0,0,1,24.8,82.69
2020,4,4,21,0,0,0,1,24.700000000000003,83.18
2020,4,4,21,15,0,0,1,24.6,83.68
2020,4,4,21,30,0,0,1.1,24.6,83.68
2020,4,4,21,45,0,0,1.1,24.5,84.33
2020,4,4,22,0,0,0,1.1,24.5,84.33
2020,4,4,22,15,0,0,1.1,24.400000000000002,84.83
2020,4,4,22,30,0,0,1.2000000000000002,24.3,85.34
2020,4,4,22,45,0,0,1.2000000000000002,24.3,85.41
2020,4,4,23,0,0,0,1.2000000000000002,24.200000000000003,85.92
2020,4,4,23,15,0,0,1.1,24.200000000000003,85.92
2020,4,4,23,30,0,0,1.1,24.1,86.44
2020,4,4,23,45,0,0,1.1,24.1,85.45
2020,4,5,0,0,0,0,1,24.1,85.37
2020,4,5,0,15,0,0,0.9,24.1,85.37
2020,4,5,0,30,0,0,0.8,24,85.88
2020,4,5,0,45,0,0,0.7000000000000001,24,84.9
2020,4,5,1,0,0,0,0.6000000000000001,24,84.9
2020,4,5,1,15,0,0,0.6000000000000001,24,84.9
2020,4,5,1,30,0,0,0.6000000000000001,23.900000000000002,85.41
2020,4,5,1,45,0,0,0.5,23.900000000000002,84.87
2020,4,5,2,0,0,0,0.5,23.900000000000002,84.79
2020,4,5,2,15,0,0,0.6000000000000001,23.8,85.3
2020,4,5,2,30,0,0,0.7000000000000001,23.8,85.3
2020,4,5,2,45,0,0,0.7000000000000001,23.700000000000003,85.76
2020,4,5,3,0,0,0,0.8,23.700000000000003,85.76
2020,4,5,3,15,0,0,0.9,23.700000000000003,85.76
2020,4,5,3,30,0,0,1,23.6,86.37
2020,4,5,3,45,0,0,1,23.6,86.66
2020,4,5,4,0,0,0,1.1,23.5,87.18
2020,4,5,4,15,0,0,1.2000000000000002,23.5,87.18
2020,4,5,4,30,0,0,1.2000000000000002,23.5,87.18
2020,4,5,4,45,0,0,1.3,23.5,87.57000000000001
2020,4,5,5,0,0,0,1.3,23.5,87.57000000000001
2020,4,5,5,15,0,0,1.4000000000000001,23.5,87.57000000000001
2020,4,5,5,30,0,0,1.5,23.6,87.04
2020,4,5,5,45,0,0,1.5,23.6,88.74
2020,4,5,6,0,0,0,1.6,23.6,88.83
2020,4,5,6,15,0,0,1.7000000000000002,23.8,87.77
2020,4,5,6,30,28,154,1.8,24,86.72
2020,4,5,6,45,71,313,1.8,24.3,88.57000000000001
2020,4,5,7,0,123,431,1.9000000000000001,24.5,87.52
2020,4,5,7,15,181,523,2,24.700000000000003,86.49
2020,4,5,7,30,241,593,2,24.900000000000002,85.55
2020,4,5,7,45,304,657,2,25.1,82.60000000000001
2020,4,5,8,0,367,702,2.1,25.3,81.62
2020,4,5,8,15,429,740,2.1,25.5,80.66
2020,4,5,8,30,489,771,2.1,25.8,79.25
2020,4,5,8,45,549,800,2.1,26,76.7
2020,4,5,9,0,606,822,2.1,26.3,75.36
2020,4,5,9,15,661,841,2.1,26.5,74.48
2020,4,5,9,30,713,858,2.1,26.8,73.18
2020,4,5,9,45,762,872,2.1,27,71.83
2020,4,5,10,0,809,886,2.1,27.3,70.59
2020,4,5,10,15,851,897,2,27.5,69.77
2020,4,5,10,30,889,906,2,27.6,69.36
2020,4,5,10,45,909,862,2,27.8,68.61
2020,4,5,11,0,938,869,1.9000000000000001,28,67.82000000000001
2020,4,5,11,15,962,874,1.9000000000000001,28.200000000000003,67.04
2020,4,5,11,30,982,878,1.9000000000000001,28.3,66.65
2020,4,5,11,45,998,884,1.9000000000000001,28.400000000000002,66.08
2020,4,5,12,0,1010,886,1.8,28.6,65.32000000000001
2020,4,5,12,15,1016,888,1.8,28.6,65.32000000000001
2020,4,5,12,30,1017,888,1.8,28.700000000000003,64.87
2020,4,5,12,45,1011,883,1.8,28.700000000000003,66.13
2020,4,5,13,0,615,119,1.7000000000000002,28.8,65.75
2020,4,5,13,15,989,878,1.8,28.8,65.75
2020,4,5,13,30,468,47,1.8,28.8,65.75
2020,4,5,13,45,520,77,1.8,28.700000000000003,66.83
2020,4,5,14,0,338,20,1.8,28.700000000000003,66.76
2020,4,5,14,15,221,10,1.9000000000000001,28.700000000000003,66.76
2020,4,5,14,30,179,6,1.9000000000000001,28.6,67.15
2020,4,5,14,45,129,0,2,28.5,66.92
2020,4,5,15,0,74,0,2,28.400000000000002,67.31
2020,4,5,15,15,140,0,2.1,28.3,67.7
2020,4,5,15,30,176,3,2.2,28.200000000000003,68.09
2020,4,5,15,45,219,11,2.3000000000000003,28,67.74
2020,4,5,16,0,266,40,2.5,27.900000000000002,68.13
2020,4,5,16,15,189,10,2.5,27.700000000000003,68.93
2020,4,5,16,30,91,0,2.6,27.5,69.73
2020,4,5,16,45,15,0,2.7,27.3,71.10000000000001
2020,4,5,17,0,74,0,2.8000000000000003,27.1,72
2020,4,5,17,15,25,0,2.8000000000000003,26.8,73.28
2020,4,5,17,30,195,418,2.8000000000000003,26.6,74.14
2020,4,5,17,45,137,323,2.8000000000000003,26.3,77.93
2020,4,5,18,0,85,226,2.8000000000000003,26.1,78.86
2020,4,5,18,15,41,117,2.8000000000000003,25.900000000000002,79.87
2020,4,5,18,30,10,22,2.9000000000000004,25.700000000000003,80.82000000000001
2020,4,5,18,45,0,0,2.9000000000000004,25.6,83.08
2020,4,5,19,0,0,0,2.9000000000000004,25.400000000000002,84.07000000000001
2020,4,5,19,15,0,0,2.9000000000000004,25.400000000000002,84.07000000000001
2020,4,5,19,30,0,0,2.9000000000000004,25.400000000000002,84.07000000000001
2020,4,5,19,45,0,0,2.9000000000000004,25.400000000000002,84.07000000000001
2020,4,5,20,0,0,0,3.1,25.1,86.45
2020,4,5,20,15,0,0,3.1,25,86.97
2020,4,5,20,30,0,0,3.1,25,86.97
2020,4,5,20,45,0,0,3.1,24.900000000000002,88.09
2020,4,5,21,0,0,0,3.1,24.8,88.61
2020,4,5,21,15,0,0,3.2,24.8,88.61
2020,4,5,21,30,0,0,3.2,24.700000000000003,89.14
2020,4,5,21,45,0,0,3.2,24.700000000000003,89.23
2020,4,5,22,0,0,0,3.2,24.6,89.77
2020,4,5,22,15,0,0,3.2,24.6,89.77
2020,4,5,22,30,0,0,3.2,24.5,90.3
2020,4,5,22,45,0,0,3.2,24.5,90.02
2020,4,5,23,0,0,0,3.2,24.400000000000002,90.55
2020,4,5,23,15,0,0,3.1,24.400000000000002,90.55
2020,4,5,23,30,0,0,3.1,24.3,91
2020,4,5,23,45,0,0,3,24.3,90.45
2020,4,6,0,0,0,0,3,24.200000000000003,90.99
2020,4,6,0,15,0,0,3,24.200000000000003,90.99
2020,4,6,0,30,0,0,2.9000000000000004,24.200000000000003,90.99
2020,4,6,0,45,0,0,2.9000000000000004,24.1,90.93
2020,4,6,1,0,0,0,2.8000000000000003,24.1,90.84
2020,4,6,1,15,0,0,2.8000000000000003,24.1,90.84
2020,4,6,1,30,0,0,2.8000000000000003,24,91.38
2020,4,6,1,45,0,0,2.8000000000000003,24,90.8
2020,4,6,2,0,0,0,2.7,24,90.8
2020,4,6,2,15,0,0,2.7,24,90.8
2020,4,6,2,30,0,0,2.7,24,90.8
2020,4,6,2,45,0,0,2.7,24,90.41
2020,4,6,3,0,0,0,2.6,24,90.41
2020,4,6,3,15,0,0,2.6,24,90.41
2020,4,6,3,30,0,0,2.6,23.900000000000002,90.95
2020,4,6,3,45,0,0,2.6,23.900000000000002,90.55
2020,4,6,4,0,0,0,2.6,23.900000000000002,90.55
2020,4,6,4,15,0,0,2.6,23.900000000000002,90.55
2020,4,6,4,30,0,0,2.6,23.900000000000002,90.55
2020,4,6,4,45,0,0,2.6,23.900000000000002,90.43
2020,4,6,5,0,0,0,2.6,23.900000000000002,90.43
2020,4,6,5,15,0,0,2.6,24,89.89
2020,4,6,5,30,0,0,2.6,24,89.98
2020,4,6,5,45,0,0,2.7,24.1,90.32000000000001
2020,4,6,6,0,0,0,2.7,24.1,90.32000000000001
2020,4,6,6,15,0,0,2.7,24.3,89.25
2020,4,6,6,30,25,95,2.8000000000000003,24.5,88.19
2020,4,6,6,45,65,219,2.9000000000000004,24.700000000000003,88.73
2020,4,6,7,0,115,327,3,24.900000000000002,87.68
2020,4,6,7,15,170,415,3,25.1,86.73
2020,4,6,7,30,229,487,3,25.3,85.71000000000001
2020,4,6,7,45,289,549,3,25.5,82.81
2020,4,6,8,0,350,598,3,25.700000000000003,81.83
2020,4,6,8,15,410,639,3,26,80.4
2020,4,6,8,30,470,675,3,26.200000000000003,79.46000000000001
2020,4,6,8,45,528,705,3,26.5,76.51
2020,4,6,9,0,585,731,3,26.8,75.17
2020,4,6,9,15,639,753,3,27,74.3
2020,4,6,9,30,690,772,2.9000000000000004,27.200000000000003,73.44
2020,4,6,9,45,737,787,2.9000000000000004,27.400000000000002,72.07000000000001
2020,4,6,10,0,782,802,2.9000000000000004,27.6,71.23
2020,4,6,10,15,534,146,2.9000000000000004,27.8,70.41
2020,4,6,10,30,862,824,2.8000000000000003,27.900000000000002,70
2020,4,6,10,45,685,277,2.8000000000000003,28.1,69.77
2020,4,6,11,0,614,159,2.8000000000000003,28.200000000000003,69.37
2020,4,6,11,15,951,853,2.8000000000000003,28.3,68.97
2020,4,6,11,30,971,858,2.8000000000000003,28.400000000000002,68.57000000000001
2020,4,6,11,45,986,861,2.7,28.5,68.48
2020,4,6,12,0,996,862,2.7,28.6,68.01
2020,4,6,12,15,1003,863,2.7,28.6,68.01
2020,4,6,12,30,1004,864,2.6,28.700000000000003,67.62
2020,4,6,12,45,1000,861,2.6,28.700000000000003,68.06
2020,4,6,13,0,991,859,2.5,28.8,67.66
2020,4,6,13,15,978,856,2.5,28.700000000000003,67.99
2020,4,6,13,30,960,852,2.5,28.700000000000003,67.99
2020,4,6,13,45,933,828,2.4000000000000004,28.700000000000003,68.68
2020,4,6,14,0,907,821,2.4000000000000004,28.700000000000003,68.68
2020,4,6,14,15,453,58,2.4000000000000004,28.6,69.08
2020,4,6,14,30,840,803,2.4000000000000004,28.6,69.08
2020,4,6,14,45,800,789,2.4000000000000004,28.5,69.98
2020,4,6,15,0,757,775,2.4000000000000004,28.400000000000002,70.32000000000001
2020,4,6,15,15,209,7,2.4000000000000004,28.3,70.73
2020,4,6,15,30,660,739,2.5,28.200000000000003,71.14
2020,4,6,15,45,607,714,2.6,28,72.11
2020,4,6,16,0,183,5,2.6,27.900000000000002,72.53
2020,4,6,16,15,126,0,2.7,27.700000000000003,73.45
2020,4,6,16,30,80,0,2.7,27.5,74.31
2020,4,6,16,45,376,580,2.8000000000000003,27.3,75.83
2020,4,6,17,0,315,532,2.8000000000000003,27.1,76.72
2020,4,6,17,15,255,475,2.8000000000000003,26.8,78.08
2020,4,6,17,30,196,407,2.9000000000000004,26.5,79.47
2020,4,6,17,45,139,324,2.9000000000000004,26.3,82.25
2020,4,6,18,0,87,226,2.9000000000000004,26,83.72
2020,4,6,18,15,42,113,3,25.900000000000002,84.3
2020,4,6,18,30,11,19,3,25.700000000000003,85.3
2020,4,6,18,45,0,0,3.1,25.6,86.81
2020,4,6,19,0,0,0,3.1,25.400000000000002,87.84
2020,4,6,19,15,0,0,3.1,25.400000000000002,87.84
2020,4,6,19,30,0,0,3.1,25.400000000000002,87.84
2020,4,6,19,45,0,0,3.1,25.400000000000002,87.84
2020,4,6,20,0,0,0,3.3000000000000003,25.1,89.64
2020,4,6,20,15,0,0,3.3000000000000003,25,90.18
2020,4,6,20,30,0,0,3.3000000000000003,25,90.18
2020,4,6,20,45,0,0,3.3000000000000003,24.900000000000002,90.61
2020,4,6,21,0,0,0,3.3000000000000003,24.900000000000002,90.61
2020,4,6,21,15,0,0,3.2,24.8,91.15
2020,4,6,21,30,0,0,3.2,24.8,91.15
2020,4,6,21,45,0,0,3.2,24.700000000000003,91.54
2020,4,6,22,0,0,0,3.2,24.700000000000003,91.63
2020,4,6,22,15,0,0,3.2,24.6,92.08
2020,4,6,22,30,0,0,3.1,24.6,92.08
2020,4,6,22,45,0,0,3.1,24.5,92.37
2020,4,6,23,0,0,0,3.1,24.5,92.37
2020,4,6,23,15,0,0,3,24.5,92.37
2020,4,6,23,30,0,0,3,24.400000000000002,92.92
2020,4,6,23,45,0,0,2.9000000000000004,24.400000000000002,92.39
2020,4,7,0,0,0,0,2.9000000000000004,24.3,92.94
2020,4,7,0,15,0,0,2.9000000000000004,24.3,92.94
2020,4,7,0,30,0,0,2.8000000000000003,24.3,92.94
2020,4,7,0,45,0,0,2.8000000000000003,24.3,92.43
2020,4,7,1,0,0,0,2.7,24.200000000000003,92.89
2020,4,7,1,15,0,0,2.7,24.200000000000003,92.89
2020,4,7,1,30,0,0,2.7,24.200000000000003,92.89
2020,4,7,1,45,0,0,2.6,24.200000000000003,92.33
2020,4,7,2,0,0,0,2.6,24.200000000000003,92.33
2020,4,7,2,15,0,0,2.6,24.200000000000003,92.33
2020,4,7,2,30,0,0,2.6,24.200000000000003,92.33
2020,4,7,2,45,0,0,2.6,24.1,92.5
2020,4,7,3,0,0,0,2.6,24.1,92.5
2020,4,7,3,15,0,0,2.7,24.1,92.5
2020,4,7,3,30,0,0,2.7,24.1,92.5
2020,4,7,3,45,0,0,2.7,24.1,92.23
2020,4,7,4,0,0,0,2.8000000000000003,24.1,92.23
2020,4,7,4,15,0,0,2.8000000000000003,24,92.78
2020,4,7,4,30,0,0,2.8000000000000003,24,92.78
2020,4,7,4,45,0,0,2.8000000000000003,24,92.57000000000001
2020,4,7,5,0,0,0,2.9000000000000004,24,92.57000000000001
2020,4,7,5,15,0,0,2.9000000000000004,24,92.57000000000001
2020,4,7,5,30,0,0,2.9000000000000004,24.1,92.01
2020,4,7,5,45,0,0,3,24.1,92.60000000000001
2020,4,7,6,0,0,0,3,24.1,92.60000000000001
2020,4,7,6,15,0,0,3.1,24.3,91.5
2020,4,7,6,30,27,78,3.2,24.5,90.42
2020,4,7,6,45,68,199,3.2,24.700000000000003,90.22
2020,4,7,7,0,118,310,3.3000000000000003,24.900000000000002,89.25
2020,4,7,7,15,150,288,3.3000000000000003,25.1,88.19
2020,4,7,7,30,233,476,3.2,25.3,87.15
2020,4,7,7,45,293,536,3.2,25.6,83.87
2020,4,7,8,0,322,457,3.2,25.8,82.89
2020,4,7,8,15,296,204,3.1,26,81.92
2020,4,7,8,30,474,664,3,26.3,80.48
2020,4,7,8,45,532,692,2.9000000000000004,26.5,77.85000000000001
2020,4,7,9,0,420,213,2.9000000000000004,26.8,76.49
2020,4,7,9,15,482,259,2.8000000000000003,27,75.60000000000001
2020,4,7,9,30,451,150,2.7,27.200000000000003,74.72
2020,4,7,9,45,740,773,2.6,27.5,72.64
2020,4,7,10,0,785,788,2.5,27.700000000000003,71.8
2020,4,7,10,15,826,801,2.5,27.8,71.38
2020,4,7,10,30,863,812,2.4000000000000004,27.900000000000002,70.97
2020,4,7,10,45,530,99,2.4000000000000004,28.1,70.60000000000001
2020,4,7,11,0,519,80,2.4000000000000004,28.200000000000003,70.2
2020,4,7,11,15,949,833,2.4000000000000004,28.3,69.72
2020,4,7,11,30,290,15,2.5,28.3,69.72
2020,4,7,11,45,483,47,2.5,28.400000000000002,69.77
2020,4,7,12,0,995,841,2.5,28.5,69.37
2020,4,7,12,15,1001,843,2.5,28.5,69.37
2020,4,7,12,30,606,106,2.6,28.5,69.37
2020,4,7,12,45,395,24,2.6,28.5,69.36
2020,4,7,13,0,107,0,2.6,28.5,69.36
2020,4,7,13,15,143,2,2.6,28.5,69.36
2020,4,7,13,30,138,1,2.7,28.400000000000002,69.77
2020,4,7,13,45,185,7,2.7,28.400000000000002,69.64
2020,4,7,14,0,126,0,2.7,28.400000000000002,69.57000000000001
2020,4,7,14,15,334,21,2.7,28.3,69.97
2020,4,7,14,30,83,0,2.8000000000000003,28.3,69.97
2020,4,7,14,45,59,0,2.8000000000000003,28.200000000000003,69.97
2020,4,7,15,0,57,0,2.9000000000000004,28.200000000000003,69.97
2020,4,7,15,15,177,4,2.9000000000000004,28.1,70.38
2020,4,7,15,30,284,26,2.9000000000000004,27.900000000000002,71.2
2020,4,7,15,45,300,45,3,27.8,71.53
2020,4,7,16,0,51,0,3,27.700000000000003,71.95
2020,4,7,16,15,98,0,3.1,27.5,72.79
2020,4,7,16,30,19,0,3.2,27.3,73.65
2020,4,7,16,45,16,0,3.2,27.1,75.24
2020,4,7,17,0,13,0,3.3000000000000003,26.900000000000002,76.12
2020,4,7,17,15,256,483,3.3000000000000003,26.6,77.47
2020,4,7,17,30,197,414,3.4000000000000004,26.400000000000002,78.39
2020,4,7,17,45,141,336,3.4000000000000004,26.200000000000003,80.86
2020,4,7,18,0,89,233,3.4000000000000004,25.900000000000002,82.3
2020,4,7,18,15,43,115,3.5,25.8,82.79
2020,4,7,18,30,11,16,3.5,25.6,83.77
2020,4,7,18,45,0,0,3.6,25.5,85.34
2020,4,7,19,0,0,0,3.6,25.3,86.36
2020,4,7,19,15,0,0,3.6,25.3,86.36
2020,4,7,19,30,0,0,3.6,25.3,86.36
2020,4,7,19,45,0,0,3.6,25.3,86.36
2020,4,7,20,0,0,0,3.6,25,88.56
2020,4,7,20,15,0,0,3.5,24.900000000000002,89.09
2020,4,7,20,30,0,0,3.5,24.8,89.62
2020,4,7,20,45,0,0,3.5,24.8,90.14
2020,4,7,21,0,0,0,3.4000000000000004,24.700000000000003,90.68
2020,4,7,21,15,0,0,3.4000000000000004,24.6,91.22
2020,4,7,21,30,0,0,3.4000000000000004,24.6,91.22
2020,4,7,21,45,0,0,3.4000000000000004,24.6,91.23
2020,4,7,22,0,0,0,3.3000000000000003,24.5,91.78
2020,4,7,22,15,0,0,3.3000000000000003,24.5,91.78
2020,4,7,22,30,0,0,3.3000000000000003,24.400000000000002,92.33
2020,4,7,22,45,0,0,3.3000000000000003,24.400000000000002,92.02
2020,4,7,23,0,0,0,3.2,24.400000000000002,92.02
2020,4,7,23,15,0,0,3.2,24.3,92.57000000000001
2020,4,7,23,30,0,0,3.2,24.3,92.57000000000001
2020,4,7,23,45,0,0,3.2,24.3,92.53
2020,4,8,0,0,0,0,3.2,24.3,92.53
2020,4,8,0,15,0,0,3.2,24.3,92.44
2020,4,8,0,30,0,0,3.2,24.200000000000003,92.99
2020,4,8,0,45,0,0,3.2,24.200000000000003,93.05
2020,4,8,1,0,0,0,3.2,24.200000000000003,93.05
2020,4,8,1,15,0,0,3.3000000000000003,24.200000000000003,93.05
2020,4,8,1,30,0,0,3.3000000000000003,24.200000000000003,92.96000000000001
2020,4,8,1,45,0,0,3.3000000000000003,24.200000000000003,93.02
2020,4,8,2,0,0,0,3.3000000000000003,24.1,93.58
2020,4,8,2,15,0,0,3.3000000000000003,24.1,93.58
2020,4,8,2,30,0,0,3.4000000000000004,24.1,93.58
2020,4,8,2,45,0,0,3.4000000000000004,24.1,93.68
2020,4,8,3,0,0,0,3.4000000000000004,24.1,93.68
2020,4,8,3,15,0,0,3.4000000000000004,24.1,93.68
2020,4,8,3,30,0,0,3.4000000000000004,24.1,93.68
2020,4,8,3,45,0,0,3.4000000000000004,24.1,93.82000000000001
2020,4,8,4,0,0,0,3.4000000000000004,24.1,93.82000000000001
2020,4,8,4,15,0,0,3.4000000000000004,24.1,93.82000000000001
2020,4,8,4,30,0,0,3.4000000000000004,24.1,93.82000000000001
2020,4,8,4,45,0,0,3.4000000000000004,24.1,93.88
2020,4,8,5,0,0,0,3.4000000000000004,24.1,93.88
2020,4,8,5,15,0,0,3.4000000000000004,24.1,93.88
2020,4,8,5,30,0,0,3.4000000000000004,24.1,93.88
2020,4,8,5,45,0,0,3.4000000000000004,24.1,94.12
2020,4,8,6,0,0,0,3.4000000000000004,24.200000000000003,93.56
2020,4,8,6,15,0,0,3.5,24.3,93
2020,4,8,6,30,32,139,3.5,24.400000000000002,92.45
2020,4,8,6,45,75,296,3.6,24.5,92.79
2020,4,8,7,0,127,413,3.6,24.6,92.24
2020,4,8,7,15,184,503,3.6,24.8,91.15
2020,4,8,7,30,244,574,3.7,24.900000000000002,90.61
2020,4,8,7,45,107,0,3.7,25.1,88.2
2020,4,8,8,0,163,22,3.7,25.200000000000003,87.68
2020,4,8,8,15,54,0,3.7,25.5,86.13
2020,4,8,8,30,121,0,3.7,25.700000000000003,85.12
2020,4,8,8,45,240,29,3.7,25.900000000000002,82.25
2020,4,8,9,0,226,14,3.7,26.1,81.29
2020,4,8,9,15,183,4,3.7,26.3,80.34
2020,4,8,9,30,99,0,3.6,26.5,79.4
2020,4,8,9,45,112,0,3.6,26.700000000000003,77.83
2020,4,8,10,0,182,5,3.6,26.8,77.37
2020,4,8,10,15,118,0,3.6,27,76.47
2020,4,8,10,30,378,31,3.6,27.1,76.03
2020,4,8,10,45,469,60,3.6,27.3,75.37
2020,4,8,11,0,191,8,3.6,27.400000000000002,74.93
2020,4,8,11,15,324,17,3.6,27.5,74.49
2020,4,8,11,30,985,902,3.6,27.5,74.49
2020,4,8,11,45,999,902,3.6,27.6,74.57000000000001
2020,4,8,12,0,1010,904,3.6,27.700000000000003,74.14
2020,4,8,12,15,146,2,3.6,27.700000000000003,74.14
2020,4,8,12,30,1017,906,3.6,27.700000000000003,74.14
2020,4,8,12,45,381,22,3.6,27.700000000000003,74.55
2020,4,8,13,0,432,32,3.6,27.8,74.12
2020,4,8,13,15,393,25,3.6,27.700000000000003,74.55
2020,4,8,13,30,148,2,3.6,27.700000000000003,74.55
2020,4,8,13,45,464,49,3.5,27.700000000000003,74.84
2020,4,8,14,0,66,0,3.5,27.6,75.2
2020,4,8,14,15,208,9,3.5,27.6,75.2
2020,4,8,14,30,150,2,3.4000000000000004,27.5,75.64
2020,4,8,14,45,798,785,3.4000000000000004,27.400000000000002,76.23
2020,4,8,15,0,264,14,3.3000000000000003,27.3,76.68
2020,4,8,15,15,344,44,3.2,27.200000000000003,77.12
2020,4,8,15,30,289,28,3.2,27.1,77.58
2020,4,8,15,45,249,20,3.1,27,78.42
2020,4,8,16,0,209,12,3,26.900000000000002,78.88
2020,4,8,16,15,22,0,2.9000000000000004,26.700000000000003,79.81
2020,4,8,16,30,438,639,2.8000000000000003,26.6,80.28
2020,4,8,16,45,380,611,2.7,26.400000000000002,82
2020,4,8,17,0,319,564,2.7,26.200000000000003,82.97
2020,4,8,17,15,85,0,2.6,26.1,83.46000000000001
2020,4,8,17,30,200,440,2.5,25.900000000000002,84.53
2020,4,8,17,45,144,365,2.4000000000000004,25.700000000000003,87.01
2020,4,8,18,0,91,261,2.3000000000000003,25.5,88.05
2020,4,8,18,15,45,138,2.3000000000000003,25.400000000000002,88.57000000000001
2020,4,8,18,30,12,24,2.3000000000000003,25.3,89.09
2020,4,8,18,45,0,0,2.3000000000000003,25.200000000000003,90.02
2020,4,8,19,0,0,0,2.2,25.1,90.56
2020,4,8,19,15,0,0,2.2,25.1,90.56
2020,4,8,19,30,0,0,2.2,25.1,90.56
2020,4,8,19,45,0,0,2.2,25.1,90.56
2020,4,8,20,0,0,0,2.3000000000000003,24.900000000000002,91.65
2020,4,8,20,15,0,0,2.3000000000000003,24.900000000000002,91.65
2020,4,8,20,30,0,0,2.4000000000000004,24.900000000000002,91.65
2020,4,8,20,45,0,0,2.4000000000000004,24.900000000000002,91.64
2020,4,8,21,0,0,0,2.4000000000000004,24.900000000000002,91.64
2020,4,8,21,15,0,0,2.4000000000000004,24.8,92.19
2020,4,8,21,30,0,0,2.4000000000000004,24.8,92.19
2020,4,8,21,45,0,0,2.5,24.8,92.28
2020,4,8,22,0,0,0,2.5,24.8,92.28
2020,4,8,22,15,0,0,2.5,24.700000000000003,92.83
2020,4,8,22,30,0,0,2.5,24.700000000000003,92.83
2020,4,8,22,45,0,0,2.5,24.6,93.21000000000001
2020,4,8,23,0,0,0,2.5,24.6,93.21000000000001
2020,4,8,23,15,0,0,2.5,24.6,93.21000000000001
2020,4,8,23,30,0,0,2.5,24.5,93.76
2020,4,8,23,45,0,0,2.5,24.5,93.4
2020,4,9,0,0,0,0,2.5,24.5,93.4
2020,4,9,0,15,0,0,2.4000000000000004,24.5,93.31
2020,4,9,0,30,0,0,2.4000000000000004,24.400000000000002,93.87
2020,4,9,0,45,0,0,2.4000000000000004,24.400000000000002,93.47
2020,4,9,1,0,0,0,2.4000000000000004,24.400000000000002,93.47
2020,4,9,1,15,0,0,2.3000000000000003,24.3,94.03
2020,4,9,1,30,0,0,2.3000000000000003,24.3,94.03
2020,4,9,1,45,0,0,2.2,24.3,92.96000000000001
2020,4,9,2,0,0,0,2.2,24.200000000000003,93.52
2020,4,9,2,15,0,0,2.2,24.200000000000003,93.52
2020,4,9,2,30,0,0,2.1,24.200000000000003,93.52
2020,4,9,2,45,0,0,2.1,24.200000000000003,92.54
2020,4,9,3,0,0,0,2,24.200000000000003,92.54
2020,4,9,3,15,0,0,2,24.200000000000003,92.54
2020,4,9,3,30,0,0,2,24.200000000000003,92.54
2020,4,9,3,45,0,0,2,24.200000000000003,91.45
2020,4,9,4,0,0,0,1.9000000000000001,24.200000000000003,91.45
2020,4,9,4,15,0,0,1.9000000000000001,24.200000000000003,91.45
2020,4,9,4,30,0,0,1.9000000000000001,24.200000000000003,91.45
2020,4,9,4,45,0,0,1.9000000000000001,24.200000000000003,90.68
2020,4,9,5,0,0,0,1.9000000000000001,24.200000000000003,90.68
2020,4,9,5,15,0,0,1.9000000000000001,24.3,90.14
2020,4,9,5,30,0,0,1.9000000000000001,24.3,90.14
2020,4,9,5,45,0,0,1.9000000000000001,24.400000000000002,90.60000000000001
2020,4,9,6,0,0,0,1.9000000000000001,24.5,90.06
2020,4,9,6,15,0,0,2,24.700000000000003,89.09
2020,4,9,6,30,33,141,2.1,24.900000000000002,88.03
2020,4,9,6,45,77,278,2.2,25.200000000000003,88.76
2020,4,9,7,0,129,393,2.2,25.400000000000002,87.71000000000001
2020,4,9,7,15,186,482,2.3000000000000003,25.5,87.2
2020,4,9,7,30,246,553,2.4000000000000004,25.700000000000003,86.17
2020,4,9,7,45,306,602,2.4000000000000004,25.8,82.15
2020,4,9,8,0,368,649,2.5,26,81.18
2020,4,9,8,15,429,688,2.6,26.200000000000003,80.23
2020,4,9,8,30,489,721,2.6,26.5,78.91
2020,4,9,8,45,546,741,2.7,26.700000000000003,76.71000000000001
2020,4,9,9,0,603,765,2.7,27,75.38
2020,4,9,9,15,657,786,2.7,27.1,74.94
2020,4,9,9,30,708,805,2.8000000000000003,27.3,73.99
2020,4,9,9,45,756,819,2.8000000000000003,27.5,73.47
2020,4,9,10,0,801,832,2.8000000000000003,27.700000000000003,72.62
2020,4,9,10,15,842,843,2.8000000000000003,27.8,72.2
2020,4,9,10,30,879,853,2.9000000000000004,27.900000000000002,71.78
2020,4,9,10,45,915,869,2.9000000000000004,28,71.79
2020,4,9,11,0,944,876,2.9000000000000004,28.1,71.38
2020,4,9,11,15,968,882,2.8000000000000003,28.200000000000003,70.97
2020,4,9,11,30,988,886,2.8000000000000003,28.200000000000003,70.9
2020,4,9,11,45,1004,891,2.8000000000000003,28.3,70.02
2020,4,9,12,0,1015,893,2.8000000000000003,28.400000000000002,69.61
2020,4,9,12,15,1020,895,2.8000000000000003,28.400000000000002,69.61
2020,4,9,12,30,1021,895,2.7,28.400000000000002,69.61
2020,4,9,12,45,1017,894,2.7,28.5,68.41
2020,4,9,13,0,1009,892,2.7,28.5,68.34
2020,4,9,13,15,995,889,2.7,28.5,68.34
2020,4,9,13,30,977,885,2.6,28.5,68.34
2020,4,9,13,45,956,888,2.6,28.5,67.83
2020,4,9,14,0,928,882,2.6,28.400000000000002,68.23
2020,4,9,14,15,897,874,2.6,28.400000000000002,68.23
2020,4,9,14,30,861,865,2.6,28.3,68.62
2020,4,9,14,45,821,855,2.6,28.200000000000003,69.05
2020,4,9,15,0,777,843,2.6,28.200000000000003,68.98
2020,4,9,15,15,730,829,2.6,28.1,69.38
2020,4,9,15,30,680,812,2.6,27.900000000000002,70.19
2020,4,9,15,45,627,796,2.6,27.8,70.98
2020,4,9,16,0,572,774,2.6,27.700000000000003,71.39
2020,4,9,16,15,514,748,2.6,27.6,71.81
2020,4,9,16,30,454,718,2.5,27.400000000000002,72.72
2020,4,9,16,45,394,684,2.5,27.200000000000003,73.95
2020,4,9,17,0,332,641,2.4000000000000004,27.1,74.38
2020,4,9,17,15,270,590,2.3000000000000003,26.8,75.7
2020,4,9,17,30,210,524,2.2,26.5,77.04
2020,4,9,17,45,151,447,2.2,26.3,79.77
2020,4,9,18,0,96,341,2.1,26,81.2
2020,4,9,18,15,49,204,2.1,25.8,82.16
2020,4,9,18,30,14,52,2,25.6,83.13
2020,4,9,18,45,0,0,2,25.5,85.04
2020,4,9,19,0,0,0,2,25.3,86.05
2020,4,9,19,15,0,0,2,25.3,86.05
2020,4,9,19,30,0,0,2,25.3,86.05
2020,4,9,19,45,0,0,2,25.3,86.05
2020,4,9,20,0,0,0,1.9000000000000001,25,86.4
2020,4,9,20,15,0,0,1.8,25,86.4
2020,4,9,20,30,0,0,1.8,24.900000000000002,86.92
2020,4,9,20,45,0,0,1.7000000000000002,24.900000000000002,85.79
2020,4,9,21,0,0,0,1.6,24.900000000000002,85.87
2020,4,9,21,15,0,0,1.6,24.900000000000002,85.87
2020,4,9,21,30,0,0,1.5,24.8,86.38
2020,4,9,21,45,0,0,1.4000000000000001,24.8,85.27
2020,4,9,22,0,0,0,1.4000000000000001,24.8,85.27
2020,4,9,22,15,0,0,1.3,24.8,85.27
2020,4,9,22,30,0,0,1.3,24.8,85.27
2020,4,9,22,45,0,0,1.2000000000000002,24.8,84.42
2020,4,9,23,0,0,0,1.2000000000000002,24.700000000000003,84.92
2020,4,9,23,15,0,0,1.2000000000000002,24.700000000000003,84.92
2020,4,9,23,30,0,0,1.2000000000000002,24.700000000000003,84.92
2020,4,9,23,45,0,0,1.2000000000000002,24.700000000000003,84.05
2020,4,10,0,0,0,0,1.2000000000000002,24.700000000000003,83.97
2020,4,10,0,15,0,0,1.2000000000000002,24.700000000000003,83.97
2020,4,10,0,30,0,0,1.3,24.6,84.47
2020,4,10,0,45,0,0,1.3,24.6,84.12
2020,4,10,1,0,0,0,1.3,24.5,84.62
2020,4,10,1,15,0,0,1.4000000000000001,24.5,84.62
2020,4,10,1,30,0,0,1.5,24.400000000000002,85.13
2020,4,10,1,45,0,0,1.6,24.400000000000002,85.11
2020,4,10,2,0,0,0,1.7000000000000002,24.3,85.54
2020,4,10,2,15,0,0,1.8,24.200000000000003,86.05
2020,4,10,2,30,0,0,1.9000000000000001,24.200000000000003,86.05
2020,4,10,2,45,0,0,2,24.1,86.7
2020,4,10,3,0,0,0,2.1,24,87.22
2020,4,10,3,15,0,0,2.1,24,87.22
2020,4,10,3,30,0,0,2.2,23.900000000000002,87.74
2020,4,10,3,45,0,0,2.2,23.900000000000002,87.56
2020,4,10,4,0,0,0,2.3000000000000003,23.900000000000002,87.56
2020,4,10,4,15,0,0,2.3000000000000003,23.8,88.09
2020,4,10,4,30,0,0,2.3000000000000003,23.8,88.09
2020,4,10,4,45,0,0,2.3000000000000003,23.8,87.79
2020,4,10,5,0,0,0,2.3000000000000003,23.8,87.79
2020,4,10,5,15,0,0,2.3000000000000003,23.900000000000002,87.27
2020,4,10,5,30,0,0,2.2,23.900000000000002,87.35000000000001
2020,4,10,5,45,0,0,2.2,24,87.54
2020,4,10,6,0,0,0,2.2,24.1,87.02
2020,4,10,6,15,0,0,2.2,24.400000000000002,85.47
2020,4,10,6,30,37,172,2.3000000000000003,24.700000000000003,83.96000000000001
2020,4,10,6,45,82,318,2.3000000000000003,25,82.62
2020,4,10,7,0,136,434,2.3000000000000003,25.3,81.25
2020,4,10,7,15,194,523,2.3000000000000003,25.5,80.29
2020,4,10,7,30,255,593,2.3000000000000003,25.700000000000003,79.35000000000001
2020,4,10,7,45,317,648,2.3000000000000003,25.900000000000002,77.54
2020,4,10,8,0,380,693,2.3000000000000003,26.1,76.63
2020,4,10,8,15,442,731,2.3000000000000003,26.400000000000002,75.29
2020,4,10,8,30,502,762,2.3000000000000003,26.6,74.41
2020,4,10,8,45,560,787,2.3000000000000003,26.8,73.43
2020,4,10,9,0,617,809,2.3000000000000003,27,72.57000000000001
2020,4,10,9,15,672,829,2.3000000000000003,27.200000000000003,71.73
2020,4,10,9,30,723,845,2.3000000000000003,27.400000000000002,70.9
2020,4,10,9,45,772,860,2.2,27.6,70.95
2020,4,10,10,0,817,873,2.2,27.8,70.13
2020,4,10,10,15,859,883,2.2,28,69.32000000000001
2020,4,10,10,30,895,890,2.2,28.1,68.92
2020,4,10,10,45,928,900,2.2,28.3,68.09
2020,4,10,11,0,958,907,2.2,28.5,67.31
2020,4,10,11,15,982,912,2.2,28.6,66.85
2020,4,10,11,30,1002,916,2.2,28.700000000000003,66.47
2020,4,10,11,45,1017,917,2.3000000000000003,28.8,65.49
2020,4,10,12,0,1027,919,2.3000000000000003,28.900000000000002,65.11
2020,4,10,12,15,1033,920,2.4000000000000004,28.900000000000002,65.11
2020,4,10,12,30,685,173,2.4000000000000004,29,64.74
2020,4,10,12,45,652,143,2.5,29,64.65
2020,4,10,13,0,644,142,2.5,29.1,64.28
2020,4,10,13,15,1004,908,2.6,29,64.65
2020,4,10,13,30,986,904,2.7,29,64.65
2020,4,10,13,45,957,878,2.7,29,65.14
2020,4,10,14,0,929,871,2.8000000000000003,29,65.14
2020,4,10,14,15,897,864,2.9000000000000004,28.900000000000002,65.52
2020,4,10,14,30,862,854,2.9000000000000004,28.8,65.83
2020,4,10,14,45,821,838,3,28.8,66.56
2020,4,10,15,0,775,823,3,28.700000000000003,66.94
2020,4,10,15,15,728,808,3,28.5,67.72
2020,4,10,15,30,678,791,3.1,28.400000000000002,68.11
2020,4,10,15,45,623,764,3.1,28.3,69.43
2020,4,10,16,0,567,740,3.1,28.1,70.24
2020,4,10,16,15,510,713,3.1,27.900000000000002,71.06
2020,4,10,16,30,450,681,3.1,27.700000000000003,71.96000000000001
2020,4,10,16,45,388,636,3.1,27.6,73.17
2020,4,10,17,0,327,590,3.1,27.400000000000002,74.03
2020,4,10,17,15,266,535,3.1,27.1,75.34
2020,4,10,17,30,206,467,3,26.900000000000002,76.22
2020,4,10,17,45,148,384,3,26.6,79.19
2020,4,10,18,0,94,280,2.9000000000000004,26.400000000000002,80.13
2020,4,10,18,15,47,154,2.9000000000000004,26.200000000000003,81.08
2020,4,10,18,30,13,32,2.9000000000000004,26.1,81.56
2020,4,10,18,45,0,0,2.9000000000000004,25.900000000000002,83.74
2020,4,10,19,0,0,0,2.8000000000000003,25.8,84.24
2020,4,10,19,15,0,0,2.8000000000000003,25.8,84.24
2020,4,10,19,30,0,0,2.8000000000000003,25.8,84.24
2020,4,10,19,45,0,0,2.8000000000000003,25.8,84.24
2020,4,10,20,0,0,0,2.7,25.5,85.5
2020,4,10,20,15,0,0,2.6,25.5,85.5
2020,4,10,20,30,0,0,2.5,25.400000000000002,86.09
2020,4,10,20,45,0,0,2.5,25.400000000000002,85.91
2020,4,10,21,0,0,0,2.4000000000000004,25.3,86.42
2020,4,10,21,15,0,0,2.3000000000000003,25.3,86.42
2020,4,10,21,30,0,0,2.3000000000000003,25.200000000000003,86.93
2020,4,10,21,45,0,0,2.2,25.200000000000003,86.27
2020,4,10,22,0,0,0,2.2,25.200000000000003,86.27
2020,4,10,22,15,0,0,2.1,25.1,86.79
2020,4,10,22,30,0,0,2.1,25.1,86.79
2020,4,10,22,45,0,0,2,25.1,85.94
2020,4,10,23,0,0,0,2,25,86.45
2020,4,10,23,15,0,0,2,25,86.45
2020,4,10,23,30,0,0,1.9000000000000001,24.900000000000002,86.96000000000001
2020,4,10,23,45,0,0,1.9000000000000001,24.900000000000002,86.11
2020,4,11,0,0,0,0,1.9000000000000001,24.900000000000002,86.11
2020,4,11,0,15,0,0,1.8,24.8,86.63
2020,4,11,0,30,0,0,1.8,24.8,86.54
2020,4,11,0,45,0,0,1.8,24.8,85.60000000000001
2020,4,11,1,0,0,0,1.8,24.700000000000003,86.11
2020,4,11,1,15,0,0,1.8,24.700000000000003,86.11
2020,4,11,1,30,0,0,1.8,24.700000000000003,86.11
2020,4,11,1,45,0,0,1.7000000000000002,24.6,85.65
2020,4,11,2,0,0,0,1.7000000000000002,24.6,85.65
2020,4,11,2,15,0,0,1.7000000000000002,24.6,85.65
2020,4,11,2,30,0,0,1.8,24.5,86.16
2020,4,11,2,45,0,0,1.8,24.5,85.41
2020,4,11,3,0,0,0,1.8,24.5,85.41
2020,4,11,3,15,0,0,1.8,24.5,85.41
2020,4,11,3,30,0,0,1.8,24.5,85.41
2020,4,11,3,45,0,0,1.8,24.400000000000002,85.19
2020,4,11,4,0,0,0,1.8,24.400000000000002,85.19
2020,4,11,4,15,0,0,1.8,24.400000000000002,85.19
2020,4,11,4,30,0,0,1.8,24.400000000000002,85.19
2020,4,11,4,45,0,0,1.8,24.400000000000002,84.58
2020,4,11,5,0,0,0,1.8,24.400000000000002,84.58
2020,4,11,5,15,0,0,1.8,24.400000000000002,84.67
2020,4,11,5,30,0,0,1.8,24.5,84.17
2020,4,11,5,45,0,0,1.7000000000000002,24.5,84.97
2020,4,11,6,0,0,0,1.7000000000000002,24.5,84.97
2020,4,11,6,15,0,0,1.8,24.8,83.47
2020,4,11,6,30,36,140,1.8,25.1,82.08
2020,4,11,6,45,81,278,1.9000000000000001,25.400000000000002,81.69
2020,4,11,7,0,134,392,1.9000000000000001,25.700000000000003,80.25
2020,4,11,7,15,192,481,1.9000000000000001,25.900000000000002,79.31
2020,4,11,7,30,252,552,2,26.1,78.46000000000001
2020,4,11,7,45,314,608,2,26.3,76.84
2020,4,11,8,0,376,656,2,26.5,75.95
2020,4,11,8,15,437,695,2.1,26.700000000000003,75.06
2020,4,11,8,30,498,728,2.1,26.900000000000002,74.19
2020,4,11,8,45,557,755,2.1,27.1,73.11
2020,4,11,9,0,612,777,2.2,27.3,72.26
2020,4,11,9,15,666,798,2.2,27.5,71.42
2020,4,11,9,30,718,815,2.2,27.700000000000003,70.59
2020,4,11,9,45,766,829,2.2,27.900000000000002,70.47
2020,4,11,10,0,811,842,2.2,28.1,69.66
2020,4,11,10,15,852,853,2.3000000000000003,28.200000000000003,69.26
2020,4,11,10,30,889,863,2.3000000000000003,28.3,68.86
2020,4,11,10,45,922,869,2.3000000000000003,28.5,68.38
2020,4,11,11,0,951,876,2.4000000000000004,28.6,67.99
2020,4,11,11,15,975,882,2.4000000000000004,28.700000000000003,67.53
2020,4,11,11,30,995,886,2.4000000000000004,28.8,67.14
2020,4,11,11,45,1009,886,2.4000000000000004,28.900000000000002,66.86
2020,4,11,12,0,1020,889,2.4000000000000004,28.900000000000002,66.86
2020,4,11,12,15,1025,890,2.4000000000000004,29,66.48
2020,4,11,12,30,1026,890,2.3000000000000003,29.1,66.1
2020,4,11,12,45,1022,888,2.3000000000000003,29.1,66.12
2020,4,11,13,0,1013,886,2.3000000000000003,29.200000000000003,65.74
2020,4,11,13,15,999,883,2.3000000000000003,29.1,66.12
2020,4,11,13,30,980,879,2.3000000000000003,29.1,66.12
2020,4,11,13,45,957,875,2.3000000000000003,29.1,66.54
2020,4,11,14,0,930,868,2.3000000000000003,29.1,66.47
2020,4,11,14,15,898,860,2.4000000000000004,29.1,66.47
2020,4,11,14,30,862,851,2.4000000000000004,29,66.86
2020,4,11,14,45,822,841,2.4000000000000004,28.900000000000002,67.96000000000001
2020,4,11,15,0,778,829,2.4000000000000004,28.900000000000002,67.96000000000001
2020,4,11,15,15,731,814,2.4000000000000004,28.8,68.35000000000001
2020,4,11,15,30,680,797,2.4000000000000004,28.6,69.14
2020,4,11,15,45,627,777,2.4000000000000004,28.5,70.48
2020,4,11,16,0,571,754,2.4000000000000004,28.400000000000002,70.89
2020,4,11,16,15,513,727,2.4000000000000004,28.200000000000003,71.71000000000001
2020,4,11,16,30,454,695,2.3000000000000003,28.1,72.13
2020,4,11,16,45,393,655,2.3000000000000003,27.900000000000002,73.72
2020,4,11,17,0,331,610,2.3000000000000003,27.700000000000003,74.58
2020,4,11,17,15,269,556,2.2,27.5,75.45
2020,4,11,17,30,209,489,2.2,27.200000000000003,76.86
2020,4,11,17,45,150,401,2.1,27,79.67
2020,4,11,18,0,96,297,2.1,26.700000000000003,81.08
2020,4,11,18,15,49,169,2.1,26.5,82.03
2020,4,11,18,30,14,39,2.1,26.3,83
2020,4,11,18,45,0,0,2.2,26.200000000000003,84.2
2020,4,11,19,0,0,0,2.2,26,85.28
2020,4,11,19,15,0,0,2.2,26,85.28
2020,4,11,19,30,0,0,2.2,26,85.28
2020,4,11,19,45,0,0,2.2,26,85.28
2020,4,11,20,0,0,0,2.4000000000000004,25.700000000000003,86.96000000000001
2020,4,11,20,15,0,0,2.5,25.6,87.47
2020,4,11,20,30,0,0,2.5,25.6,87.56
2020,4,11,20,45,0,0,2.6,25.5,88.39
2020,4,11,21,0,0,0,2.7,25.400000000000002,88.91
2020,4,11,21,15,0,0,2.7,25.400000000000002,88.91
2020,4,11,21,30,0,0,2.8000000000000003,25.3,89.44
2020,4,11,21,45,0,0,2.8000000000000003,25.3,89.72
2020,4,11,22,0,0,0,2.9000000000000004,25.3,89.72
2020,4,11,22,15,0,0,2.9000000000000004,25.200000000000003,90.26
2020,4,11,22,30,0,0,2.9000000000000004,25.200000000000003,90.26
2020,4,11,22,45,0,0,3,25.1,90.51
2020,4,11,23,0,0,0,3,25.1,90.51
2020,4,11,23,15,0,0,3,25.1,90.51
2020,4,11,23,30,0,0,3.1,25,91.05
2020,4,11,23,45,0,0,3.1,25,90.5
2020,4,12,0,0,0,0,3.1,25,90.41
2020,4,12,0,15,0,0,3.2,25,90.41
2020,4,12,0,30,0,0,3.2,25,90.41
2020,4,12,0,45,0,0,3.2,24.900000000000002,90.13
2020,4,12,1,0,0,0,3.2,24.900000000000002,90.13
2020,4,12,1,15,0,0,3.2,24.900000000000002,90.13
2020,4,12,1,30,0,0,3.2,24.900000000000002,90.13
2020,4,12,1,45,0,0,3.2,24.900000000000002,88.85000000000001
2020,4,12,2,0,0,0,3.2,24.8,89.29
2020,4,12,2,15,0,0,3.2,24.8,89.29
2020,4,12,2,30,0,0,3.2,24.8,89.38
2020,4,12,2,45,0,0,3.2,24.8,88.43
2020,4,12,3,0,0,0,3.2,24.8,88.43
2020,4,12,3,15,0,0,3.2,24.700000000000003,88.96000000000001
2020,4,12,3,30,0,0,3.2,24.700000000000003,88.96000000000001
2020,4,12,3,45,0,0,3.2,24.700000000000003,88.32000000000001
2020,4,12,4,0,0,0,3.2,24.700000000000003,88.32000000000001
2020,4,12,4,15,0,0,3.3000000000000003,24.700000000000003,88.32000000000001
2020,4,12,4,30,0,0,3.3000000000000003,24.700000000000003,88.32000000000001
2020,4,12,4,45,0,0,3.3000000000000003,24.700000000000003,88.18
2020,4,12,5,0,0,0,3.3000000000000003,24.700000000000003,88.18
2020,4,12,5,15,0,0,3.4000000000000004,24.8,87.65
2020,4,12,5,30,0,0,3.4000000000000004,24.900000000000002,87.13
2020,4,12,5,45,0,0,3.5,25,86.59
2020,4,12,6,0,0,0,3.5,25,86.59
2020,4,12,6,15,0,0,3.6,25.200000000000003,85.57000000000001
2020,4,12,6,30,40,158,3.7,25.5,84.15
2020,4,12,6,45,86,316,3.8000000000000003,25.700000000000003,82.72
2020,4,12,7,0,139,427,3.9000000000000004,25.900000000000002,81.75
2020,4,12,7,15,198,513,3.9000000000000004,26.1,80.79
2020,4,12,7,30,258,581,4,26.3,79.85000000000001
2020,4,12,7,45,322,647,4,26.5,77.33
2020,4,12,8,0,383,689,4,26.700000000000003,76.5
2020,4,12,8,15,132,0,4,26.900000000000002,75.61
2020,4,12,8,30,506,758,4,27.1,74.73
2020,4,12,8,45,565,789,4.1000000000000005,27.3,73.06
2020,4,12,9,0,621,812,4.1000000000000005,27.400000000000002,72.64
2020,4,12,9,15,675,830,4.1000000000000005,27.6,71.79
2020,4,12,9,30,727,847,4.1000000000000005,27.700000000000003,71.38
2020,4,12,9,45,775,863,4,27.900000000000002,70.52
2020,4,12,10,0,820,875,4,28,70.12
2020,4,12,10,15,861,886,4,28.1,69.71000000000001
2020,4,12,10,30,899,895,4,28.200000000000003,69.31
2020,4,12,10,45,929,891,4,28.400000000000002,69
2020,4,12,11,0,958,898,4,28.5,68.61
2020,4,12,11,15,981,901,4,28.5,68.61
2020,4,12,11,30,1001,905,3.9000000000000004,28.6,68.21000000000001
2020,4,12,11,45,1015,907,3.9000000000000004,28.700000000000003,68.3
2020,4,12,12,0,1026,910,3.9000000000000004,28.700000000000003,68.23
2020,4,12,12,15,1031,911,3.8000000000000003,28.8,67.84
2020,4,12,12,30,1032,911,3.8000000000000003,28.8,67.84
2020,4,12,12,45,1028,911,3.8000000000000003,28.8,67.92
2020,4,12,13,0,1019,909,3.7,28.900000000000002,67.53
2020,4,12,13,15,1005,906,3.7,28.8,67.85
2020,4,12,13,30,987,902,3.7,28.8,67.85
2020,4,12,13,45,960,883,3.6,28.8,67.59
2020,4,12,14,0,932,876,3.6,28.8,67.59
2020,4,12,14,15,900,869,3.5,28.8,67.59
2020,4,12,14,30,862,858,3.5,28.700000000000003,67.98
2020,4,12,14,45,822,847,3.4000000000000004,28.700000000000003,67.68
2020,4,12,15,0,779,835,3.3000000000000003,28.6,68.07000000000001
2020,4,12,15,15,732,820,3.3000000000000003,28.5,68.46000000000001
2020,4,12,15,30,682,803,3.3000000000000003,28.400000000000002,68.86
2020,4,12,15,45,628,783,3.4000000000000004,28.3,69.13
2020,4,12,16,0,573,760,3.4000000000000004,28.200000000000003,69.53
2020,4,12,16,15,515,734,3.4000000000000004,28.1,69.93
2020,4,12,16,30,455,703,3.4000000000000004,27.900000000000002,70.75
2020,4,12,16,45,395,669,3.5,27.8,71.11
2020,4,12,17,0,333,623,3.5,27.6,71.94
2020,4,12,17,15,271,570,3.5,27.400000000000002,72.78
2020,4,12,17,30,210,505,3.5,27.200000000000003,73.64
2020,4,12,17,45,152,431,3.5,27,75.61
2020,4,12,18,0,98,327,3.4000000000000004,26.700000000000003,76.95
2020,4,12,18,15,50,197,3.5,26.6,77.48
2020,4,12,18,30,15,54,3.5,26.400000000000002,78.39
2020,4,12,18,45,0,0,3.5,26.3,80.43
2020,4,12,19,0,0,0,3.5,26.1,81.38
2020,4,12,19,15,0,0,3.5,26.1,81.38
2020,4,12,19,30,0,0,3.5,26.1,81.38
2020,4,12,19,45,0,0,3.5,26.1,81.38
2020,4,12,20,0,0,0,3.8000000000000003,25.8,83.75
2020,4,12,20,15,0,0,3.8000000000000003,25.700000000000003,84.25
2020,4,12,20,30,0,0,3.8000000000000003,25.6,84.75
2020,4,12,20,45,0,0,3.8000000000000003,25.5,86.3
2020,4,12,21,0,0,0,3.8000000000000003,25.400000000000002,86.81
2020,4,12,21,15,0,0,3.8000000000000003,25.3,87.33
2020,4,12,21,30,0,0,3.8000000000000003,25.3,87.33
2020,4,12,21,45,0,0,3.9000000000000004,25.200000000000003,88.10000000000001
2020,4,12,22,0,0,0,3.9000000000000004,25.1,88.63
2020,4,12,22,15,0,0,3.9000000000000004,25.1,88.63
2020,4,12,22,30,0,0,3.9000000000000004,25,89.15
2020,4,12,22,45,0,0,3.9000000000000004,25,88.45
2020,4,12,23,0,0,0,3.9000000000000004,25,88.45
2020,4,12,23,15,0,0,3.9000000000000004,24.900000000000002,88.97
2020,4,12,23,30,0,0,4,24.900000000000002,88.88
2020,4,12,23,45,0,0,4,24.900000000000002,87.64
2020,4,13,0,0,0,0,4,24.900000000000002,87.64
2020,4,13,0,15,0,0,4,24.8,88.16
2020,4,13,0,30,0,0,4,24.8,88.16
2020,4,13,0,45,0,0,4,24.8,86.67
2020,4,13,1,0,0,0,4,24.8,86.58
2020,4,13,1,15,0,0,4,24.8,86.58
2020,4,13,1,30,0,0,4,24.8,86.58
2020,4,13,1,45,0,0,4,24.8,86.18
2020,4,13,2,0,0,0,4.1000000000000005,24.8,86.18
2020,4,13,2,15,0,0,4.1000000000000005,24.700000000000003,86.69
2020,4,13,2,30,0,0,4.1000000000000005,24.700000000000003,86.69
2020,4,13,2,45,0,0,4.1000000000000005,24.700000000000003,86.73
2020,4,13,3,0,0,0,4.2,24.700000000000003,86.73
2020,4,13,3,15,0,0,4.2,24.700000000000003,86.73
2020,4,13,3,30,0,0,4.2,24.700000000000003,86.73
2020,4,13,3,45,0,0,4.2,24.6,87.52
2020,4,13,4,0,0,0,4.3,24.6,87.52
2020,4,13,4,15,0,0,4.3,24.6,87.52
2020,4,13,4,30,0,0,4.3,24.6,87.52
2020,4,13,4,45,0,0,4.3,24.6,87.98
2020,4,13,5,0,0,0,4.3,24.5,88.5
2020,4,13,5,15,0,0,4.3,24.6,88.06
2020,4,13,5,30,0,0,4.3,24.6,88.06
2020,4,13,5,45,0,0,4.3,24.6,88.51
2020,4,13,6,0,0,0,4.3,24.6,88.51
2020,4,13,6,15,11,58,4.4,24.8,87.46000000000001
2020,4,13,6,30,43,222,4.5,25,86.43
2020,4,13,6,45,89,366,4.6000000000000005,25.1,85.89
2020,4,13,7,0,143,471,4.7,25.3,84.88
2020,4,13,7,15,202,553,4.7,25.5,83.88
2020,4,13,7,30,262,617,4.7,25.700000000000003,82.89
2020,4,13,7,45,324,668,4.7,25.900000000000002,80.78
2020,4,13,8,0,385,710,4.800000000000001,26.1,79.83
2020,4,13,8,15,446,744,4.800000000000001,26.3,78.98
2020,4,13,8,30,506,774,4.7,26.5,78.05
2020,4,13,8,45,564,794,4.7,26.700000000000003,76.61
2020,4,13,9,0,620,816,4.7,26.900000000000002,75.71000000000001
2020,4,13,9,15,672,832,4.7,27.1,74.83
2020,4,13,9,30,723,848,4.7,27.3,73.97
2020,4,13,9,45,770,859,4.6000000000000005,27.400000000000002,73.17
2020,4,13,10,0,814,871,4.6000000000000005,27.6,72.32000000000001
2020,4,13,10,15,855,881,4.6000000000000005,27.700000000000003,71.9
2020,4,13,10,30,893,890,4.6000000000000005,27.8,71.49
2020,4,13,10,45,911,841,4.6000000000000005,27.900000000000002,71.39
2020,4,13,11,0,471,53,4.6000000000000005,28,70.91
2020,4,13,11,15,964,854,4.6000000000000005,28,70.91
2020,4,13,11,30,984,858,4.7,28.1,70.5
2020,4,13,11,45,998,858,4.7,28.200000000000003,70.61
2020,4,13,12,0,1007,859,4.7,28.3,70.2
2020,4,13,12,15,1012,860,4.7,28.3,70.2
2020,4,13,12,30,1012,860,4.800000000000001,28.3,70.2
2020,4,13,12,45,1009,862,4.800000000000001,28.3,70.4
2020,4,13,13,0,1000,860,4.800000000000001,28.400000000000002,69.92
2020,4,13,13,15,986,857,4.800000000000001,28.3,70.33
2020,4,13,13,30,966,852,4.800000000000001,28.3,70.33
2020,4,13,13,45,943,846,4.9,28.3,70.53
2020,4,13,14,0,916,839,4.9,28.3,70.53
2020,4,13,14,15,884,831,4.9,28.200000000000003,70.94
2020,4,13,14,30,848,821,4.800000000000001,28.200000000000003,70.94
2020,4,13,14,45,809,812,4.800000000000001,28.1,71.21000000000001
2020,4,13,15,0,766,798,4.800000000000001,28.1,71.21000000000001
2020,4,13,15,15,719,783,4.7,28,71.63
2020,4,13,15,30,203,7,4.7,27.900000000000002,72.05
2020,4,13,15,45,618,752,4.6000000000000005,27.8,72.36
2020,4,13,16,0,187,6,4.5,27.700000000000003,72.78
2020,4,13,16,15,64,0,4.5,27.6,73.21000000000001
2020,4,13,16,30,166,6,4.4,27.400000000000002,74.06
2020,4,13,16,45,43,0,4.3,27.3,74.43
2020,4,13,17,0,327,598,4.2,27.1,75.38
2020,4,13,17,15,10,0,4.1000000000000005,26.900000000000002,76.26
2020,4,13,17,30,206,479,4,26.700000000000003,77.16
2020,4,13,17,45,150,408,3.8000000000000003,26.5,78.8
2020,4,13,18,0,96,306,3.7,26.3,79.73
2020,4,13,18,15,49,181,3.6,26.200000000000003,80.2
2020,4,13,18,30,15,48,3.6,26,81.15
2020,4,13,18,45,0,0,3.5,25.900000000000002,82.97
2020,4,13,19,0,0,0,3.4000000000000004,25.700000000000003,84.04
2020,4,13,19,15,0,0,3.4000000000000004,25.700000000000003,84.04
2020,4,13,19,30,0,0,3.4000000000000004,25.700000000000003,84.04
2020,4,13,19,45,0,0,3.4000000000000004,25.700000000000003,84.04
2020,4,13,20,0,0,0,3.4000000000000004,25.400000000000002,86.08
2020,4,13,20,15,0,0,3.4000000000000004,25.400000000000002,86.08
2020,4,13,20,30,0,0,3.5,25.3,86.59
2020,4,13,20,45,0,0,3.5,25.3,86.9
2020,4,13,21,0,0,0,3.5,25.200000000000003,87.41
2020,4,13,21,15,0,0,3.5,25.200000000000003,87.41
2020,4,13,21,30,0,0,3.6,25.200000000000003,87.41
2020,4,13,21,45,0,0,3.6,25.1,88.01
2020,4,13,22,0,0,0,3.6,25.1,88.01
2020,4,13,22,15,0,0,3.7,25,88.54
2020,4,13,22,30,0,0,3.7,25,88.54
2020,4,13,22,45,0,0,3.7,25,88.56
2020,4,13,23,0,0,0,3.8000000000000003,24.900000000000002,89.09
2020,4,13,23,15,0,0,3.8000000000000003,24.900000000000002,89
2020,4,13,23,30,0,0,3.8000000000000003,24.900000000000002,89
2020,4,13,23,45,0,0,3.9000000000000004,24.8,89.38
2020,4,14,0,0,0,0,3.9000000000000004,24.8,89.38
2020,4,14,0,15,0,0,3.9000000000000004,24.700000000000003,89.92
2020,4,14,0,30,0,0,4,24.700000000000003,89.92
2020,4,14,0,45,0,0,4,24.700000000000003,89.83
2020,4,14,1,0,0,0,4,24.6,90.27
2020,4,14,1,15,0,0,4.1000000000000005,24.6,90.27
2020,4,14,1,30,0,0,4.1000000000000005,24.6,90.27
2020,4,14,1,45,0,0,4.2,24.5,90.77
2020,4,14,2,0,0,0,4.2,24.5,90.77
2020,4,14,2,15,0,0,4.2,24.5,90.77
2020,4,14,2,30,0,0,4.3,24.5,90.77
2020,4,14,2,45,0,0,4.3,24.5,90.32000000000001
2020,4,14,3,0,0,0,4.4,24.400000000000002,90.86
2020,4,14,3,15,0,0,4.4,24.400000000000002,90.86
2020,4,14,3,30,0,0,4.4,24.400000000000002,90.86
2020,4,14,3,45,0,0,4.5,24.400000000000002,90.39
2020,4,14,4,0,0,0,4.5,24.400000000000002,90.39
2020,4,14,4,15,0,0,4.5,24.3,90.94
2020,4,14,4,30,0,0,4.5,24.3,90.94
2020,4,14,4,45,0,0,4.5,24.3,90.73
2020,4,14,5,0,0,0,4.5,24.3,90.73
2020,4,14,5,15,0,0,4.5,24.3,90.73
2020,4,14,5,30,0,0,4.5,24.3,90.73
2020,4,14,5,45,0,0,4.5,24.3,90.67
2020,4,14,6,0,0,0,4.5,24.400000000000002,90.13
2020,4,14,6,15,12,70,4.6000000000000005,24.5,89.60000000000001
2020,4,14,6,30,45,240,4.7,24.6,89.06
2020,4,14,6,45,92,377,4.800000000000001,24.8,87.35000000000001
2020,4,14,7,0,147,484,4.9,24.900000000000002,86.84
2020,4,14,7,15,206,565,5,25.1,85.81
2020,4,14,7,30,267,629,5.1000000000000005,25.3,84.8
2020,4,14,7,45,328,669,5.1000000000000005,25.5,81.98
2020,4,14,8,0,389,711,5.2,25.700000000000003,81.10000000000001
2020,4,14,8,15,451,746,5.2,25.900000000000002,80.15
2020,4,14,8,30,511,775,5.2,26.1,79.21000000000001
2020,4,14,8,45,567,790,5.300000000000001,26.3,76.37
2020,4,14,9,0,625,814,5.300000000000001,26.5,75.48
2020,4,14,9,15,679,833,5.300000000000001,26.700000000000003,74.60000000000001
2020,4,14,9,30,730,849,5.300000000000001,26.900000000000002,73.73
2020,4,14,9,45,776,853,5.2,27.1,71.84
2020,4,14,10,0,820,865,5.2,27.3,71
2020,4,14,10,15,861,876,5.2,27.400000000000002,70.59
2020,4,14,10,30,900,886,5.2,27.5,70.18
2020,4,14,10,45,937,908,5.2,27.700000000000003,68.91
2020,4,14,11,0,965,914,5.2,27.8,68.45
2020,4,14,11,15,989,919,5.1000000000000005,27.900000000000002,68.05
2020,4,14,11,30,1009,923,5.1000000000000005,27.900000000000002,68.05
2020,4,14,11,45,1023,922,5.1000000000000005,28,67.55
2020,4,14,12,0,1034,924,5,28.1,67.16
2020,4,14,12,15,1039,925,5,28.1,67.16
2020,4,14,12,30,1039,925,4.9,28.1,67.09
2020,4,14,12,45,1034,922,4.9,28.1,67.02
2020,4,14,13,0,1025,920,4.800000000000001,28.200000000000003,66.63
2020,4,14,13,15,1011,917,4.800000000000001,28.1,67.02
2020,4,14,13,30,992,913,4.7,28.1,67.02
2020,4,14,13,45,959,873,4.7,28.1,67.07000000000001
2020,4,14,14,0,931,867,4.6000000000000005,28.1,67.01
2020,4,14,14,15,406,38,4.6000000000000005,28,67.4
2020,4,14,14,30,575,175,4.5,28,67.4
2020,4,14,14,45,822,840,4.4,27.900000000000002,67.96000000000001
2020,4,14,15,0,778,828,4.4,27.900000000000002,67.96000000000001
2020,4,14,15,15,183,5,4.3,27.8,68.35000000000001
2020,4,14,15,30,546,356,4.3,27.700000000000003,68.75
2020,4,14,15,45,628,780,4.3,27.6,69.44
2020,4,14,16,0,231,20,4.2,27.5,69.84
2020,4,14,16,15,516,733,4.2,27.3,70.66
2020,4,14,16,30,456,702,4.2,27.200000000000003,71.08
2020,4,14,16,45,16,0,4.1000000000000005,27,72.05
2020,4,14,17,0,233,195,4.1000000000000005,26.900000000000002,72.48
2020,4,14,17,15,273,577,4,26.700000000000003,73.33
2020,4,14,17,30,212,512,3.9000000000000004,26.5,74.19
2020,4,14,17,45,155,441,3.8000000000000003,26.3,76.12
2020,4,14,18,0,100,337,3.7,26.1,77.03
2020,4,14,18,15,52,206,3.7,25.900000000000002,77.94
2020,4,14,18,30,16,59,3.6,25.8,78.4
2020,4,14,18,45,0,0,3.6,25.700000000000003,80.12
2020,4,14,19,0,0,0,3.5,25.5,81.15
2020,4,14,19,15,0,0,3.5,25.5,81.15
2020,4,14,19,30,0,0,3.5,25.5,81.15
2020,4,14,19,45,0,0,3.5,25.5,81.15
2020,4,14,20,0,0,0,3.5,25.3,82.55
2020,4,14,20,15,0,0,3.5,25.200000000000003,83.04
2020,4,14,20,30,0,0,3.5,25.200000000000003,83.04
2020,4,14,20,45,0,0,3.5,25.200000000000003,83.32000000000001
2020,4,14,21,0,0,0,3.5,25.1,83.9
2020,4,14,21,15,0,0,3.5,25.1,83.9
2020,4,14,21,30,0,0,3.5,25,84.4
2020,4,14,21,45,0,0,3.5,25,84.88
2020,4,14,22,0,0,0,3.5,25,84.88
2020,4,14,22,15,0,0,3.5,24.900000000000002,85.39
2020,4,14,22,30,0,0,3.5,24.900000000000002,85.39
2020,4,14,22,45,0,0,3.5,24.900000000000002,85.57000000000001
2020,4,14,23,0,0,0,3.5,24.8,85.99
2020,4,14,23,15,0,0,3.5,24.8,85.99
2020,4,14,23,30,0,0,3.5,24.700000000000003,86.51
2020,4,14,23,45,0,0,3.5,24.700000000000003,86.54
2020,4,15,0,0,0,0,3.5,24.6,87.05
2020,4,15,0,15,0,0,3.5,24.6,87.05
2020,4,15,0,30,0,0,3.5,24.6,87.05
2020,4,15,0,45,0,0,3.5,24.5,87.66
2020,4,15,1,0,0,0,3.5,24.5,87.57000000000001
2020,4,15,1,15,0,0,3.6,24.400000000000002,88.10000000000001
2020,4,15,1,30,0,0,3.6,24.400000000000002,88.10000000000001
2020,4,15,1,45,0,0,3.6,24.400000000000002,88.44
2020,4,15,2,0,0,0,3.6,24.3,88.97
2020,4,15,2,15,0,0,3.7,24.3,88.97
2020,4,15,2,30,0,0,3.7,24.200000000000003,89.5
2020,4,15,2,45,0,0,3.7,24.200000000000003,89.82000000000001
2020,4,15,3,0,0,0,3.8000000000000003,24.200000000000003,89.82000000000001
2020,4,15,3,15,0,0,3.8000000000000003,24.1,90.36
2020,4,15,3,30,0,0,3.8000000000000003,24.1,90.36
2020,4,15,3,45,0,0,3.8000000000000003,24.1,90.61
2020,4,15,4,0,0,0,3.9000000000000004,24.1,90.61
2020,4,15,4,15,0,0,3.9000000000000004,24.1,90.61
2020,4,15,4,30,0,0,3.9000000000000004,24,91.15
2020,4,15,4,45,0,0,3.9000000000000004,24,91.23
2020,4,15,5,0,0,0,4,24,91.23
2020,4,15,5,15,0,0,4,24.1,90.69
2020,4,15,5,30,0,0,4,24.1,90.69
2020,4,15,5,45,0,0,4.1000000000000005,24.200000000000003,90.73
2020,4,15,6,0,0,0,4.1000000000000005,24.200000000000003,90.73
2020,4,15,6,15,13,76,4.2,24.400000000000002,89.66
2020,4,15,6,30,47,249,4.3,24.6,88.60000000000001
2020,4,15,6,45,96,395,4.4,24.8,87.43
2020,4,15,7,0,151,498,4.5,24.900000000000002,86.91
2020,4,15,7,15,210,578,4.5,25.1,85.89
2020,4,15,7,30,271,640,4.5,25.3,84.87
2020,4,15,7,45,53,0,4.6000000000000005,25.5,82.2
2020,4,15,8,0,208,68,4.6000000000000005,25.700000000000003,81.24
2020,4,15,8,15,456,763,4.6000000000000005,25.900000000000002,80.29
2020,4,15,8,30,516,791,4.5,26.1,79.42
2020,4,15,8,45,574,816,4.5,26.3,77.21000000000001
2020,4,15,9,0,630,836,4.5,26.5,76.31
2020,4,15,9,15,682,852,4.4,26.700000000000003,75.42
2020,4,15,9,30,733,867,4.4,26.900000000000002,74.54
2020,4,15,9,45,781,881,4.3,27,73.21000000000001
2020,4,15,10,0,825,892,4.2,27.200000000000003,72.36
2020,4,15,10,15,866,902,4.2,27.3,71.94
2020,4,15,10,30,903,910,4.2,27.400000000000002,71.52
2020,4,15,10,45,934,908,4.1000000000000005,27.6,70.33
2020,4,15,11,0,962,914,4.1000000000000005,27.700000000000003,69.92
2020,4,15,11,15,454,41,4.1000000000000005,27.8,69.52
2020,4,15,11,30,1005,923,4,27.900000000000002,69.05
2020,4,15,11,45,532,66,4,27.900000000000002,68.78
2020,4,15,12,0,1030,928,4,28,68.38
2020,4,15,12,15,1035,929,4,28.1,67.98
2020,4,15,12,30,1035,929,3.9000000000000004,28.1,67.98
2020,4,15,12,45,1030,927,3.9000000000000004,28.200000000000003,67.38
2020,4,15,13,0,1022,925,3.9000000000000004,28.200000000000003,67.32000000000001
2020,4,15,13,15,1008,923,3.9000000000000004,28.200000000000003,67.32000000000001
2020,4,15,13,30,991,921,3.9000000000000004,28.200000000000003,67.32000000000001
2020,4,15,13,45,961,893,3.9000000000000004,28.200000000000003,67.06
2020,4,15,14,0,934,886,3.9000000000000004,28.200000000000003,67.06
2020,4,15,14,15,902,879,3.9000000000000004,28.1,67.45
2020,4,15,14,30,866,870,3.9000000000000004,28.1,67.38
2020,4,15,14,45,825,858,3.9000000000000004,28,67.53
2020,4,15,15,0,781,846,3.9000000000000004,28,67.53
2020,4,15,15,15,734,832,3.9000000000000004,27.900000000000002,67.92
2020,4,15,15,30,684,816,3.9000000000000004,27.8,68.32000000000001
2020,4,15,15,45,630,795,3.9000000000000004,27.700000000000003,68.55
2020,4,15,16,0,576,775,3.9000000000000004,27.6,68.95
2020,4,15,16,15,518,749,3.9000000000000004,27.5,69.35000000000001
2020,4,15,16,30,458,719,3.8000000000000003,27.400000000000002,69.76
2020,4,15,16,45,397,680,3.8000000000000003,27.200000000000003,70.65
2020,4,15,17,0,335,637,3.8000000000000003,27.1,71.06
2020,4,15,17,15,274,585,3.8000000000000003,26.8,72.32000000000001
2020,4,15,17,30,214,522,3.7,26.6,73.17
2020,4,15,17,45,156,442,3.6,26.400000000000002,75.36
2020,4,15,18,0,101,338,3.6,26.1,76.7
2020,4,15,18,15,53,206,3.5,25.900000000000002,77.69
2020,4,15,18,30,16,58,3.5,25.8,78.15
2020,4,15,18,45,0,0,3.5,25.6,80.73
2020,4,15,19,0,0,0,3.5,25.400000000000002,81.69
2020,4,15,19,15,0,0,3.5,25.400000000000002,81.69
2020,4,15,19,30,0,0,3.5,25.400000000000002,81.69
2020,4,15,19,45,0,0,3.5,25.400000000000002,81.69
2020,4,15,20,0,0,0,3.5,25.1,83.53
2020,4,15,20,15,0,0,3.6,25,84.03
2020,4,15,20,30,0,0,3.6,25,84.03
2020,4,15,20,45,0,0,3.6,24.900000000000002,84.39
2020,4,15,21,0,0,0,3.6,24.900000000000002,84.39
2020,4,15,21,15,0,0,3.6,24.8,84.89
2020,4,15,21,30,0,0,3.6,24.8,84.89
2020,4,15,21,45,0,0,3.6,24.8,84.59
2020,4,15,22,0,0,0,3.7,24.700000000000003,85.10000000000001
2020,4,15,22,15,0,0,3.6,24.700000000000003,85.10000000000001
2020,4,15,22,30,0,0,3.6,24.6,85.61
2020,4,15,22,45,0,0,3.6,24.6,85.23
2020,4,15,23,0,0,0,3.6,24.5,85.74
2020,4,15,23,15,0,0,3.6,24.5,85.74
2020,4,15,23,30,0,0,3.6,24.5,85.74
2020,4,15,23,45,0,0,3.6,24.5,85.28
2020,4,16,0,0,0,0,3.6,24.400000000000002,85.79
2020,4,16,0,15,0,0,3.6,24.400000000000002,85.79
2020,4,16,0,30,0,0,3.6,24.400000000000002,85.79
2020,4,16,0,45,0,0,3.6,24.3,85.76
2020,4,16,1,0,0,0,3.6,24.3,85.67
2020,4,16,1,15,0,0,3.6,24.200000000000003,86.18
2020,4,16,1,30,0,0,3.6,24.200000000000003,86.18
2020,4,16,1,45,0,0,3.6,24.200000000000003,85.69
2020,4,16,2,0,0,0,3.6,24.1,86.2
2020,4,16,2,15,0,0,3.6,24.1,86.2
2020,4,16,2,30,0,0,3.6,24.1,86.2
2020,4,16,2,45,0,0,3.6,24.1,85.64
2020,4,16,3,0,0,0,3.7,24,86.16
2020,4,16,3,15,0,0,3.7,24,86.16
2020,4,16,3,30,0,0,3.7,24,86.16
2020,4,16,3,45,0,0,3.7,24,85.55
2020,4,16,4,0,0,0,3.7,23.900000000000002,86.06
2020,4,16,4,15,0,0,3.7,23.900000000000002,86.06
2020,4,16,4,30,0,0,3.7,23.900000000000002,86.15
2020,4,16,4,45,0,0,3.7,23.900000000000002,85.60000000000001
2020,4,16,5,0,0,0,3.6,23.900000000000002,85.60000000000001
2020,4,16,5,15,0,0,3.6,23.900000000000002,85.60000000000001
2020,4,16,5,30,0,0,3.6,24,85.09
2020,4,16,5,45,0,0,3.6,24,85.23
2020,4,16,6,0,0,0,3.6,24.1,84.72
2020,4,16,6,15,15,110,3.7,24.3,83.8
2020,4,16,6,30,51,291,3.7,24.5,82.81
2020,4,16,6,45,101,431,3.8000000000000003,24.700000000000003,81.88
2020,4,16,7,0,156,531,3.9000000000000004,25,80.44
2020,4,16,7,15,216,607,3.9000000000000004,25.1,79.96000000000001
2020,4,16,7,30,278,667,3.9000000000000004,25.3,79.02
2020,4,16,7,45,340,717,3.9000000000000004,25.5,76.8
2020,4,16,8,0,402,755,4,25.700000000000003,75.97
2020,4,16,8,15,463,787,4,25.900000000000002,75.08
2020,4,16,8,30,523,814,4,26.1,74.2
2020,4,16,8,45,581,839,4,26.3,72.79
2020,4,16,9,0,637,858,4,26.5,71.94
2020,4,16,9,15,690,874,4,26.6,71.52
2020,4,16,9,30,741,889,4,26.8,70.68
2020,4,16,9,45,789,903,4,26.900000000000002,70.28
2020,4,16,10,0,833,913,4,27.1,69.47
2020,4,16,10,15,874,922,4,27.200000000000003,69.06
2020,4,16,10,30,909,928,4,27.3,68.66
2020,4,16,10,45,309,17,4.1000000000000005,27.400000000000002,68.14
2020,4,16,11,0,530,82,4.1000000000000005,27.5,67.74
2020,4,16,11,15,287,14,4.1000000000000005,27.6,67.35
2020,4,16,11,30,1008,928,4.2,27.700000000000003,66.96000000000001
2020,4,16,11,45,1022,932,4.2,27.8,66.63
2020,4,16,12,0,1033,933,4.3,27.900000000000002,66.24
2020,4,16,12,15,1038,934,4.3,27.900000000000002,66.18
2020,4,16,12,30,1038,934,4.3,27.900000000000002,66.18
2020,4,16,12,45,1033,932,4.3,28,65.97
2020,4,16,13,0,1022,928,4.3,28,65.97
2020,4,16,13,15,1008,926,4.3,28,65.97
2020,4,16,13,30,990,922,4.3,27.900000000000002,66.29
2020,4,16,13,45,958,885,4.3,27.900000000000002,66.41
2020,4,16,14,0,930,879,4.2,27.900000000000002,66.41
2020,4,16,14,15,898,871,4.2,27.8,66.8
2020,4,16,14,30,862,862,4.2,27.8,66.8
2020,4,16,14,45,823,855,4.1000000000000005,27.700000000000003,67.21000000000001
2020,4,16,15,0,779,843,4.1000000000000005,27.700000000000003,67.21000000000001
2020,4,16,15,15,733,829,4,27.6,67.54
2020,4,16,15,30,682,813,4,27.5,67.93
2020,4,16,15,45,630,795,3.9000000000000004,27.400000000000002,68.54
2020,4,16,16,0,574,774,3.9000000000000004,27.3,68.94
2020,4,16,16,15,517,748,3.8000000000000003,27.200000000000003,69.35000000000001
2020,4,16,16,30,457,718,3.8000000000000003,27,70.16
2020,4,16,16,45,399,692,3.7,26.900000000000002,71.04
2020,4,16,17,0,337,650,3.7,26.700000000000003,71.94
2020,4,16,17,15,276,599,3.6,26.5,72.79
2020,4,16,17,30,215,536,3.4000000000000004,26.200000000000003,74.09
2020,4,16,17,45,157,463,3.3000000000000003,26,76.69
2020,4,16,18,0,102,362,3.2,25.8,77.60000000000001
2020,4,16,18,15,54,230,3.2,25.6,78.52
2020,4,16,18,30,17,75,3.2,25.5,78.99
2020,4,16,18,45,0,0,3.1,25.3,81.37
2020,4,16,19,0,0,0,3.1,25.200000000000003,81.85000000000001
2020,4,16,19,15,0,0,3.1,25.200000000000003,81.85000000000001
2020,4,16,19,30,0,0,3.1,25.200000000000003,81.85000000000001
2020,4,16,19,45,0,0,3.1,25.200000000000003,81.85000000000001
2020,4,16,20,0,0,0,3.1,25,83.33
2020,4,16,20,15,0,0,3.1,25,83.33
2020,4,16,20,30,0,0,3.1,25,83.33
2020,4,16,20,45,0,0,3.1,25,83.59
2020,4,16,21,0,0,0,3.1,24.900000000000002,84.09
2020,4,16,21,15,0,0,3.1,24.900000000000002,84.09
2020,4,16,21,30,0,0,3.2,24.900000000000002,84.09
2020,4,16,21,45,0,0,3.2,24.900000000000002,84.28
2020,4,16,22,0,0,0,3.2,24.8,84.78
2020,4,16,22,15,0,0,3.2,24.8,84.78
2020,4,16,22,30,0,0,3.2,24.8,84.78
2020,4,16,22,45,0,0,3.2,24.700000000000003,85.47
2020,4,16,23,0,0,0,3.2,24.700000000000003,85.47
2020,4,16,23,15,0,0,3.2,24.700000000000003,85.47
2020,4,16,23,30,0,0,3.2,24.6,85.98
2020,4,16,23,45,0,0,3.2,24.6,86.2
2020,4,17,0,0,0,0,3.1,24.6,86.2
2020,4,17,0,15,0,0,3.2,24.6,86.2
2020,4,17,0,30,0,0,3.2,24.5,86.72
2020,4,17,0,45,0,0,3.2,24.5,86.57000000000001
2020,4,17,1,0,0,0,3.2,24.5,86.57000000000001
2020,4,17,1,15,0,0,3.3000000000000003,24.5,86.57000000000001
2020,4,17,1,30,0,0,3.3000000000000003,24.5,86.57000000000001
2020,4,17,1,45,0,0,3.3000000000000003,24.5,86.54
2020,4,17,2,0,0,0,3.3000000000000003,24.400000000000002,87.06
2020,4,17,2,15,0,0,3.4000000000000004,24.400000000000002,87.06
2020,4,17,2,30,0,0,3.4000000000000004,24.400000000000002,87.06
2020,4,17,2,45,0,0,3.4000000000000004,24.3,87.48
2020,4,17,3,0,0,0,3.5,24.3,87.48
2020,4,17,3,15,0,0,3.5,24.3,87.48
2020,4,17,3,30,0,0,3.5,24.3,87.48
2020,4,17,3,45,0,0,3.5,24.200000000000003,87.62
2020,4,17,4,0,0,0,3.5,24.200000000000003,87.62
2020,4,17,4,15,0,0,3.6,24.200000000000003,87.62
2020,4,17,4,30,0,0,3.6,24.200000000000003,87.62
2020,4,17,4,45,0,0,3.6,24.200000000000003,87.21000000000001
2020,4,17,5,0,0,0,3.6,24.200000000000003,87.3
2020,4,17,5,15,0,0,3.6,24.200000000000003,87.3
2020,4,17,5,30,0,0,3.6,24.3,86.78
2020,4,17,5,45,0,0,3.6,24.400000000000002,86.23
2020,4,17,6,0,0,0,3.6,24.400000000000002,86.23
2020,4,17,6,15,7,0,3.7,24.700000000000003,84.7
2020,4,17,6,30,31,26,3.8000000000000003,24.900000000000002,83.7
2020,4,17,6,45,102,423,3.9000000000000004,25.1,81.97
2020,4,17,7,0,158,524,4,25.3,81
2020,4,17,7,15,217,601,4,25.5,80.05
2020,4,17,7,30,79,0,4,25.700000000000003,79.11
2020,4,17,7,45,80,0,4,25.900000000000002,76.92
2020,4,17,8,0,28,0,4.1000000000000005,26.1,76.02
2020,4,17,8,15,128,0,4,26.3,75.13
2020,4,17,8,30,126,0,4,26.5,74.25
2020,4,17,8,45,142,0,4,26.700000000000003,72.54
2020,4,17,9,0,244,19,4,26.8,72.11
2020,4,17,9,15,339,56,4,27,71.27
2020,4,17,9,30,742,880,3.9000000000000004,27.200000000000003,70.45
2020,4,17,9,45,789,892,3.9000000000000004,27.3,69.32000000000001
2020,4,17,10,0,833,903,3.9000000000000004,27.5,68.52
2020,4,17,10,15,873,912,3.9000000000000004,27.6,68.12
2020,4,17,10,30,910,920,3.9000000000000004,27.700000000000003,67.72
2020,4,17,10,45,936,904,3.9000000000000004,27.900000000000002,66.79
2020,4,17,11,0,965,910,3.9000000000000004,28,66.4
2020,4,17,11,15,988,915,3.9000000000000004,28.1,66.02
2020,4,17,11,30,544,76,3.9000000000000004,28.200000000000003,65.64
2020,4,17,11,45,721,222,3.9000000000000004,28.200000000000003,65.82000000000001
2020,4,17,12,0,1033,926,3.9000000000000004,28.3,65.37
2020,4,17,12,15,1040,929,3.9000000000000004,28.3,65.37
2020,4,17,12,30,1040,929,3.9000000000000004,28.400000000000002,65
2020,4,17,12,45,618,114,3.9000000000000004,28.400000000000002,65.01
2020,4,17,13,0,1026,927,3.9000000000000004,28.400000000000002,65.01
2020,4,17,13,15,1012,924,3.9000000000000004,28.400000000000002,64.95
2020,4,17,13,30,993,920,3.9000000000000004,28.400000000000002,64.95
2020,4,17,13,45,971,920,3.9000000000000004,28.400000000000002,64.98
2020,4,17,14,0,944,914,3.9000000000000004,28.400000000000002,64.98
2020,4,17,14,15,912,907,3.9000000000000004,28.400000000000002,64.98
2020,4,17,14,30,875,899,3.9000000000000004,28.3,65.36
2020,4,17,14,45,834,886,3.9000000000000004,28.200000000000003,65.69
2020,4,17,15,0,790,874,4,28.200000000000003,65.69
2020,4,17,15,15,743,861,4,28.1,66.08
2020,4,17,15,30,693,846,4,28,66.46000000000001
2020,4,17,15,45,639,825,4,27.900000000000002,66.89
2020,4,17,16,0,583,804,4,27.8,67.28
2020,4,17,16,15,526,780,4,27.6,68.06
2020,4,17,16,30,466,752,4,27.5,68.46000000000001
2020,4,17,16,45,405,717,4,27.3,69.33
2020,4,17,17,0,343,677,4,27.200000000000003,69.74
2020,4,17,17,15,282,629,3.9000000000000004,26.900000000000002,70.97
2020,4,17,17,30,220,567,3.9000000000000004,26.700000000000003,71.88
2020,4,17,17,45,161,492,3.8000000000000003,26.5,73.83
2020,4,17,18,0,106,391,3.8000000000000003,26.3,74.71000000000001
2020,4,17,18,15,56,257,3.8000000000000003,26.1,75.59
2020,4,17,18,30,18,91,3.7,25.900000000000002,76.49
2020,4,17,18,45,0,0,3.7,25.8,78.69
2020,4,17,19,0,0,0,3.7,25.6,79.62
2020,4,17,19,15,0,0,3.7,25.6,79.62
2020,4,17,19,30,0,0,3.7,25.6,79.62
2020,4,17,19,45,0,0,3.7,25.6,79.62
2020,4,17,20,0,0,0,3.8000000000000003,25.3,82.29
2020,4,17,20,15,0,0,3.8000000000000003,25.200000000000003,82.77
2020,4,17,20,30,0,0,3.8000000000000003,25.1,83.27
2020,4,17,20,45,0,0,3.8000000000000003,25.1,84.43
2020,4,17,21,0,0,0,3.8000000000000003,25,84.93
2020,4,17,21,15,0,0,3.9000000000000004,24.900000000000002,85.44
2020,4,17,21,30,0,0,3.9000000000000004,24.900000000000002,85.44
2020,4,17,21,45,0,0,3.9000000000000004,24.8,86.57000000000001
2020,4,17,22,0,0,0,3.9000000000000004,24.8,86.57000000000001
2020,4,17,22,15,0,0,3.8000000000000003,24.700000000000003,87.08
2020,4,17,22,30,0,0,3.8000000000000003,24.700000000000003,87.08
2020,4,17,22,45,0,0,3.8000000000000003,24.6,87.57000000000001
2020,4,17,23,0,0,0,3.8000000000000003,24.6,87.57000000000001
2020,4,17,23,15,0,0,3.7,24.5,88.01
2020,4,17,23,30,0,0,3.7,24.5,88.01
2020,4,17,23,45,0,0,3.7,24.400000000000002,87.18
2020,4,18,0,0,0,0,3.6,24.400000000000002,87.18
2020,4,18,0,15,0,0,3.6,24.400000000000002,87.18
2020,4,18,0,30,0,0,3.6,24.3,87.7
2020,4,18,0,45,0,0,3.6,24.3,86.10000000000001
2020,4,18,1,0,0,0,3.6,24.3,86.10000000000001
2020,4,18,1,15,0,0,3.5,24.3,86.10000000000001
2020,4,18,1,30,0,0,3.5,24.200000000000003,86.62
2020,4,18,1,45,0,0,3.5,24.200000000000003,85.71000000000001
2020,4,18,2,0,0,0,3.5,24.200000000000003,85.71000000000001
2020,4,18,2,15,0,0,3.4000000000000004,24.1,86.23
2020,4,18,2,30,0,0,3.4000000000000004,24.1,86.23
2020,4,18,2,45,0,0,3.4000000000000004,24.1,85.42
2020,4,18,3,0,0,0,3.4000000000000004,24,85.94
2020,4,18,3,15,0,0,3.4000000000000004,24,85.94
2020,4,18,3,30,0,0,3.4000000000000004,24,85.94
2020,4,18,3,45,0,0,3.3000000000000003,24,84.99
2020,4,18,4,0,0,0,3.3000000000000003,24,84.99
2020,4,18,4,15,0,0,3.3000000000000003,23.900000000000002,85.5
2020,4,18,4,30,0,0,3.3000000000000003,23.900000000000002,85.5
2020,4,18,4,45,0,0,3.3000000000000003,23.900000000000002,84.93
2020,4,18,5,0,0,0,3.3000000000000003,23.900000000000002,85.02
2020,4,18,5,15,0,0,3.3000000000000003,24,84.51
2020,4,18,5,30,0,0,3.3000000000000003,24.1,84
2020,4,18,5,45,0,0,3.3000000000000003,24.1,84.82000000000001
2020,4,18,6,0,0,0,3.3000000000000003,24.200000000000003,84.32000000000001
2020,4,18,6,15,18,124,3.4000000000000004,24.5,82.82000000000001
2020,4,18,6,30,56,303,3.5,24.700000000000003,81.84
2020,4,18,6,45,106,442,3.6,25,80.91
2020,4,18,7,0,162,541,3.7,25.200000000000003,79.96000000000001
2020,4,18,7,15,223,617,3.7,25.400000000000002,79.01
2020,4,18,7,30,284,675,3.8000000000000003,25.700000000000003,77.7
2020,4,18,7,45,346,721,3.8000000000000003,25.900000000000002,75.78
2020,4,18,8,0,408,759,3.9000000000000004,26.1,74.9
2020,4,18,8,15,470,790,3.9000000000000004,26.3,74.02
2020,4,18,8,30,529,815,4,26.5,73.16
2020,4,18,8,45,586,836,4,26.700000000000003,72.59
2020,4,18,9,0,643,856,4,26.900000000000002,71.74
2020,4,18,9,15,695,870,4.1000000000000005,27.1,70.91
2020,4,18,9,30,746,885,4.1000000000000005,27.3,70.08
2020,4,18,9,45,793,895,4.1000000000000005,27.5,70.26
2020,4,18,10,0,835,904,4.2,27.700000000000003,69.44
2020,4,18,10,15,876,913,4.2,27.8,69.04
2020,4,18,10,30,912,921,4.2,27.900000000000002,68.57000000000001
2020,4,18,10,45,946,934,4.2,28,69.43
2020,4,18,11,0,973,938,4.3,28.1,69.03
2020,4,18,11,15,443,38,4.2,28.200000000000003,68.63
2020,4,18,11,30,472,44,4.2,28.200000000000003,68.63
2020,4,18,11,45,1027,944,4.2,28.3,69.38
2020,4,18,12,0,1037,946,4.2,28.3,69.38
2020,4,18,12,15,1042,947,4.2,28.3,69.31
2020,4,18,12,30,1041,945,4.2,28.400000000000002,68.91
2020,4,18,12,45,1036,942,4.2,28.400000000000002,69.57000000000001
2020,4,18,13,0,1026,941,4.2,28.400000000000002,69.57000000000001
2020,4,18,13,15,1012,938,4.2,28.400000000000002,69.5
2020,4,18,13,30,992,933,4.2,28.3,69.91
2020,4,18,13,45,350,20,4.2,28.3,70.57000000000001
2020,4,18,14,0,939,916,4.1000000000000005,28.3,70.57000000000001
2020,4,18,14,15,384,31,4.1000000000000005,28.200000000000003,70.98
2020,4,18,14,30,560,157,4.1000000000000005,28.200000000000003,70.98
2020,4,18,14,45,600,248,4.1000000000000005,28.1,71.81
2020,4,18,15,0,176,4,4.1000000000000005,28,72.22
2020,4,18,15,15,436,113,4.1000000000000005,27.900000000000002,72.64
2020,4,18,15,30,690,854,4.1000000000000005,27.8,73.07000000000001
2020,4,18,15,45,418,176,4.1000000000000005,27.700000000000003,74.16
2020,4,18,16,0,582,819,4,27.6,74.59
2020,4,18,16,15,295,94,4,27.5,75.03
2020,4,18,16,30,466,769,4,27.400000000000002,75.47
2020,4,18,16,45,405,737,3.9000000000000004,27.200000000000003,76.59
2020,4,18,17,0,344,698,3.9000000000000004,27.1,77.04
2020,4,18,17,15,283,651,3.8000000000000003,26.8,78.4
2020,4,18,17,30,222,592,3.6,26.6,79.41
2020,4,18,17,45,162,511,3.5,26.400000000000002,81.55
2020,4,18,18,0,106,412,3.3000000000000003,26.1,83
2020,4,18,18,15,57,280,3.3000000000000003,26,83.49
2020,4,18,18,30,19,110,3.2,25.8,84.48
2020,4,18,18,45,0,0,3.2,25.700000000000003,86.33
2020,4,18,19,0,0,0,3.1,25.5,87.36
2020,4,18,19,15,0,0,3.1,25.5,87.36
2020,4,18,19,30,0,0,3.1,25.5,87.36
2020,4,18,19,45,0,0,3.1,25.5,87.36
2020,4,18,20,0,0,0,3.2,25.400000000000002,87.89
2020,4,18,20,15,0,0,3.2,25.3,88.41
2020,4,18,20,30,0,0,3.2,25.3,88.5
2020,4,18,20,45,0,0,3.2,25.3,88.23
2020,4,18,21,0,0,0,3.3000000000000003,25.200000000000003,88.75
2020,4,18,21,15,0,0,3.3000000000000003,25.200000000000003,88.75
2020,4,18,21,30,0,0,3.3000000000000003,25.1,89.28
2020,4,18,21,45,0,0,3.4000000000000004,25.1,88.9
2020,4,18,22,0,0,0,3.4000000000000004,25,89.43
2020,4,18,22,15,0,0,3.4000000000000004,25,89.43
2020,4,18,22,30,0,0,3.4000000000000004,25,89.43
2020,4,18,22,45,0,0,3.5,24.900000000000002,89.7
2020,4,18,23,0,0,0,3.5,24.900000000000002,89.7
2020,4,18,23,15,0,0,3.5,24.900000000000002,89.7
2020,4,18,23,30,0,0,3.5,24.8,90.23
2020,4,18,23,45,0,0,3.5,24.8,89.89
2020,4,19,0,0,0,0,3.5,24.8,89.89
2020,4,19,0,15,0,0,3.5,24.700000000000003,90.43
2020,4,19,0,30,0,0,3.5,24.700000000000003,90.43
2020,4,19,0,45,0,0,3.5,24.700000000000003,90.01
2020,4,19,1,0,0,0,3.5,24.6,90.55
2020,4,19,1,15,0,0,3.5,24.6,90.55
2020,4,19,1,30,0,0,3.5,24.6,90.55
2020,4,19,1,45,0,0,3.5,24.6,89.86
2020,4,19,2,0,0,0,3.5,24.5,90.4
2020,4,19,2,15,0,0,3.5,24.5,90.4
2020,4,19,2,30,0,0,3.5,24.5,90.4
2020,4,19,2,45,0,0,3.5,24.5,89.61
2020,4,19,3,0,0,0,3.5,24.5,89.61
2020,4,19,3,15,0,0,3.5,24.5,89.61
2020,4,19,3,30,0,0,3.5,24.400000000000002,90.15
2020,4,19,3,45,0,0,3.5,24.400000000000002,89.19
2020,4,19,4,0,0,0,3.5,24.400000000000002,89.19
2020,4,19,4,15,0,0,3.5,24.400000000000002,89.19
2020,4,19,4,30,0,0,3.5,24.400000000000002,89.19
2020,4,19,4,45,0,0,3.5,24.400000000000002,88.37
2020,4,19,5,0,0,0,3.5,24.400000000000002,88.37
2020,4,19,5,15,0,0,3.6,24.400000000000002,88.37
2020,4,19,5,30,0,0,3.6,24.5,87.84
2020,4,19,5,45,0,0,3.7,24.6,86.81
2020,4,19,6,0,0,0,3.7,24.700000000000003,86.29
2020,4,19,6,15,19,125,3.8000000000000003,24.900000000000002,85.27
2020,4,19,6,30,58,305,3.9000000000000004,25.1,84.27
2020,4,19,6,45,108,441,4.1000000000000005,25.3,81.99
2020,4,19,7,0,165,541,4.2,25.5,81.11
2020,4,19,7,15,225,616,4.2,25.700000000000003,80.15
2020,4,19,7,30,286,674,4.2,25.900000000000002,79.21000000000001
2020,4,19,7,45,349,723,4.3,26.1,76.58
2020,4,19,8,0,411,761,4.3,26.3,75.69
2020,4,19,8,15,473,793,4.3,26.5,74.8
2020,4,19,8,30,533,819,4.3,26.700000000000003,73.93
2020,4,19,8,45,591,843,4.3,26.8,72.72
2020,4,19,9,0,648,864,4.3,27,71.87
2020,4,19,9,15,702,880,4.2,27.200000000000003,71.04
2020,4,19,9,30,753,894,4.2,27.3,70.63
2020,4,19,9,45,800,906,4.2,27.5,69.12
2020,4,19,10,0,844,916,4.2,27.700000000000003,68.32000000000001
2020,4,19,10,15,885,925,4.2,27.8,67.93
2020,4,19,10,30,921,933,4.1000000000000005,28,67.14
2020,4,19,10,45,953,936,4.1000000000000005,28.1,66.49
2020,4,19,11,0,981,941,4.1000000000000005,28.200000000000003,66.11
2020,4,19,11,15,1004,946,4.1000000000000005,28.3,65.73
2020,4,19,11,30,1024,949,4.1000000000000005,28.400000000000002,65.28
2020,4,19,11,45,1038,950,4,28.5,65.29
2020,4,19,12,0,1048,952,4,28.6,64.92
2020,4,19,12,15,1052,952,4,28.6,64.92
2020,4,19,12,30,1053,952,4,28.700000000000003,64.54
2020,4,19,12,45,1047,950,4,28.700000000000003,65.06
2020,4,19,13,0,1038,948,4,28.700000000000003,65
2020,4,19,13,15,1024,946,3.9000000000000004,28.700000000000003,65
2020,4,19,13,30,1005,942,3.9000000000000004,28.700000000000003,65
2020,4,19,13,45,980,933,3.9000000000000004,28.700000000000003,65.42
2020,4,19,14,0,952,927,3.9000000000000004,28.700000000000003,65.42
2020,4,19,14,15,920,921,3.9000000000000004,28.6,65.73
2020,4,19,14,30,884,913,3.9000000000000004,28.6,65.73
2020,4,19,14,45,843,902,3.8000000000000003,28.6,65.85
2020,4,19,15,0,799,892,3.8000000000000003,28.5,66.23
2020,4,19,15,15,752,879,3.8000000000000003,28.400000000000002,66.61
2020,4,19,15,30,701,864,3.8000000000000003,28.3,67
2020,4,19,15,45,647,846,3.8000000000000003,28.200000000000003,67.57000000000001
2020,4,19,16,0,591,826,3.8000000000000003,28.1,67.96000000000001
2020,4,19,16,15,533,803,3.8000000000000003,27.900000000000002,68.76
2020,4,19,16,30,473,776,3.8000000000000003,27.8,69.16
2020,4,19,16,45,411,742,3.8000000000000003,27.6,70.13
2020,4,19,17,0,350,703,3.8000000000000003,27.5,70.54
2020,4,19,17,15,287,655,3.8000000000000003,27.3,71.37
2020,4,19,17,30,226,595,3.7,27,72.63
2020,4,19,17,45,166,522,3.7,26.8,74.23
2020,4,19,18,0,109,423,3.7,26.6,75.11
2020,4,19,18,15,59,289,3.7,26.5,75.63
2020,4,19,18,30,20,117,3.7,26.3,76.52
2020,4,19,18,45,0,0,3.7,26.1,79.27
2020,4,19,19,0,0,0,3.7,26,79.74
2020,4,19,19,15,0,0,3.7,26,79.74
2020,4,19,19,30,0,0,3.7,26,79.74
2020,4,19,19,45,0,0,3.7,26,79.74
2020,4,19,20,0,0,0,3.8000000000000003,25.700000000000003,81.89
2020,4,19,20,15,0,0,3.8000000000000003,25.6,82.37
2020,4,19,20,30,0,0,3.8000000000000003,25.5,82.95
2020,4,19,20,45,0,0,3.9000000000000004,25.400000000000002,83.75
2020,4,19,21,0,0,0,3.9000000000000004,25.3,84.25
2020,4,19,21,15,0,0,3.9000000000000004,25.200000000000003,84.75
2020,4,19,21,30,0,0,3.9000000000000004,25.200000000000003,84.75
2020,4,19,21,45,0,0,3.9000000000000004,25.1,85.67
2020,4,19,22,0,0,0,3.9000000000000004,25.1,85.67
2020,4,19,22,15,0,0,3.9000000000000004,25,86.18
2020,4,19,22,30,0,0,3.9000000000000004,25,86.18
2020,4,19,22,45,0,0,3.9000000000000004,24.900000000000002,86.73
2020,4,19,23,0,0,0,3.9000000000000004,24.900000000000002,86.73
2020,4,19,23,15,0,0,3.9000000000000004,24.8,87.25
2020,4,19,23,30,0,0,3.9000000000000004,24.8,87.16
2020,4,19,23,45,0,0,3.8000000000000003,24.8,86.99
2020,4,20,0,0,0,0,3.8000000000000003,24.700000000000003,87.5
2020,4,20,0,15,0,0,3.8000000000000003,24.700000000000003,87.5
2020,4,20,0,30,0,0,3.8000000000000003,24.700000000000003,87.5
2020,4,20,0,45,0,0,3.8000000000000003,24.6,87.27
2020,4,20,1,0,0,0,3.8000000000000003,24.6,87.27
2020,4,20,1,15,0,0,3.8000000000000003,24.6,87.27
2020,4,20,1,30,0,0,3.8000000000000003,24.5,87.7
2020,4,20,1,45,0,0,3.7,24.5,87.2
2020,4,20,2,0,0,0,3.7,24.5,87.2
2020,4,20,2,15,0,0,3.7,24.400000000000002,87.72
2020,4,20,2,30,0,0,3.7,24.400000000000002,87.72
2020,4,20,2,45,0,0,3.7,24.400000000000002,87.49
2020,4,20,3,0,0,0,3.6,24.400000000000002,87.49
2020,4,20,3,15,0,0,3.6,24.3,88.01
2020,4,20,3,30,0,0,3.6,24.3,88.01
2020,4,20,3,45,0,0,3.6,24.3,88
2020,4,20,4,0,0,0,3.5,24.3,88
2020,4,20,4,15,0,0,3.5,24.3,88
2020,4,20,4,30,0,0,3.5,24.200000000000003,88.52
2020,4,20,4,45,0,0,3.5,24.200000000000003,88.51
2020,4,20,5,0,0,0,3.4000000000000004,24.200000000000003,88.51
2020,4,20,5,15,0,0,3.4000000000000004,24.3,87.98
2020,4,20,5,30,0,0,3.4000000000000004,24.3,87.98
2020,4,20,5,45,0,0,3.4000000000000004,24.400000000000002,88.10000000000001
2020,4,20,6,0,0,0,3.4000000000000004,24.5,87.58
2020,4,20,6,15,20,149,3.5,24.700000000000003,86.54
2020,4,20,6,30,59,324,3.6,24.900000000000002,85.61
2020,4,20,6,45,109,446,3.7,25.200000000000003,84.29
2020,4,20,7,0,165,540,3.8000000000000003,25.400000000000002,83.3
2020,4,20,7,15,225,613,3.9000000000000004,25.6,82.32000000000001
2020,4,20,7,30,286,669,4,25.8,81.35000000000001
2020,4,20,7,45,346,704,4,26,79.82000000000001
2020,4,20,8,0,407,742,4.1000000000000005,26.200000000000003,78.89
2020,4,20,8,15,467,772,4.1000000000000005,26.400000000000002,77.96000000000001
2020,4,20,8,30,527,799,4.2,26.6,77.05
2020,4,20,8,45,584,817,4.3,26.8,75.7
2020,4,20,9,0,639,837,4.3,27.1,74.45
2020,4,20,9,15,692,854,4.4,27.3,73.52
2020,4,20,9,30,351,47,4.5,27.5,72.66
2020,4,20,9,45,296,20,4.5,27.6,71.64
2020,4,20,10,0,832,887,4.6000000000000005,27.8,70.81
2020,4,20,10,15,872,896,4.6000000000000005,27.900000000000002,70.4
2020,4,20,10,30,590,163,4.7,28.1,69.58
2020,4,20,10,45,940,909,4.7,28.200000000000003,69.10000000000001
2020,4,20,11,0,475,53,4.800000000000001,28.3,68.7
2020,4,20,11,15,614,132,4.800000000000001,28.3,68.7
2020,4,20,11,30,1010,923,4.800000000000001,28.400000000000002,68.3
2020,4,20,11,45,1026,926,4.800000000000001,28.400000000000002,68.43
2020,4,20,12,0,522,58,4.800000000000001,28.5,68.03
2020,4,20,12,15,546,67,4.800000000000001,28.5,67.97
2020,4,20,12,30,1040,929,4.800000000000001,28.5,67.97
2020,4,20,12,45,1035,926,4.800000000000001,28.400000000000002,68.27
2020,4,20,13,0,1025,924,4.7,28.400000000000002,68.27
2020,4,20,13,15,1011,922,4.7,28.400000000000002,68.27
2020,4,20,13,30,992,918,4.7,28.400000000000002,68.27
2020,4,20,13,45,969,909,4.7,28.400000000000002,68.13
2020,4,20,14,0,941,903,4.6000000000000005,28.3,68.53
2020,4,20,14,15,909,896,4.6000000000000005,28.3,68.53
2020,4,20,14,30,873,887,4.6000000000000005,28.200000000000003,68.92
2020,4,20,14,45,833,878,4.6000000000000005,28.1,69.28
2020,4,20,15,0,789,866,4.6000000000000005,28,69.68
2020,4,20,15,15,743,855,4.6000000000000005,27.900000000000002,70.09
2020,4,20,15,30,693,840,4.6000000000000005,27.8,70.5
2020,4,20,15,45,640,823,4.5,27.700000000000003,70.83
2020,4,20,16,0,584,803,4.5,27.6,71.24
2020,4,20,16,15,527,779,4.5,27.400000000000002,72.07000000000001
2020,4,20,16,30,467,751,4.4,27.3,72.5
2020,4,20,16,45,407,719,4.4,27.1,72.96000000000001
2020,4,20,17,0,346,681,4.3,27,73.39
2020,4,20,17,15,284,632,4.2,26.8,74.25
2020,4,20,17,30,223,572,4,26.6,75.13
2020,4,20,17,45,165,510,3.9000000000000004,26.400000000000002,76.35000000000001
2020,4,20,18,0,109,411,3.7,26.200000000000003,77.33
2020,4,20,18,15,59,280,3.7,26,78.24
2020,4,20,18,30,21,113,3.6,25.900000000000002,78.71000000000001
2020,4,20,18,45,0,0,3.5,25.700000000000003,80.67
2020,4,20,19,0,0,0,3.5,25.5,81.71000000000001
2020,4,20,19,15,0,0,3.5,25.5,81.71000000000001
2020,4,20,19,30,0,0,3.5,25.5,81.71000000000001
2020,4,20,19,45,0,0,3.5,25.5,81.71000000000001
2020,4,20,20,0,0,0,3.6,25.3,82.69
2020,4,20,20,15,0,0,3.6,25.200000000000003,83.18
2020,4,20,20,30,0,0,3.7,25.200000000000003,83.18
2020,4,20,20,45,0,0,3.7,25.200000000000003,82.77
2020,4,20,21,0,0,0,3.8000000000000003,25.1,83.27
2020,4,20,21,15,0,0,3.8000000000000003,25.1,83.27
2020,4,20,21,30,0,0,3.8000000000000003,25,83.76
2020,4,20,21,45,0,0,3.9000000000000004,25,83.09
2020,4,20,22,0,0,0,3.9000000000000004,25,83.09
2020,4,20,22,15,0,0,3.9000000000000004,24.900000000000002,83.59
2020,4,20,22,30,0,0,3.9000000000000004,24.900000000000002,83.59
2020,4,20,22,45,0,0,4,24.8,83.32000000000001
2020,4,20,23,0,0,0,4,24.8,83.32000000000001
2020,4,20,23,15,0,0,4,24.8,83.24
2020,4,20,23,30,0,0,4,24.700000000000003,83.73
2020,4,20,23,45,0,0,3.9000000000000004,24.700000000000003,82.94
2020,4,21,0,0,0,0,3.9000000000000004,24.6,83.44
2020,4,21,0,15,0,0,3.9000000000000004,24.6,83.44
2020,4,21,0,30,0,0,3.9000000000000004,24.5,83.94
2020,4,21,0,45,0,0,3.8000000000000003,24.5,83.29
2020,4,21,1,0,0,0,3.8000000000000003,24.400000000000002,83.79
2020,4,21,1,15,0,0,3.8000000000000003,24.400000000000002,83.79
2020,4,21,1,30,0,0,3.7,24.400000000000002,83.71000000000001
2020,4,21,1,45,0,0,3.7,24.3,83.88
2020,4,21,2,0,0,0,3.6,24.3,83.88
2020,4,21,2,15,0,0,3.6,24.3,83.88
2020,4,21,2,30,0,0,3.6,24.200000000000003,84.38
2020,4,21,2,45,0,0,3.6,24.200000000000003,84.13
2020,4,21,3,0,0,0,3.6,24.200000000000003,84.13
2020,4,21,3,15,0,0,3.6,24.200000000000003,84.13
2020,4,21,3,30,0,0,3.6,24.1,84.63
2020,4,21,3,45,0,0,3.5,24.1,84.37
2020,4,21,4,0,0,0,3.5,24.1,84.37
2020,4,21,4,15,0,0,3.5,24,84.88
2020,4,21,4,30,0,0,3.5,24,84.88
2020,4,21,4,45,0,0,3.5,24,84.75
2020,4,21,5,0,0,0,3.5,24,84.75
2020,4,21,5,15,0,0,3.6,24.1,84.25
2020,4,21,5,30,0,0,3.6,24.200000000000003,83.75
2020,4,21,5,45,0,0,3.6,24.3,83.83
2020,4,21,6,0,0,0,3.7,24.400000000000002,83.33
2020,4,21,6,15,22,179,3.8000000000000003,24.700000000000003,81.85000000000001
2020,4,21,6,30,63,353,3.9000000000000004,25,80.41
2020,4,21,6,45,114,476,4,25.200000000000003,79.03
2020,4,21,7,0,171,569,4.1000000000000005,25.5,77.72
2020,4,21,7,15,232,640,4.1000000000000005,25.8,76.35000000000001
2020,4,21,7,30,293,695,4.1000000000000005,26,75.46000000000001
2020,4,21,7,45,355,736,4.1000000000000005,26.200000000000003,73.58
2020,4,21,8,0,416,770,4.1000000000000005,26.400000000000002,72.72
2020,4,21,8,15,478,800,4,26.6,71.87
2020,4,21,8,30,538,826,4,26.8,71.03
2020,4,21,8,45,595,844,4,27,69.47
2020,4,21,9,0,651,863,3.9000000000000004,27.200000000000003,68.66
2020,4,21,9,15,704,879,3.9000000000000004,27.400000000000002,67.86
2020,4,21,9,30,754,893,3.9000000000000004,27.5,67.47
2020,4,21,9,45,801,901,3.9000000000000004,27.700000000000003,65.88
2020,4,21,10,0,845,911,3.9000000000000004,27.900000000000002,65.12
2020,4,21,10,15,885,920,3.9000000000000004,28,64.67
2020,4,21,10,30,921,928,3.9000000000000004,28.1,64.3
2020,4,21,10,45,953,932,3.9000000000000004,28.3,63.1
2020,4,21,11,0,981,938,4,28.400000000000002,62.74
2020,4,21,11,15,1004,942,4,28.5,62.38
2020,4,21,11,30,1024,946,4,28.6,62.02
2020,4,21,11,45,1039,946,4,28.6,62.230000000000004
2020,4,21,12,0,1049,948,4.1000000000000005,28.700000000000003,61.81
2020,4,21,12,15,1053,949,4.1000000000000005,28.8,61.46
2020,4,21,12,30,1053,949,4.1000000000000005,28.8,61.46
2020,4,21,12,45,1048,945,4.1000000000000005,28.8,61.65
2020,4,21,13,0,1038,943,4.1000000000000005,28.8,61.65
2020,4,21,13,15,1024,941,4.1000000000000005,28.8,61.58
2020,4,21,13,30,1005,937,4.1000000000000005,28.8,61.58
2020,4,21,13,45,980,926,4.1000000000000005,28.700000000000003,62.02
2020,4,21,14,0,952,921,4.1000000000000005,28.700000000000003,62.02
2020,4,21,14,15,920,914,4.1000000000000005,28.6,62.31
2020,4,21,14,30,882,904,4.1000000000000005,28.6,62.31
2020,4,21,14,45,841,892,4.1000000000000005,28.5,62.730000000000004
2020,4,21,15,0,797,881,4.1000000000000005,28.400000000000002,63.1
2020,4,21,15,15,750,868,4,28.3,63.46
2020,4,21,15,30,699,853,4,28.200000000000003,63.83
2020,4,21,15,45,644,830,4,28.1,64.49
2020,4,21,16,0,588,810,3.9000000000000004,28,64.86
2020,4,21,16,15,61,0,3.9000000000000004,27.8,65.62
2020,4,21,16,30,469,757,3.8000000000000003,27.700000000000003,66
2020,4,21,16,45,94,0,3.8000000000000003,27.5,67.47
2020,4,21,17,0,346,677,3.7,27.400000000000002,67.87
2020,4,21,17,15,284,626,3.6,27.1,69.07000000000001
2020,4,21,17,30,223,566,3.5,26.900000000000002,69.88
2020,4,21,17,45,163,482,3.4000000000000004,26.700000000000003,72.3
2020,4,21,18,0,107,382,3.3000000000000003,26.5,73.23
2020,4,21,18,15,58,254,3.2,26.3,74.09
2020,4,21,18,30,20,98,3.2,26.1,74.97
2020,4,21,18,45,0,0,3.1,26,77.91
2020,4,21,19,0,0,0,3,25.8,78.84
2020,4,21,19,15,0,0,3,25.8,78.84
2020,4,21,19,30,0,0,3,25.8,78.84
2020,4,21,19,45,0,0,3,25.8,78.84
2020,4,21,20,0,0,0,2.9000000000000004,25.6,81.2
2020,4,21,20,15,0,0,2.9000000000000004,25.5,81.68
2020,4,21,20,30,0,0,2.8000000000000003,25.5,81.76
2020,4,21,20,45,0,0,2.8000000000000003,25.5,82.5
2020,4,21,21,0,0,0,2.8000000000000003,25.400000000000002,82.99
2020,4,21,21,15,0,0,2.8000000000000003,25.400000000000002,82.99
2020,4,21,21,30,0,0,2.7,25.400000000000002,82.99
2020,4,21,21,45,0,0,2.7,25.400000000000002,83.34
2020,4,21,22,0,0,0,2.7,25.3,83.83
2020,4,21,22,15,0,0,2.7,25.3,83.83
2020,4,21,22,30,0,0,2.7,25.3,83.83
2020,4,21,22,45,0,0,2.7,25.3,84.08
2020,4,21,23,0,0,0,2.7,25.200000000000003,84.58
2020,4,21,23,15,0,0,2.7,25.200000000000003,84.58
2020,4,21,23,30,0,0,2.7,25.200000000000003,84.49
2020,4,21,23,45,0,0,2.7,25.1,85.18
2020,4,22,0,0,0,0,2.7,25.1,85.18
2020,4,22,0,15,0,0,2.8000000000000003,25,85.68
2020,4,22,0,30,0,0,2.8000000000000003,25,85.68
2020,4,22,0,45,0,0,2.8000000000000003,25,85.77
2020,4,22,1,0,0,0,2.8000000000000003,24.900000000000002,86.2
2020,4,22,1,15,0,0,2.8000000000000003,24.900000000000002,86.2
2020,4,22,1,30,0,0,2.8000000000000003,24.900000000000002,86.2
2020,4,22,1,45,0,0,2.8000000000000003,24.8,86.74
2020,4,22,2,0,0,0,2.8000000000000003,24.8,86.74
2020,4,22,2,15,0,0,2.8000000000000003,24.8,86.74
2020,4,22,2,30,0,0,2.8000000000000003,24.8,86.74
2020,4,22,2,45,0,0,2.8000000000000003,24.700000000000003,87.21000000000001
2020,4,22,3,0,0,0,2.8000000000000003,24.700000000000003,87.21000000000001
2020,4,22,3,15,0,0,2.8000000000000003,24.700000000000003,87.21000000000001
2020,4,22,3,30,0,0,2.8000000000000003,24.700000000000003,87.21000000000001
2020,4,22,3,45,0,0,2.8000000000000003,24.6,87.65
2020,4,22,4,0,0,0,2.7,24.6,87.65
2020,4,22,4,15,0,0,2.7,24.6,87.65
2020,4,22,4,30,0,0,2.7,24.6,87.65
2020,4,22,4,45,0,0,2.7,24.6,87.28
2020,4,22,5,0,0,0,2.7,24.6,87.28
2020,4,22,5,15,0,0,2.6,24.700000000000003,86.85000000000001
2020,4,22,5,30,0,0,2.6,24.8,86.33
2020,4,22,5,45,0,0,2.6,24.900000000000002,85.99
2020,4,22,6,0,0,0,2.6,25,85.48
2020,4,22,6,15,20,98,2.6,25.3,83.97
2020,4,22,6,30,58,239,2.7,25.6,82.5
2020,4,22,6,45,107,365,2.7,25.900000000000002,79.82000000000001
2020,4,22,7,0,162,459,2.8000000000000003,26.200000000000003,78.5
2020,4,22,7,15,219,533,2.8000000000000003,26.400000000000002,77.58
2020,4,22,7,30,279,593,2.7,26.6,76.68
2020,4,22,7,45,340,647,2.7,26.8,74.5
2020,4,22,8,0,401,687,2.7,27,73.63
2020,4,22,8,15,461,721,2.6,27.200000000000003,72.78
2020,4,22,8,30,520,750,2.6,27.400000000000002,71.93
2020,4,22,8,45,578,781,2.6,27.700000000000003,69.9
2020,4,22,9,0,633,802,2.5,27.900000000000002,69.10000000000001
2020,4,22,9,15,685,820,2.5,28.1,68.3
2020,4,22,9,30,735,835,2.4000000000000004,28.3,67.51
2020,4,22,9,45,782,852,2.4000000000000004,28.5,67.12
2020,4,22,10,0,825,863,2.4000000000000004,28.6,66.74
2020,4,22,10,15,560,156,2.4000000000000004,28.8,65.97
2020,4,22,10,30,901,881,2.4000000000000004,28.900000000000002,65.59
2020,4,22,10,45,533,93,2.4000000000000004,29.1,65.01
2020,4,22,11,0,505,66,2.4000000000000004,29.200000000000003,64.57000000000001
2020,4,22,11,15,598,118,2.4000000000000004,29.3,64.2
2020,4,22,11,30,590,104,2.4000000000000004,29.400000000000002,63.83
2020,4,22,11,45,617,117,2.4000000000000004,29.400000000000002,63.97
2020,4,22,12,0,623,117,2.4000000000000004,29.5,63.61
2020,4,22,12,15,1034,922,2.4000000000000004,29.5,63.54
2020,4,22,12,30,1034,922,2.4000000000000004,29.6,63.18
2020,4,22,12,45,1028,917,2.4000000000000004,29.6,63.42
2020,4,22,13,0,1019,915,2.4000000000000004,29.6,63.42
2020,4,22,13,15,1005,913,2.4000000000000004,29.6,63.42
2020,4,22,13,30,985,908,2.4000000000000004,29.6,63.35
2020,4,22,13,45,960,897,2.4000000000000004,29.5,64.22
2020,4,22,14,0,932,891,2.4000000000000004,29.5,64.22
2020,4,22,14,15,901,884,2.4000000000000004,29.400000000000002,64.59
2020,4,22,14,30,865,875,2.4000000000000004,29.3,64.96000000000001
2020,4,22,14,45,823,857,2.4000000000000004,29.200000000000003,65.87
2020,4,22,15,0,435,87,2.4000000000000004,29.200000000000003,65.87
2020,4,22,15,15,733,832,2.4000000000000004,29,66.64
2020,4,22,15,30,683,816,2.5,28.900000000000002,67.02
2020,4,22,15,45,629,795,2.5,28.8,68.15
2020,4,22,16,0,574,774,2.5,28.700000000000003,68.54
2020,4,22,16,15,517,749,2.5,28.5,69.34
2020,4,22,16,30,459,720,2.6,28.400000000000002,69.74
2020,4,22,16,45,397,674,2.6,28.200000000000003,71.14
2020,4,22,17,0,337,632,2.6,28,71.97
2020,4,22,17,15,276,582,2.6,27.8,72.81
2020,4,22,17,30,217,521,2.6,27.6,73.66
2020,4,22,17,45,158,440,2.5,27.400000000000002,75.75
2020,4,22,18,0,104,343,2.5,27.200000000000003,76.64
2020,4,22,18,15,56,221,2.5,27,77.54
2020,4,22,18,30,20,81,2.6,26.8,78.45
2020,4,22,18,45,0,0,2.6,26.6,81.42
2020,4,22,19,0,0,0,2.6,26.5,81.98
2020,4,22,19,15,0,0,2.6,26.5,81.98
2020,4,22,19,30,0,0,2.6,26.5,81.98
2020,4,22,19,45,0,0,2.6,26.5,81.98
2020,4,22,20,0,0,0,2.7,26.1,84.88
2020,4,22,20,15,0,0,2.7,26,85.38
2020,4,22,20,30,0,0,2.7,26,85.38
2020,4,22,20,45,0,0,2.7,25.900000000000002,86.45
2020,4,22,21,0,0,0,2.7,25.900000000000002,86.45
2020,4,22,21,15,0,0,2.8000000000000003,25.8,86.96000000000001
2020,4,22,21,30,0,0,2.8000000000000003,25.700000000000003,87.48
2020,4,22,21,45,0,0,2.8000000000000003,25.700000000000003,87.35000000000001
2020,4,22,22,0,0,0,2.8000000000000003,25.6,87.87
2020,4,22,22,15,0,0,2.7,25.6,87.87
2020,4,22,22,30,0,0,2.7,25.5,88.39
2020,4,22,22,45,0,0,2.7,25.5,88.01
2020,4,22,23,0,0,0,2.7,25.400000000000002,88.53
2020,4,22,23,15,0,0,2.7,25.400000000000002,88.44
2020,4,22,23,30,0,0,2.7,25.3,88.97
2020,4,22,23,45,0,0,2.7,25.3,88.59
2020,4,23,0,0,0,0,2.7,25.200000000000003,89.12
2020,4,23,0,15,0,0,2.7,25.1,89.65
2020,4,23,0,30,0,0,2.7,25.1,89.65
2020,4,23,0,45,0,0,2.7,25,89.68
2020,4,23,1,0,0,0,2.8000000000000003,25,89.68
2020,4,23,1,15,0,0,2.8000000000000003,24.900000000000002,90.21000000000001
2020,4,23,1,30,0,0,2.8000000000000003,24.8,90.75
2020,4,23,1,45,0,0,2.8000000000000003,24.8,90.10000000000001
2020,4,23,2,0,0,0,2.9000000000000004,24.700000000000003,90.63
2020,4,23,2,15,0,0,2.9000000000000004,24.6,91.18
2020,4,23,2,30,0,0,2.9000000000000004,24.6,91.18
2020,4,23,2,45,0,0,3,24.6,90.74
2020,4,23,3,0,0,0,3,24.5,91.29
2020,4,23,3,15,0,0,3,24.5,91.29
2020,4,23,3,30,0,0,3.1,24.5,91.29
2020,4,23,3,45,0,0,3.1,24.400000000000002,91.5
2020,4,23,4,0,0,0,3.1,24.400000000000002,91.5
2020,4,23,4,15,0,0,3.1,24.400000000000002,91.5
2020,4,23,4,30,0,0,3.1,24.400000000000002,91.5
2020,4,23,4,45,0,0,3.2,24.400000000000002,91.45
2020,4,23,5,0,0,0,3.2,24.5,90.91
2020,4,23,5,15,0,0,3.2,24.5,91
2020,4,23,5,30,0,0,3.2,24.6,90.46000000000001
2020,4,23,5,45,0,0,3.2,24.700000000000003,91.11
2020,4,23,6,0,0,0,3.2,24.8,90.57000000000001
2020,4,23,6,15,23,146,3.3000000000000003,25,89.5
2020,4,23,6,30,63,306,3.4000000000000004,25.200000000000003,88.53
2020,4,23,6,45,112,423,3.5,25.400000000000002,88.60000000000001
2020,4,23,7,0,168,517,3.6,25.5,88.08
2020,4,23,7,15,227,589,3.7,25.8,86.53
2020,4,23,7,30,288,646,3.8000000000000003,26,85.52
2020,4,23,7,45,349,691,3.9000000000000004,26.200000000000003,82.65
2020,4,23,8,0,410,729,3.9000000000000004,26.5,81.2
2020,4,23,8,15,470,761,4,26.700000000000003,80.26
2020,4,23,8,30,529,788,4.1000000000000005,27,78.86
2020,4,23,8,45,234,20,4.2,27.3,75.60000000000001
2020,4,23,9,0,191,5,4.3,27.5,74.72
2020,4,23,9,15,202,7,4.4,27.700000000000003,73.86
2020,4,23,9,30,370,57,4.4,27.8,73.43
2020,4,23,9,45,239,11,4.5,28,71.73
2020,4,23,10,0,381,41,4.6000000000000005,28.200000000000003,70.9
2020,4,23,10,15,261,13,4.6000000000000005,28.200000000000003,70.9
2020,4,23,10,30,338,21,4.7,28.3,70.49
2020,4,23,10,45,941,911,4.7,28.400000000000002,70.14
2020,4,23,11,0,968,917,4.7,28.5,69.74
2020,4,23,11,15,992,921,4.7,28.6,69.34
2020,4,23,11,30,1010,925,4.7,28.6,69.34
2020,4,23,11,45,1023,922,4.7,28.6,69.27
2020,4,23,12,0,1032,924,4.7,28.700000000000003,68.87
2020,4,23,12,15,1037,924,4.6000000000000005,28.700000000000003,68.87
2020,4,23,12,30,1037,924,4.6000000000000005,28.700000000000003,68.87
2020,4,23,12,45,1031,920,4.5,28.700000000000003,68.68
2020,4,23,13,0,1021,918,4.5,28.8,68.29
2020,4,23,13,15,1007,915,4.4,28.700000000000003,68.68
2020,4,23,13,30,988,912,4.4,28.700000000000003,68.62
2020,4,23,13,45,964,905,4.3,28.700000000000003,68.48
2020,4,23,14,0,441,44,4.3,28.6,68.88
2020,4,23,14,15,905,892,4.3,28.6,68.88
2020,4,23,14,30,570,168,4.3,28.5,69.28
2020,4,23,14,45,554,182,4.3,28.400000000000002,69.76
2020,4,23,15,0,276,16,4.3,28.400000000000002,69.76
2020,4,23,15,15,413,90,4.3,28.200000000000003,70.58
2020,4,23,15,30,167,2,4.3,28.1,70.99
2020,4,23,15,45,636,818,4.3,28,71.83
2020,4,23,16,0,581,798,4.3,27.900000000000002,72.24
2020,4,23,16,15,64,0,4.3,27.700000000000003,73.09
2020,4,23,16,30,465,747,4.3,27.5,73.94
2020,4,23,16,45,405,720,4.3,27.400000000000002,74.38
2020,4,23,17,0,345,682,4.3,27.200000000000003,75.26
2020,4,23,17,15,283,634,4.3,27,76.14
2020,4,23,17,30,223,575,4.3,26.8,77.12
2020,4,23,17,45,165,510,4.2,26.6,78.16
2020,4,23,18,0,110,415,4.2,26.400000000000002,79.08
2020,4,23,18,15,60,288,4.2,26.3,79.54
2020,4,23,18,30,21,125,4.1000000000000005,26.200000000000003,80.01
2020,4,23,18,45,0,0,4.1000000000000005,26.1,81.26
2020,4,23,19,0,0,0,4.1000000000000005,25.900000000000002,82.22
2020,4,23,19,15,0,0,4.1000000000000005,25.900000000000002,82.22
2020,4,23,19,30,0,0,4.1000000000000005,25.900000000000002,82.22
2020,4,23,19,45,0,0,4.1000000000000005,25.900000000000002,82.22
2020,4,23,20,0,0,0,4.1000000000000005,25.700000000000003,83.60000000000001
2020,4,23,20,15,0,0,4.1000000000000005,25.700000000000003,83.60000000000001
2020,4,23,20,30,0,0,4.1000000000000005,25.6,84.09
2020,4,23,20,45,0,0,4.1000000000000005,25.6,84.04
2020,4,23,21,0,0,0,4.2,25.6,84.04
2020,4,23,21,15,0,0,4.2,25.5,84.54
2020,4,23,21,30,0,0,4.2,25.5,84.62
2020,4,23,21,45,0,0,4.2,25.5,84.32000000000001
2020,4,23,22,0,0,0,4.2,25.5,84.32000000000001
2020,4,23,22,15,0,0,4.2,25.400000000000002,84.83
2020,4,23,22,30,0,0,4.2,25.400000000000002,84.74
2020,4,23,22,45,0,0,4.2,25.3,85.14
2020,4,23,23,0,0,0,4.3,25.3,85.14
2020,4,23,23,15,0,0,4.3,25.3,85.14
2020,4,23,23,30,0,0,4.3,25.200000000000003,85.64
2020,4,23,23,45,0,0,4.3,25.200000000000003,85.72
2020,4,24,0,0,0,0,4.3,25.1,86.23
2020,4,24,0,15,0,0,4.3,25.1,86.23
2020,4,24,0,30,0,0,4.3,25,86.65
2020,4,24,0,45,0,0,4.3,25,86.68
2020,4,24,1,0,0,0,4.4,25,86.68
2020,4,24,1,15,0,0,4.4,24.900000000000002,87.2
2020,4,24,1,30,0,0,4.4,24.900000000000002,87.2
2020,4,24,1,45,0,0,4.4,24.900000000000002,86.92
2020,4,24,2,0,0,0,4.4,24.900000000000002,86.92
2020,4,24,2,15,0,0,4.4,24.8,87.44
2020,4,24,2,30,0,0,4.4,24.8,87.44
2020,4,24,2,45,0,0,4.4,24.8,87.17
2020,4,24,3,0,0,0,4.4,24.8,87.08
2020,4,24,3,15,0,0,4.4,24.8,87.17
2020,4,24,3,30,0,0,4.4,24.8,87.17
2020,4,24,3,45,0,0,4.4,24.8,86.92
2020,4,24,4,0,0,0,4.4,24.8,86.92
2020,4,24,4,15,0,0,4.4,24.8,86.92
2020,4,24,4,30,0,0,4.4,24.700000000000003,87.44
2020,4,24,4,45,0,0,4.3,24.700000000000003,87.42
2020,4,24,5,0,0,0,4.3,24.700000000000003,87.42
2020,4,24,5,15,0,0,4.3,24.700000000000003,87.42
2020,4,24,5,30,0,0,4.4,24.8,86.99
2020,4,24,5,45,0,0,4.4,24.8,86.61
2020,4,24,6,0,0,0,4.4,24.900000000000002,86.10000000000001
2020,4,24,6,15,26,182,4.5,25,85.59
2020,4,24,6,30,67,348,4.6000000000000005,25.200000000000003,84.58
2020,4,24,6,45,118,465,4.7,25.400000000000002,82.41
2020,4,24,7,0,175,557,4.800000000000001,25.6,81.53
2020,4,24,7,15,235,627,4.9,25.8,80.57000000000001
2020,4,24,7,30,296,682,4.9,26,79.63
2020,4,24,7,45,356,717,4.9,26.200000000000003,76.78
2020,4,24,8,0,417,752,4.9,26.400000000000002,75.88
2020,4,24,8,15,478,783,4.9,26.6,74.99
2020,4,24,8,30,537,809,4.9,26.8,74.12
2020,4,24,8,45,591,815,4.9,27,72.13
2020,4,24,9,0,647,834,4.9,27.200000000000003,71.29
2020,4,24,9,15,700,851,5,27.400000000000002,70.46000000000001
2020,4,24,9,30,750,866,5,27.5,70.05
2020,4,24,9,45,793,866,5,27.700000000000003,68.73
2020,4,24,10,0,384,42,5,27.900000000000002,67.94
2020,4,24,10,15,875,885,5,28,67.55
2020,4,24,10,30,170,5,5,28.1,67.16
2020,4,24,10,45,939,885,5.1000000000000005,28.200000000000003,66.86
2020,4,24,11,0,540,87,5.1000000000000005,28.3,66.48
2020,4,24,11,15,989,896,5.1000000000000005,28.400000000000002,66.09
2020,4,24,11,30,1008,900,5.1000000000000005,28.5,65.64
2020,4,24,11,45,1020,895,5.1000000000000005,28.5,66.04
2020,4,24,12,0,1029,897,5.1000000000000005,28.6,65.66
2020,4,24,12,15,305,16,5.1000000000000005,28.6,65.66
2020,4,24,12,30,472,39,5.1000000000000005,28.6,65.66
2020,4,24,12,45,450,34,5.1000000000000005,28.6,65.68
2020,4,24,13,0,1019,894,5.2,28.6,65.68
2020,4,24,13,15,1005,891,5.1000000000000005,28.6,65.68
2020,4,24,13,30,478,49,5.1000000000000005,28.6,65.68
2020,4,24,13,45,968,901,5.1000000000000005,28.6,65.37
2020,4,24,14,0,622,174,5.1000000000000005,28.5,65.75
2020,4,24,14,15,402,36,5.1000000000000005,28.5,65.68
2020,4,24,14,30,872,879,5.1000000000000005,28.400000000000002,66.07000000000001
2020,4,24,14,45,334,26,5,28.3,65.73
2020,4,24,15,0,315,25,5,28.3,65.73
2020,4,24,15,15,109,0,5,28.200000000000003,66.11
2020,4,24,15,30,217,9,5,28,66.88
2020,4,24,15,45,642,821,4.9,27.900000000000002,66.71000000000001
2020,4,24,16,0,587,800,4.9,27.8,67.1
2020,4,24,16,15,530,778,4.800000000000001,27.700000000000003,67.49
2020,4,24,16,30,470,750,4.800000000000001,27.5,68.28
2020,4,24,16,45,411,726,4.800000000000001,27.3,68.46000000000001
2020,4,24,17,0,349,686,4.7,27.200000000000003,68.86
2020,4,24,17,15,288,640,4.6000000000000005,27,69.67
2020,4,24,17,30,227,580,4.5,26.8,70.49
2020,4,24,17,45,168,512,4.4,26.6,71.64
2020,4,24,18,0,112,413,4.3,26.400000000000002,72.48
2020,4,24,18,15,62,282,4.3,26.200000000000003,73.34
2020,4,24,18,30,22,115,4.2,26,74.21000000000001
2020,4,24,18,45,0,0,4.1000000000000005,25.900000000000002,76.13
2020,4,24,19,0,0,0,4,25.700000000000003,77.11
2020,4,24,19,15,0,0,4,25.700000000000003,77.11
2020,4,24,19,30,0,0,4,25.700000000000003,77.11
2020,4,24,19,45,0,0,4,25.700000000000003,77.11
2020,4,24,20,0,0,0,4,25.5,79.33
2020,4,24,20,15,0,0,4,25.5,79.33
2020,4,24,20,30,0,0,4,25.400000000000002,79.88
2020,4,24,20,45,0,0,4,25.400000000000002,81.05
2020,4,24,21,0,0,0,3.9000000000000004,25.400000000000002,81.05
2020,4,24,21,15,0,0,3.9000000000000004,25.3,81.53
2020,4,24,21,30,0,0,3.9000000000000004,25.3,81.53
2020,4,24,21,45,0,0,3.9000000000000004,25.3,82.72
2020,4,24,22,0,0,0,3.9000000000000004,25.200000000000003,83.22
2020,4,24,22,15,0,0,3.8000000000000003,25.200000000000003,83.22
2020,4,24,22,30,0,0,3.8000000000000003,25.200000000000003,83.22
2020,4,24,22,45,0,0,3.8000000000000003,25.200000000000003,84.3
2020,4,24,23,0,0,0,3.8000000000000003,25.1,84.8
2020,4,24,23,15,0,0,3.8000000000000003,25.1,84.8
2020,4,24,23,30,0,0,3.7,25,85.31
2020,4,24,23,45,0,0,3.7,25,86.21000000000001
2020,4,25,0,0,0,0,3.7,25,86.21000000000001
2020,4,25,0,15,0,0,3.7,24.900000000000002,86.72
2020,4,25,0,30,0,0,3.7,24.8,87.15
2020,4,25,0,45,0,0,3.6,24.8,87.38
2020,4,25,1,0,0,0,3.6,24.700000000000003,87.9
2020,4,25,1,15,0,0,3.6,24.700000000000003,87.9
2020,4,25,1,30,0,0,3.7,24.6,88.42
2020,4,25,1,45,0,0,3.7,24.6,87.96000000000001
2020,4,25,2,0,0,0,3.7,24.5,88.49
2020,4,25,2,15,0,0,3.7,24.5,88.49
2020,4,25,2,30,0,0,3.7,24.400000000000002,89.02
2020,4,25,2,45,0,0,3.7,24.3,88.96000000000001
2020,4,25,3,0,0,0,3.7,24.3,88.88
2020,4,25,3,15,0,0,3.7,24.200000000000003,89.41
2020,4,25,3,30,0,0,3.7,24.200000000000003,89.5
2020,4,25,3,45,0,0,3.8000000000000003,24.1,90.04
2020,4,25,4,0,0,0,3.8000000000000003,24.1,90.04
2020,4,25,4,15,0,0,3.8000000000000003,24.1,90.04
2020,4,25,4,30,0,0,3.8000000000000003,24,90.58
2020,4,25,4,45,0,0,3.8000000000000003,24,91.3
2020,4,25,5,0,0,0,3.8000000000000003,24,91.3
2020,4,25,5,15,0,0,3.9000000000000004,24.1,90.75
2020,4,25,5,30,0,0,3.9000000000000004,24.200000000000003,90.21000000000001
2020,4,25,5,45,0,0,3.9000000000000004,24.3,91.93
2020,4,25,6,0,0,0,4,24.400000000000002,91.38
2020,4,25,6,15,24,93,4.1000000000000005,24.5,90.93
2020,4,25,6,30,63,242,4.3,24.700000000000003,89.86
2020,4,25,6,45,109,319,4.5,24.900000000000002,90.34
2020,4,25,7,0,163,418,4.6000000000000005,25.1,89.27
2020,4,25,7,15,221,496,4.800000000000001,25.3,88.22
2020,4,25,7,30,281,559,5,25.5,87.18
2020,4,25,7,45,109,0,5.2,25.700000000000003,86.27
2020,4,25,8,0,397,628,5.4,25.900000000000002,85.26
2020,4,25,8,15,135,0,5.6000000000000005,26.1,84.26
2020,4,25,8,30,209,17,5.800000000000001,26.3,83.27
2020,4,25,8,45,569,713,6,26.6,80.44
2020,4,25,9,0,623,737,6.2,26.8,79.59
2020,4,25,9,15,675,757,6.4,26.900000000000002,79.12
2020,4,25,9,30,725,775,6.5,27,78.66
2020,4,25,9,45,772,791,6.6000000000000005,27.1,76.71000000000001
2020,4,25,10,0,815,804,6.800000000000001,27.3,75.82000000000001
2020,4,25,10,15,854,816,6.800000000000001,27.3,75.82000000000001
2020,4,25,10,30,890,825,6.800000000000001,27.400000000000002,75.38
2020,4,25,10,45,930,867,6.800000000000001,27.400000000000002,74.07000000000001
2020,4,25,11,0,419,33,6.800000000000001,27.5,73.64
2020,4,25,11,15,476,48,6.7,27.6,73.21000000000001
2020,4,25,11,30,604,113,6.6000000000000005,27.6,73.14
2020,4,25,11,45,1012,882,6.5,27.700000000000003,71.34
2020,4,25,12,0,1023,885,6.4,27.8,70.93
2020,4,25,12,15,1027,886,6.300000000000001,27.8,70.93
2020,4,25,12,30,435,30,6.1000000000000005,27.900000000000002,70.52
2020,4,25,12,45,476,41,6,27.900000000000002,69.37
2020,4,25,13,0,1014,886,5.9,28,68.97
2020,4,25,13,15,1000,883,5.800000000000001,28,68.97
2020,4,25,13,30,202,9,5.6000000000000005,28,68.9
2020,4,25,13,45,398,29,5.5,28,68.1
2020,4,25,14,0,218,10,5.4,28,68.1
2020,4,25,14,15,188,7,5.300000000000001,28,68.1
2020,4,25,14,30,416,48,5.1000000000000005,28,68.1
2020,4,25,14,45,540,165,5,28,67.56
2020,4,25,15,0,784,840,4.9,28,67.56
2020,4,25,15,15,351,46,4.800000000000001,27.900000000000002,67.95
2020,4,25,15,30,204,7,4.800000000000001,27.900000000000002,67.95
2020,4,25,15,45,260,24,4.7,27.900000000000002,67.6
2020,4,25,16,0,114,0,4.6000000000000005,27.8,68
2020,4,25,16,15,524,753,4.6000000000000005,27.700000000000003,68.39
2020,4,25,16,30,179,12,4.6000000000000005,27.6,68.79
2020,4,25,16,45,182,28,4.5,27.5,68.82000000000001
2020,4,25,17,0,345,655,4.5,27.400000000000002,69.22
2020,4,25,17,15,284,604,4.5,27.200000000000003,70.04
2020,4,25,17,30,224,544,4.4,27,70.86
2020,4,25,17,45,165,469,4.3,26.900000000000002,71.32000000000001
2020,4,25,18,0,109,369,4.2,26.700000000000003,72.23
2020,4,25,18,15,60,239,4.2,26.5,73.09
2020,4,25,18,30,22,84,4.1000000000000005,26.400000000000002,73.52
2020,4,25,18,45,0,0,4,26.200000000000003,75.72
2020,4,25,19,0,0,0,4,26.1,76.17
2020,4,25,19,15,0,0,4,26.1,76.17
2020,4,25,19,30,0,0,4,26.1,76.17
2020,4,25,19,45,0,0,4,26.1,76.17
2020,4,25,20,0,0,0,4,25.8,78.55
2020,4,25,20,15,0,0,4,25.8,78.55
2020,4,25,20,30,0,0,4.1000000000000005,25.700000000000003,79.01
2020,4,25,20,45,0,0,4.1000000000000005,25.700000000000003,79.18
2020,4,25,21,0,0,0,4.1000000000000005,25.6,79.65
2020,4,25,21,15,0,0,4.1000000000000005,25.6,79.65
2020,4,25,21,30,0,0,4.2,25.5,80.12
2020,4,25,21,45,0,0,4.2,25.5,80.02
2020,4,25,22,0,0,0,4.2,25.400000000000002,80.49
2020,4,25,22,15,0,0,4.2,25.400000000000002,80.41
2020,4,25,22,30,0,0,4.2,25.400000000000002,80.41
2020,4,25,22,45,0,0,4.2,25.3,80.8
2020,4,25,23,0,0,0,4.2,25.3,80.8
2020,4,25,23,15,0,0,4.2,25.3,80.8
2020,4,25,23,30,0,0,4.2,25.200000000000003,81.28
2020,4,25,23,45,0,0,4.2,25.200000000000003,81.41
2020,4,26,0,0,0,0,4.2,25.200000000000003,81.41
2020,4,26,0,15,0,0,4.2,25.1,81.9
2020,4,26,0,30,0,0,4.2,25,82.3
2020,4,26,0,45,0,0,4.2,25,82.82000000000001
2020,4,26,1,0,0,0,4.1000000000000005,24.900000000000002,83.31
2020,4,26,1,15,0,0,4.1000000000000005,24.900000000000002,83.31
2020,4,26,1,30,0,0,4.1000000000000005,24.900000000000002,83.31
2020,4,26,1,45,0,0,4.1000000000000005,24.8,84.05
2020,4,26,2,0,0,0,4.1000000000000005,24.8,84.05
2020,4,26,2,15,0,0,4.1000000000000005,24.8,84.05
2020,4,26,2,30,0,0,4.1000000000000005,24.700000000000003,84.55
2020,4,26,2,45,0,0,4.1000000000000005,24.700000000000003,84.49
2020,4,26,3,0,0,0,4.1000000000000005,24.700000000000003,84.49
2020,4,26,3,15,0,0,4.1000000000000005,24.6,84.99
2020,4,26,3,30,0,0,4.1000000000000005,24.6,84.99
2020,4,26,3,45,0,0,4.1000000000000005,24.6,85.21000000000001
2020,4,26,4,0,0,0,4.1000000000000005,24.6,85.21000000000001
2020,4,26,4,15,0,0,4.1000000000000005,24.6,85.21000000000001
2020,4,26,4,30,0,0,4.2,24.6,85.21000000000001
2020,4,26,4,45,0,0,4.2,24.6,85.85000000000001
2020,4,26,5,0,0,0,4.2,24.6,85.85000000000001
2020,4,26,5,15,0,0,4.2,24.6,85.85000000000001
2020,4,26,5,30,0,0,4.3,24.700000000000003,85.34
2020,4,26,5,45,0,0,4.3,24.700000000000003,86.29
2020,4,26,6,0,0,0,4.4,24.8,85.78
2020,4,26,6,15,28,181,4.6000000000000005,25,84.76
2020,4,26,6,30,70,345,4.7,25.3,83.27
2020,4,26,6,45,120,447,4.9,25.5,81.15
2020,4,26,7,0,177,540,5.1000000000000005,25.8,79.72
2020,4,26,7,15,237,611,5.2,26,78.79
2020,4,26,7,30,299,667,5.300000000000001,26.200000000000003,77.86
2020,4,26,7,45,358,692,5.4,26.5,74.26
2020,4,26,8,0,120,0,5.5,26.700000000000003,73.4
2020,4,26,8,15,243,61,5.6000000000000005,26.900000000000002,72.54
2020,4,26,8,30,540,790,5.6000000000000005,27.1,71.7
2020,4,26,8,45,594,797,5.7,27.3,69.21000000000001
2020,4,26,9,0,649,818,5.7,27.5,68.41
2020,4,26,9,15,703,836,5.7,27.700000000000003,67.62
2020,4,26,9,30,168,3,5.7,27.8,67.22
2020,4,26,9,45,180,5,5.7,28,65.52
2020,4,26,10,0,282,15,5.800000000000001,28.1,65.14
2020,4,26,10,15,881,880,5.800000000000001,28.200000000000003,64.77
2020,4,26,10,30,916,889,5.800000000000001,28.3,64.33
2020,4,26,10,45,951,908,5.7,28.400000000000002,63.74
2020,4,26,11,0,979,913,5.7,28.6,63
2020,4,26,11,15,615,132,5.7,28.6,63
2020,4,26,11,30,1020,922,5.7,28.700000000000003,62.64
2020,4,26,11,45,1034,923,5.7,28.700000000000003,62.67
2020,4,26,12,0,1043,924,5.7,28.8,62.31
2020,4,26,12,15,1048,925,5.6000000000000005,28.8,62.31
2020,4,26,12,30,1048,925,5.6000000000000005,28.8,62.25
2020,4,26,12,45,1041,918,5.5,28.8,62.36
2020,4,26,13,0,1031,916,5.5,28.8,62.36
2020,4,26,13,15,626,132,5.5,28.8,62.36
2020,4,26,13,30,604,124,5.4,28.700000000000003,62.72
2020,4,26,13,45,974,904,5.4,28.700000000000003,62.58
2020,4,26,14,0,550,106,5.300000000000001,28.700000000000003,62.51
2020,4,26,14,15,914,891,5.300000000000001,28.6,62.88
2020,4,26,14,30,550,146,5.2,28.5,63.24
2020,4,26,14,45,837,872,5.2,28.400000000000002,63.27
2020,4,26,15,0,793,861,5.2,28.400000000000002,63.27
2020,4,26,15,15,748,849,5.1000000000000005,28.3,63.63
2020,4,26,15,30,697,834,5.1000000000000005,28.200000000000003,64
2020,4,26,15,45,645,818,5,28.1,63.96
2020,4,26,16,0,589,797,5,28,64.33
2020,4,26,16,15,531,772,4.9,27.8,65.08
2020,4,26,16,30,471,743,4.9,27.700000000000003,65.46000000000001
2020,4,26,16,45,411,710,4.800000000000001,27.5,66.05
2020,4,26,17,0,349,669,4.800000000000001,27.400000000000002,66.43
2020,4,26,17,15,287,620,4.7,27.200000000000003,67.21000000000001
2020,4,26,17,30,227,560,4.6000000000000005,27,68
2020,4,26,17,45,168,487,4.5,26.8,69.45
2020,4,26,18,0,112,388,4.4,26.6,70.34
2020,4,26,18,15,62,257,4.3,26.400000000000002,71.17
2020,4,26,18,30,23,97,4.2,26.200000000000003,72.01
2020,4,26,18,45,0,0,4.1000000000000005,26.1,74.19
2020,4,26,19,0,0,0,4,25.900000000000002,75.07000000000001
2020,4,26,19,15,0,0,4,25.900000000000002,75.07000000000001
2020,4,26,19,30,0,0,4,25.900000000000002,75.07000000000001
2020,4,26,19,45,0,0,4,25.900000000000002,75.07000000000001
2020,4,26,20,0,0,0,3.9000000000000004,25.6,77.23
2020,4,26,20,15,0,0,4,25.6,77.23
2020,4,26,20,30,0,0,4,25.5,77.68
2020,4,26,20,45,0,0,4,25.400000000000002,78.41
2020,4,26,21,0,0,0,4,25.400000000000002,78.41
2020,4,26,21,15,0,0,4,25.3,78.88
2020,4,26,21,30,0,0,4,25.3,78.88
2020,4,26,21,45,0,0,4,25.200000000000003,79.37
2020,4,26,22,0,0,0,4,25.200000000000003,79.37
2020,4,26,22,15,0,0,3.9000000000000004,25.1,79.84
2020,4,26,22,30,0,0,3.9000000000000004,25,80.31
2020,4,26,22,45,0,0,3.9000000000000004,25,80.48
2020,4,26,23,0,0,0,3.9000000000000004,24.900000000000002,80.96000000000001
2020,4,26,23,15,0,0,3.8000000000000003,24.8,81.45
2020,4,26,23,30,0,0,3.8000000000000003,24.8,81.45
2020,4,26,23,45,0,0,3.8000000000000003,24.700000000000003,82.29
2020,4,27,0,0,0,0,3.8000000000000003,24.6,82.78
2020,4,27,0,15,0,0,3.7,24.6,82.78
2020,4,27,0,30,0,0,3.7,24.5,83.28
2020,4,27,0,45,0,0,3.7,24.5,83.27
2020,4,27,1,0,0,0,3.7,24.400000000000002,83.76
2020,4,27,1,15,0,0,3.7,24.400000000000002,83.76
2020,4,27,1,30,0,0,3.7,24.400000000000002,83.76
2020,4,27,1,45,0,0,3.7,24.3,83.94
2020,4,27,2,0,0,0,3.6,24.3,83.94
2020,4,27,2,15,0,0,3.6,24.3,83.94
2020,4,27,2,30,0,0,3.6,24.200000000000003,84.44
2020,4,27,2,45,0,0,3.6,24.200000000000003,84.54
2020,4,27,3,0,0,0,3.6,24.200000000000003,84.54
2020,4,27,3,15,0,0,3.6,24.200000000000003,84.54
2020,4,27,3,30,0,0,3.5,24.200000000000003,84.54
2020,4,27,3,45,0,0,3.5,24.200000000000003,85.58
2020,4,27,4,0,0,0,3.5,24.1,86.09
2020,4,27,4,15,0,0,3.5,24.1,86.09
2020,4,27,4,30,0,0,3.5,24.1,86.09
2020,4,27,4,45,0,0,3.5,24.1,87.22
2020,4,27,5,0,0,0,3.5,24.1,87.22
2020,4,27,5,15,0,0,3.6,24.3,86.19
2020,4,27,5,30,0,0,3.6,24.400000000000002,85.67
2020,4,27,5,45,0,0,3.7,24.5,86.09
2020,4,27,6,0,0,0,3.7,24.6,85.58
2020,4,27,6,15,28,145,3.8000000000000003,24.900000000000002,84.15
2020,4,27,6,30,69,304,4,25.200000000000003,82.67
2020,4,27,6,45,118,391,4.1000000000000005,25.5,81.13
2020,4,27,7,0,175,487,4.2,25.8,79.7
2020,4,27,7,15,234,561,4.3,26,78.77
2020,4,27,7,30,295,621,4.4,26.3,77.39
2020,4,27,7,45,355,657,4.5,26.5,73.95
2020,4,27,8,0,416,697,4.6000000000000005,26.8,72.66
2020,4,27,8,15,477,731,4.6000000000000005,27,71.82000000000001
2020,4,27,8,30,536,760,4.7,27.1,71.4
2020,4,27,8,45,593,782,4.7,27.3,68.49
2020,4,27,9,0,648,803,4.7,27.5,67.69
2020,4,27,9,15,701,821,4.7,27.700000000000003,66.91
2020,4,27,9,30,751,837,4.800000000000001,27.900000000000002,66.14
2020,4,27,9,45,797,850,4.800000000000001,28,64.57000000000001
2020,4,27,10,0,840,861,4.800000000000001,28.200000000000003,63.83
2020,4,27,10,15,880,871,4.800000000000001,28.3,63.46
2020,4,27,10,30,916,880,4.800000000000001,28.400000000000002,63.09
2020,4,27,10,45,951,902,4.800000000000001,28.5,62.13
2020,4,27,11,0,979,908,4.7,28.6,61.77
2020,4,27,11,15,1001,913,4.7,28.6,61.77
2020,4,27,11,30,1020,917,4.7,28.700000000000003,61.42
2020,4,27,11,45,1036,922,4.7,28.700000000000003,61.64
2020,4,27,12,0,1045,924,4.7,28.8,61.22
2020,4,27,12,15,1050,925,4.7,28.8,61.22
2020,4,27,12,30,1049,925,4.7,28.700000000000003,61.58
2020,4,27,12,45,1044,925,4.7,28.700000000000003,61.980000000000004
2020,4,27,13,0,1034,923,4.6000000000000005,28.700000000000003,61.980000000000004
2020,4,27,13,15,1020,920,4.6000000000000005,28.700000000000003,61.92
2020,4,27,13,30,1001,916,4.6000000000000005,28.6,62.28
2020,4,27,13,45,977,910,4.6000000000000005,28.6,62.9
2020,4,27,14,0,949,904,4.5,28.5,63.27
2020,4,27,14,15,916,897,4.5,28.400000000000002,63.63
2020,4,27,14,30,880,888,4.5,28.400000000000002,63.63
2020,4,27,14,45,838,877,4.5,28.3,64.47
2020,4,27,15,0,794,866,4.5,28.200000000000003,64.78
2020,4,27,15,15,747,852,4.4,28.1,65.16
2020,4,27,15,30,697,837,4.4,28,65.53
2020,4,27,15,45,643,816,4.4,27.900000000000002,66.71000000000001
2020,4,27,16,0,588,796,4.3,27.700000000000003,67.49
2020,4,27,16,15,530,771,4.3,27.6,67.88
2020,4,27,16,30,471,743,4.3,27.400000000000002,68.68
2020,4,27,16,45,410,708,4.2,27.3,69.53
2020,4,27,17,0,349,667,4.2,27.1,70.34
2020,4,27,17,15,287,618,4.1000000000000005,26.900000000000002,71.17
2020,4,27,17,30,227,557,4,26.700000000000003,72.08
2020,4,27,17,45,168,481,3.9000000000000004,26.5,74.11
2020,4,27,18,0,112,383,3.8000000000000003,26.3,74.98
2020,4,27,18,15,62,255,3.8000000000000003,26.200000000000003,75.43
2020,4,27,18,30,23,100,3.7,26,76.32000000000001
2020,4,27,18,45,0,0,3.6,25.900000000000002,78.9
2020,4,27,19,0,0,0,3.5,25.700000000000003,79.84
2020,4,27,19,15,0,0,3.5,25.700000000000003,79.84
2020,4,27,19,30,0,0,3.5,25.700000000000003,79.84
2020,4,27,19,45,0,0,3.5,25.700000000000003,79.84
2020,4,27,20,0,0,0,3.4000000000000004,25.400000000000002,82.55
2020,4,27,20,15,0,0,3.4000000000000004,25.3,83.04
2020,4,27,20,30,0,0,3.4000000000000004,25.3,83.04
2020,4,27,20,45,0,0,3.3000000000000003,25.200000000000003,83.85000000000001
2020,4,27,21,0,0,0,3.3000000000000003,25.200000000000003,83.85000000000001
2020,4,27,21,15,0,0,3.3000000000000003,25.1,84.35000000000001
2020,4,27,21,30,0,0,3.2,25.1,84.35000000000001
2020,4,27,21,45,0,0,3.2,25,84.89
2020,4,27,22,0,0,0,3.2,24.900000000000002,85.39
2020,4,27,22,15,0,0,3.2,24.900000000000002,85.39
2020,4,27,22,30,0,0,3.1,24.8,85.9
2020,4,27,22,45,0,0,3.1,24.8,85.55
2020,4,27,23,0,0,0,3.1,24.700000000000003,86.06
2020,4,27,23,15,0,0,3.1,24.700000000000003,86.06
2020,4,27,23,30,0,0,3.1,24.6,86.58
2020,4,27,23,45,0,0,3.1,24.6,86.21000000000001
2020,4,28,0,0,0,0,3.1,24.6,86.21000000000001
2020,4,28,0,15,0,0,3.1,24.6,86.21000000000001
2020,4,28,0,30,0,0,3.1,24.5,86.72
2020,4,28,0,45,0,0,3.1,24.5,86.47
2020,4,28,1,0,0,0,3.1,24.5,86.47
2020,4,28,1,15,0,0,3.1,24.400000000000002,86.99
2020,4,28,1,30,0,0,3.1,24.400000000000002,86.99
2020,4,28,1,45,0,0,3.2,24.400000000000002,86.22
2020,4,28,2,0,0,0,3.2,24.3,86.73
2020,4,28,2,15,0,0,3.2,24.3,86.73
2020,4,28,2,30,0,0,3.3000000000000003,24.3,86.73
2020,4,28,2,45,0,0,3.3000000000000003,24.3,85.52
2020,4,28,3,0,0,0,3.3000000000000003,24.200000000000003,86.03
2020,4,28,3,15,0,0,3.4000000000000004,24.200000000000003,86.03
2020,4,28,3,30,0,0,3.4000000000000004,24.200000000000003,86.03
2020,4,28,3,45,0,0,3.5,24.200000000000003,85.2
2020,4,28,4,0,0,0,3.5,24.200000000000003,85.2
2020,4,28,4,15,0,0,3.5,24.200000000000003,85.28
2020,4,28,4,30,0,0,3.5,24.200000000000003,85.28
2020,4,28,4,45,0,0,3.6,24.1,85.11
2020,4,28,5,0,0,0,3.6,24.1,85.11
2020,4,28,5,15,0,0,3.6,24.200000000000003,84.60000000000001
2020,4,28,5,30,0,0,3.6,24.3,84.10000000000001
2020,4,28,5,45,0,0,3.6,24.400000000000002,83.62
2020,4,28,6,0,0,0,3.6,24.5,83.12
2020,4,28,6,15,31,216,3.7,24.700000000000003,82.14
2020,4,28,6,30,75,374,3.8000000000000003,25,80.77
2020,4,28,6,45,128,498,3.9000000000000004,25.200000000000003,78.32000000000001
2020,4,28,7,0,186,584,4,25.5,76.94
2020,4,28,7,15,246,650,4,25.700000000000003,76.03
2020,4,28,7,30,308,702,4,25.900000000000002,75.14
2020,4,28,7,45,370,747,4,26.200000000000003,70.35000000000001
2020,4,28,8,0,432,781,4,26.400000000000002,69.53
2020,4,28,8,15,492,810,4,26.6,68.72
2020,4,28,8,30,552,834,3.9000000000000004,26.8,67.92
2020,4,28,8,45,609,853,3.9000000000000004,27.1,64.48
2020,4,28,9,0,664,871,3.9000000000000004,27.3,63.730000000000004
2020,4,28,9,15,716,886,3.9000000000000004,27.5,62.99
2020,4,28,9,30,766,900,3.9000000000000004,27.700000000000003,62.26
2020,4,28,9,45,813,909,3.9000000000000004,27.900000000000002,60.69
2020,4,28,10,0,856,919,3.9000000000000004,28,60.34
2020,4,28,10,15,894,925,3.9000000000000004,28.1,59.99
2020,4,28,10,30,929,933,3.9000000000000004,28.200000000000003,59.64
2020,4,28,10,45,959,931,3.9000000000000004,28.400000000000002,59.44
2020,4,28,11,0,986,936,3.9000000000000004,28.5,59.04
2020,4,28,11,15,1007,938,3.9000000000000004,28.5,59.04
2020,4,28,11,30,1025,942,3.9000000000000004,28.6,58.7
2020,4,28,11,45,1038,942,3.9000000000000004,28.6,60.050000000000004
2020,4,28,12,0,1046,941,3.9000000000000004,28.6,60.050000000000004
2020,4,28,12,15,1050,942,3.9000000000000004,28.6,60.050000000000004
2020,4,28,12,30,1050,942,3.9000000000000004,28.6,60.050000000000004
2020,4,28,12,45,1042,937,3.9000000000000004,28.6,61.6
2020,4,28,13,0,1032,935,3.9000000000000004,28.6,61.6
2020,4,28,13,15,1018,933,3.9000000000000004,28.5,61.95
2020,4,28,13,30,999,929,3.9000000000000004,28.400000000000002,62.31
2020,4,28,13,45,974,922,3.9000000000000004,28.400000000000002,63.95
2020,4,28,14,0,945,915,3.9000000000000004,28.3,64.25
2020,4,28,14,15,913,908,3.9000000000000004,28.200000000000003,64.63
2020,4,28,14,30,877,900,3.9000000000000004,28.200000000000003,64.63
2020,4,28,14,45,837,890,3.9000000000000004,28.1,66.31
2020,4,28,15,0,793,879,3.9000000000000004,28,66.69
2020,4,28,15,15,746,867,3.9000000000000004,27.900000000000002,67.08
2020,4,28,15,30,696,852,3.9000000000000004,27.8,67.47
2020,4,28,15,45,644,836,3.9000000000000004,27.700000000000003,68.82000000000001
2020,4,28,16,0,589,817,3.9000000000000004,27.6,69.22
2020,4,28,16,15,532,794,3.8000000000000003,27.400000000000002,70.03
2020,4,28,16,30,472,766,3.8000000000000003,27.3,70.44
2020,4,28,16,45,412,737,3.8000000000000003,27.1,71.78
2020,4,28,17,0,351,699,3.8000000000000003,27,72.21000000000001
2020,4,28,17,15,290,653,3.7,26.8,73.06
2020,4,28,17,30,229,597,3.7,26.6,73.92
2020,4,28,17,45,170,526,3.6,26.400000000000002,75.78
2020,4,28,18,0,115,433,3.6,26.200000000000003,76.68
2020,4,28,18,15,64,310,3.6,26,77.59
2020,4,28,18,30,24,147,3.5,25.900000000000002,78.05
2020,4,28,18,45,0,0,3.5,25.700000000000003,80.59
2020,4,28,19,0,0,0,3.5,25.6,81.06
2020,4,28,19,15,0,0,3.5,25.6,81.06
2020,4,28,19,30,0,0,3.5,25.6,81.06
2020,4,28,19,45,0,0,3.5,25.6,81.06
2020,4,28,20,0,0,0,3.5,25.3,83.57000000000001
2020,4,28,20,15,0,0,3.5,25.3,83.57000000000001
2020,4,28,20,30,0,0,3.5,25.200000000000003,84.06
2020,4,28,20,45,0,0,3.5,25.200000000000003,84.82000000000001
2020,4,28,21,0,0,0,3.5,25.200000000000003,84.82000000000001
2020,4,28,21,15,0,0,3.5,25.1,85.33
2020,4,28,21,30,0,0,3.5,25,85.83
2020,4,28,21,45,0,0,3.5,25,86.11
2020,4,28,22,0,0,0,3.5,24.900000000000002,86.62
2020,4,28,22,15,0,0,3.4000000000000004,24.900000000000002,86.62
2020,4,28,22,30,0,0,3.4000000000000004,24.8,87.14
2020,4,28,22,45,0,0,3.4000000000000004,24.8,87.21000000000001
2020,4,28,23,0,0,0,3.4000000000000004,24.700000000000003,87.73
2020,4,28,23,15,0,0,3.4000000000000004,24.700000000000003,87.64
2020,4,28,23,30,0,0,3.4000000000000004,24.700000000000003,87.64
2020,4,28,23,45,0,0,3.4000000000000004,24.700000000000003,87.66
2020,4,29,0,0,0,0,3.4000000000000004,24.700000000000003,87.66
2020,4,29,0,15,0,0,3.4000000000000004,24.700000000000003,87.66
2020,4,29,0,30,0,0,3.4000000000000004,24.6,88.18
2020,4,29,0,45,0,0,3.4000000000000004,24.6,87.66
2020,4,29,1,0,0,0,3.4000000000000004,24.6,87.66
2020,4,29,1,15,0,0,3.4000000000000004,24.6,87.57000000000001
2020,4,29,1,30,0,0,3.4000000000000004,24.5,88.09
2020,4,29,1,45,0,0,3.4000000000000004,24.5,87.45
2020,4,29,2,0,0,0,3.4000000000000004,24.5,87.45
2020,4,29,2,15,0,0,3.4000000000000004,24.5,87.45
2020,4,29,2,30,0,0,3.4000000000000004,24.400000000000002,87.97
2020,4,29,2,45,0,0,3.4000000000000004,24.400000000000002,87.9
2020,4,29,3,0,0,0,3.4000000000000004,24.400000000000002,87.9
2020,4,29,3,15,0,0,3.4000000000000004,24.400000000000002,87.9
2020,4,29,3,30,0,0,3.4000000000000004,24.3,88.43
2020,4,29,3,45,0,0,3.4000000000000004,24.3,88.89
2020,4,29,4,0,0,0,3.5,24.3,88.89
2020,4,29,4,15,0,0,3.5,24.3,88.89
2020,4,29,4,30,0,0,3.5,24.3,88.89
2020,4,29,4,45,0,0,3.5,24.200000000000003,89.86
2020,4,29,5,0,0,0,3.5,24.200000000000003,89.86
2020,4,29,5,15,0,0,3.5,24.3,89.33
2020,4,29,5,30,0,0,3.6,24.400000000000002,88.8
2020,4,29,5,45,0,0,3.6,24.5,89.32000000000001
2020,4,29,6,0,0,0,3.7,24.6,88.79
2020,4,29,6,15,31,188,3.8000000000000003,24.8,87.74
2020,4,29,6,30,73,341,3.9000000000000004,25,86.7
2020,4,29,6,45,126,471,4,25.200000000000003,85.51
2020,4,29,7,0,182,558,4.1000000000000005,25.400000000000002,84.5
2020,4,29,7,15,242,624,4.2,25.6,83.5
2020,4,29,7,30,302,677,4.3,25.8,82.52
2020,4,29,7,45,364,727,4.4,26,78.05
2020,4,29,8,0,425,762,4.4,26.3,76.69
2020,4,29,8,15,485,791,4.5,26.400000000000002,76.24
2020,4,29,8,30,544,815,4.5,26.6,75.35000000000001
2020,4,29,8,45,600,836,4.5,26.8,71.65
2020,4,29,9,0,655,854,4.5,27,70.81
2020,4,29,9,15,247,14,4.5,27.200000000000003,69.99
2020,4,29,9,30,394,71,4.5,27.3,69.58
2020,4,29,9,45,337,30,4.5,27.5,67.66
2020,4,29,10,0,252,12,4.5,27.6,67.27
2020,4,29,10,15,247,12,4.5,27.700000000000003,66.88
2020,4,29,10,30,293,15,4.5,27.900000000000002,66.11
2020,4,29,10,45,213,10,4.5,28,65.47
2020,4,29,11,0,472,50,4.5,28.1,65.09
2020,4,29,11,15,681,197,4.5,28.200000000000003,64.65
2020,4,29,11,30,653,154,4.5,28.3,64.28
2020,4,29,11,45,1028,921,4.5,28.400000000000002,64.03
2020,4,29,12,0,1037,923,4.5,28.5,63.660000000000004
2020,4,29,12,15,1042,924,4.5,28.5,63.660000000000004
2020,4,29,12,30,1041,924,4.4,28.5,63.660000000000004
2020,4,29,12,45,1036,924,4.4,28.6,63.49
2020,4,29,13,0,1027,922,4.4,28.6,63.42
2020,4,29,13,15,1012,919,4.4,28.6,63.42
2020,4,29,13,30,993,916,4.3,28.6,63.42
2020,4,29,13,45,972,914,4.3,28.6,63.74
2020,4,29,14,0,944,908,4.2,28.6,63.74
2020,4,29,14,15,556,128,4.2,28.6,63.74
2020,4,29,14,30,876,893,4.2,28.6,63.74
2020,4,29,14,45,836,883,4.1000000000000005,28.5,64.34
2020,4,29,15,0,792,872,4.1000000000000005,28.5,64.34
2020,4,29,15,15,745,859,4.1000000000000005,28.400000000000002,64.71000000000001
2020,4,29,15,30,696,844,4,28.3,65.02
2020,4,29,15,45,643,829,4,28.200000000000003,65.61
2020,4,29,16,0,588,809,4,28.200000000000003,65.61
2020,4,29,16,15,531,786,3.9000000000000004,28,66.38
2020,4,29,16,30,472,759,3.9000000000000004,27.900000000000002,66.76
2020,4,29,16,45,412,728,3.9000000000000004,27.700000000000003,67.73
2020,4,29,17,0,351,690,3.9000000000000004,27.6,68.12
2020,4,29,17,15,290,643,3.8000000000000003,27.3,69.32000000000001
2020,4,29,17,30,229,585,3.8000000000000003,27.1,70.14
2020,4,29,17,45,171,513,3.7,26.900000000000002,71.9
2020,4,29,18,0,115,418,3.6,26.6,73.17
2020,4,29,18,15,65,294,3.6,26.5,73.60000000000001
2020,4,29,18,30,25,134,3.6,26.3,74.47
2020,4,29,18,45,0,0,3.6,26.1,77.27
2020,4,29,19,0,0,0,3.6,26,77.73
2020,4,29,19,15,0,0,3.6,26,77.73
2020,4,29,19,30,0,0,3.6,26,77.73
2020,4,29,19,45,0,0,3.6,26,77.73
2020,4,29,20,0,0,0,3.7,25.700000000000003,80.18
2020,4,29,20,15,0,0,3.7,25.6,80.66
2020,4,29,20,30,0,0,3.8000000000000003,25.6,80.66
2020,4,29,20,45,0,0,3.8000000000000003,25.5,82.27
2020,4,29,21,0,0,0,3.8000000000000003,25.400000000000002,82.84
2020,4,29,21,15,0,0,3.8000000000000003,25.400000000000002,82.84
2020,4,29,21,30,0,0,3.8000000000000003,25.3,83.33
2020,4,29,21,45,0,0,3.8000000000000003,25.3,84.19
2020,4,29,22,0,0,0,3.8000000000000003,25.200000000000003,84.69
2020,4,29,22,15,0,0,3.8000000000000003,25.200000000000003,84.69
2020,4,29,22,30,0,0,3.8000000000000003,25.1,85.2
2020,4,29,22,45,0,0,3.8000000000000003,25.1,85.45
2020,4,29,23,0,0,0,3.7,25,85.96000000000001
2020,4,29,23,15,0,0,3.7,25,85.96000000000001
2020,4,29,23,30,0,0,3.7,24.900000000000002,86.47
2020,4,29,23,45,0,0,3.7,24.900000000000002,86.36
2020,4,30,0,0,0,0,3.7,24.8,86.79
2020,4,30,0,15,0,0,3.7,24.8,86.79
2020,4,30,0,30,0,0,3.7,24.8,86.79
2020,4,30,0,45,0,0,3.7,24.700000000000003,87.25
2020,4,30,1,0,0,0,3.6,24.700000000000003,87.25
2020,4,30,1,15,0,0,3.6,24.700000000000003,87.25
2020,4,30,1,30,0,0,3.6,24.6,87.77
2020,4,30,1,45,0,0,3.6,24.6,87.65
2020,4,30,2,0,0,0,3.6,24.6,87.65
2020,4,30,2,15,0,0,3.6,24.5,88.17
2020,4,30,2,30,0,0,3.5,24.5,88.17
2020,4,30,2,45,0,0,3.5,24.5,88.13
2020,4,30,3,0,0,0,3.5,24.400000000000002,88.65
2020,4,30,3,15,0,0,3.5,24.400000000000002,88.65
2020,4,30,3,30,0,0,3.4000000000000004,24.400000000000002,88.74
2020,4,30,3,45,0,0,3.4000000000000004,24.3,89.58
2020,4,30,4,0,0,0,3.4000000000000004,24.3,89.58
2020,4,30,4,15,0,0,3.3000000000000003,24.3,89.58
2020,4,30,4,30,0,0,3.3000000000000003,24.3,89.58
2020,4,30,4,45,0,0,3.2,24.200000000000003,90.76
2020,4,30,5,0,0,0,3.2,24.200000000000003,90.76
2020,4,30,5,15,0,0,3.2,24.3,90.22
2020,4,30,5,30,0,0,3.2,24.400000000000002,89.68
2020,4,30,5,45,0,0,3.2,24.400000000000002,91.34
2020,4,30,6,0,0,0,3.2,24.5,90.8
2020,4,30,6,15,31,159,3.2,24.700000000000003,89.82000000000001
2020,4,30,6,30,73,307,3.3000000000000003,24.900000000000002,88.76
2020,4,30,6,45,123,403,3.4000000000000004,25,89.41
2020,4,30,7,0,178,493,3.5,25.200000000000003,88.35000000000001
2020,4,30,7,15,236,564,3.6,25.400000000000002,87.31
2020,4,30,7,30,296,619,3.7,25.700000000000003,85.78
2020,4,30,7,45,354,650,3.8000000000000003,25.900000000000002,83.7
2020,4,30,8,0,414,689,3.8000000000000003,26.1,82.72
2020,4,30,8,15,473,722,4,26.400000000000002,81.27
2020,4,30,8,30,531,750,4.1000000000000005,26.700000000000003,79.86
2020,4,30,8,45,586,766,4.2,27,76.67
2020,4,30,9,0,639,785,4.3,27.3,75.34
2020,4,30,9,15,690,803,4.4,27.400000000000002,74.9
2020,4,30,9,30,739,819,4.5,27.6,74.03
2020,4,30,9,45,785,835,4.6000000000000005,27.8,72.23
2020,4,30,10,0,828,847,4.7,27.900000000000002,71.82000000000001
2020,4,30,10,15,866,857,4.7,28,71.4
2020,4,30,10,30,903,867,4.800000000000001,28.1,70.99
2020,4,30,10,45,939,896,4.800000000000001,28.1,70.87
2020,4,30,11,0,966,901,4.9,28.200000000000003,70.46000000000001
2020,4,30,11,15,988,906,4.800000000000001,28.200000000000003,70.46000000000001
2020,4,30,11,30,1006,909,4.800000000000001,28.200000000000003,70.46000000000001
2020,4,30,11,45,1022,916,4.7,28.200000000000003,69.99
2020,4,30,12,0,475,41,4.7,28.3,69.58
2020,4,30,12,15,1035,918,4.6000000000000005,28.3,69.58
2020,4,30,12,30,1035,920,4.5,28.400000000000002,69.11
2020,4,30,12,45,1032,925,4.5,28.5,67.64
2020,4,30,13,0,1024,925,4.4,28.5,67.64
2020,4,30,13,15,1009,923,4.4,28.5,67.64
2020,4,30,13,30,990,919,4.3,28.5,67.64
2020,4,30,13,45,961,891,4.3,28.5,66.83
2020,4,30,14,0,933,885,4.2,28.6,66.44
2020,4,30,14,15,901,877,4.2,28.5,66.83
2020,4,30,14,30,866,869,4.2,28.400000000000002,67.22
2020,4,30,14,45,828,869,4.2,28.400000000000002,67.48
2020,4,30,15,0,785,857,4.2,28.3,67.87
2020,4,30,15,15,739,844,4.1000000000000005,28.200000000000003,68.26
2020,4,30,15,30,689,829,4.1000000000000005,28.1,68.66
2020,4,30,15,45,637,817,4.1000000000000005,28,69.97
2020,4,30,16,0,583,797,4.1000000000000005,27.900000000000002,70.38
2020,4,30,16,15,526,774,4.1000000000000005,27.700000000000003,71.2
2020,4,30,16,30,467,745,4.1000000000000005,27.5,72.04
2020,4,30,16,45,407,713,4.1000000000000005,27.3,74.13
2020,4,30,17,0,347,675,4.1000000000000005,27.1,75
2020,4,30,17,15,286,627,4.1000000000000005,26.900000000000002,75.88
2020,4,30,17,30,227,570,4,26.6,77.23
2020,4,30,17,45,167,484,3.9000000000000004,26.400000000000002,80.51
2020,4,30,18,0,112,391,3.9000000000000004,26.1,81.95
2020,4,30,18,15,64,271,3.8000000000000003,25.900000000000002,82.92
2020,4,30,18,30,25,122,3.8000000000000003,25.8,83.49
2020,4,30,18,45,0,0,3.8000000000000003,25.6,87.13
2020,4,30,19,0,0,0,3.7,25.400000000000002,88.17
2020,4,30,19,15,0,0,3.7,25.400000000000002,88.17
2020,4,30,19,30,0,0,3.7,25.400000000000002,88.17
2020,4,30,19,45,0,0,3.7,25.400000000000002,88.17
2020,4,30,20,0,0,0,3.7,25.200000000000003,90.21000000000001
2020,4,30,20,15,0,0,3.7,25.200000000000003,90.3
2020,4,30,20,30,0,0,3.7,25.1,90.84
2020,4,30,20,45,0,0,3.7,25.1,90.58
2020,4,30,21,0,0,0,3.7,25.1,90.58
2020,4,30,21,15,0,0,3.8000000000000003,25.1,90.58
2020,4,30,21,30,0,0,3.8000000000000003,25.1,90.58
2020,4,30,21,45,0,0,3.8000000000000003,25.1,90.24
2020,4,30,22,0,0,0,3.9000000000000004,25.1,90.24
2020,4,30,22,15,0,0,3.9000000000000004,25.1,90.24
2020,4,30,22,30,0,0,3.9000000000000004,25.1,90.24
2020,4,30,22,45,0,0,3.9000000000000004,25.1,89.73
2020,4,30,23,0,0,0,3.9000000000000004,25.1,89.73
2020,4,30,23,15,0,0,3.9000000000000004,25.1,89.73
2020,4,30,23,30,0,0,4,25.1,89.73
2020,4,30,23,45,0,0,4,25.1,88.79
2020,5,1,0,0,0,0,4,25.1,88.79
2020,5,1,0,15,0,0,4.1000000000000005,25.1,88.79
2020,5,1,0,30,0,0,4.1000000000000005,25.1,88.79
2020,5,1,0,45,0,0,4.1000000000000005,25,87.62
2020,5,1,1,0,0,0,4.2,25,87.62
2020,5,1,1,15,0,0,4.2,25,87.62
2020,5,1,1,30,0,0,4.2,25,87.62
2020,5,1,1,45,0,0,4.3,24.900000000000002,86.3
2020,5,1,2,0,0,0,4.3,24.900000000000002,86.3
2020,5,1,2,15,0,0,4.3,24.900000000000002,86.3
2020,5,1,2,30,0,0,4.2,24.900000000000002,86.3
2020,5,1,2,45,0,0,4.2,24.900000000000002,85.16
2020,5,1,3,0,0,0,4.2,24.8,85.67
2020,5,1,3,15,0,0,4.2,24.8,85.67
2020,5,1,3,30,0,0,4.2,24.8,85.67
2020,5,1,3,45,0,0,4.2,24.8,84.98
2020,5,1,4,0,0,0,4.1000000000000005,24.8,84.98
2020,5,1,4,15,0,0,4.1000000000000005,24.700000000000003,85.49
2020,5,1,4,30,0,0,4.1000000000000005,24.700000000000003,85.49
2020,5,1,4,45,0,0,4.1000000000000005,24.700000000000003,84.96000000000001
2020,5,1,5,0,0,0,4.1000000000000005,24.700000000000003,84.96000000000001
2020,5,1,5,15,0,0,4.2,24.700000000000003,84.96000000000001
2020,5,1,5,30,0,0,4.2,24.8,84.46000000000001
2020,5,1,5,45,0,0,4.2,24.900000000000002,84.77
2020,5,1,6,0,0,0,4.2,25,84.27
2020,5,1,6,15,34,203,4.3,25.200000000000003,83.28
2020,5,1,6,30,78,355,4.5,25.400000000000002,82.38
2020,5,1,6,45,131,479,4.6000000000000005,25.6,80.58
2020,5,1,7,0,188,565,4.7,25.8,79.63
2020,5,1,7,15,248,631,4.800000000000001,26,78.7
2020,5,1,7,30,308,683,4.9,26.200000000000003,77.78
2020,5,1,7,45,370,730,5,26.400000000000002,74.60000000000001
2020,5,1,8,0,431,765,5,26.700000000000003,73.29
2020,5,1,8,15,491,794,5,26.8,72.87
2020,5,1,8,30,550,819,5,27,72.02
2020,5,1,8,45,606,839,5,27.200000000000003,70.48
2020,5,1,9,0,219,11,5,27.400000000000002,69.66
2020,5,1,9,15,712,872,5,27.5,69.26
2020,5,1,9,30,762,885,4.9,27.6,68.85000000000001
2020,5,1,9,45,808,897,4.9,27.8,67.75
2020,5,1,10,0,850,907,4.9,27.900000000000002,67.36
2020,5,1,10,15,889,916,4.800000000000001,28.1,66.58
2020,5,1,10,30,313,17,4.800000000000001,28.200000000000003,66.2
2020,5,1,10,45,509,76,4.800000000000001,28.3,65.52
2020,5,1,11,0,981,930,4.800000000000001,28.400000000000002,65.14
2020,5,1,11,15,1004,934,4.7,28.5,64.77
2020,5,1,11,30,632,136,4.7,28.6,64.39
2020,5,1,11,45,1034,932,4.6000000000000005,28.6,64.35
2020,5,1,12,0,1042,934,4.5,28.700000000000003,63.980000000000004
2020,5,1,12,15,1047,935,4.5,28.700000000000003,63.910000000000004
2020,5,1,12,30,1046,935,4.4,28.8,63.550000000000004
2020,5,1,12,45,1042,931,4.3,28.8,63.77
2020,5,1,13,0,1032,929,4.3,28.8,63.77
2020,5,1,13,15,1018,926,4.2,28.8,63.77
2020,5,1,13,30,999,923,4.2,28.8,63.77
2020,5,1,13,45,973,910,4.1000000000000005,28.8,64
2020,5,1,14,0,945,905,4.1000000000000005,28.8,63.940000000000005
2020,5,1,14,15,913,898,4,28.8,63.940000000000005
2020,5,1,14,30,877,889,4,28.700000000000003,64.31
2020,5,1,14,45,837,881,4,28.700000000000003,64.44
2020,5,1,15,0,794,870,4,28.700000000000003,64.44
2020,5,1,15,15,747,857,4,28.6,64.81
2020,5,1,15,30,699,844,4,28.5,65.19
2020,5,1,15,45,646,825,4,28.400000000000002,65.8
2020,5,1,16,0,591,805,4,28.400000000000002,65.8
2020,5,1,16,15,534,782,4.1000000000000005,28.200000000000003,66.57000000000001
2020,5,1,16,30,474,754,4.1000000000000005,28.1,66.95
2020,5,1,16,45,413,715,4.1000000000000005,27.900000000000002,68.31
2020,5,1,17,0,352,676,4.2,27.8,68.71000000000001
2020,5,1,17,15,291,629,4.1000000000000005,27.6,69.51
2020,5,1,17,30,231,570,4.1000000000000005,27.3,70.74
2020,5,1,17,45,171,492,4.1000000000000005,27.1,73.10000000000001
2020,5,1,18,0,116,398,4,26.900000000000002,73.96000000000001
2020,5,1,18,15,66,275,4,26.700000000000003,74.9
2020,5,1,18,30,26,122,3.9000000000000004,26.5,75.79
2020,5,1,18,45,0,0,3.9000000000000004,26.3,79.46000000000001
2020,5,1,19,0,0,0,3.8000000000000003,26.1,80.4
2020,5,1,19,15,0,0,3.8000000000000003,26.1,80.4
2020,5,1,19,30,0,0,3.8000000000000003,26.1,80.4
2020,5,1,19,45,0,0,3.8000000000000003,26.1,80.4
2020,5,1,20,0,0,0,3.9000000000000004,25.900000000000002,82.61
2020,5,1,20,15,0,0,3.9000000000000004,25.900000000000002,82.61
2020,5,1,20,30,0,0,3.9000000000000004,25.900000000000002,82.61
2020,5,1,20,45,0,0,3.9000000000000004,25.8,83
2020,5,1,21,0,0,0,3.9000000000000004,25.8,83
2020,5,1,21,15,0,0,3.9000000000000004,25.700000000000003,83.49
2020,5,1,21,30,0,0,3.9000000000000004,25.700000000000003,83.49
2020,5,1,21,45,0,0,3.9000000000000004,25.700000000000003,83.75
2020,5,1,22,0,0,0,3.9000000000000004,25.6,84.24
2020,5,1,22,15,0,0,3.9000000000000004,25.6,84.24
2020,5,1,22,30,0,0,3.9000000000000004,25.6,84.24
2020,5,1,22,45,0,0,3.8000000000000003,25.5,85.06
2020,5,1,23,0,0,0,3.8000000000000003,25.5,85.06
2020,5,1,23,15,0,0,3.8000000000000003,25.400000000000002,85.56
2020,5,1,23,30,0,0,3.7,25.400000000000002,85.56
2020,5,1,23,45,0,0,3.7,25.400000000000002,85.97
2020,5,2,0,0,0,0,3.7,25.3,86.49
2020,5,2,0,15,0,0,3.7,25.3,86.4
2020,5,2,0,30,0,0,3.6,25.200000000000003,86.91
2020,5,2,0,45,0,0,3.6,25.200000000000003,87.12
2020,5,2,1,0,0,0,3.6,25.1,87.64
2020,5,2,1,15,0,0,3.6,25.1,87.64
2020,5,2,1,30,0,0,3.6,25,88.16
2020,5,2,1,45,0,0,3.6,25,88.02
2020,5,2,2,0,0,0,3.5,24.900000000000002,88.45
2020,5,2,2,15,0,0,3.5,24.900000000000002,88.45
2020,5,2,2,30,0,0,3.5,24.8,88.98
2020,5,2,2,45,0,0,3.5,24.8,88.42
2020,5,2,3,0,0,0,3.4000000000000004,24.8,88.42
2020,5,2,3,15,0,0,3.4000000000000004,24.700000000000003,88.94
2020,5,2,3,30,0,0,3.4000000000000004,24.6,89.47
2020,5,2,3,45,0,0,3.4000000000000004,24.6,88.73
2020,5,2,4,0,0,0,3.3000000000000003,24.5,89.26
2020,5,2,4,15,0,0,3.3000000000000003,24.5,89.35000000000001
2020,5,2,4,30,0,0,3.3000000000000003,24.5,89.35000000000001
2020,5,2,4,45,0,0,3.4000000000000004,24.5,88.60000000000001
2020,5,2,5,0,0,0,3.4000000000000004,24.400000000000002,89.13
2020,5,2,5,15,0,0,3.4000000000000004,24.6,88.08
2020,5,2,5,30,0,0,3.5,24.700000000000003,87.55
2020,5,2,5,45,0,0,3.6,24.8,86.54
2020,5,2,6,0,0,0,3.6,24.900000000000002,86.03
2020,5,2,6,15,36,231,3.8000000000000003,25.1,85.02
2020,5,2,6,30,80,379,3.9000000000000004,25.400000000000002,83.60000000000001
2020,5,2,6,45,132,482,4,25.6,81.28
2020,5,2,7,0,189,566,4.1000000000000005,25.8,80.32000000000001
2020,5,2,7,15,75,0,4.2,26,79.38
2020,5,2,7,30,167,74,4.3,26.200000000000003,78.45
2020,5,2,7,45,128,0,4.3,26.400000000000002,76.24
2020,5,2,8,0,184,24,4.4,26.6,75.35000000000001
2020,5,2,8,15,489,783,4.4,26.8,74.47
2020,5,2,8,30,216,19,4.5,27,73.61
2020,5,2,8,45,330,88,4.5,27.200000000000003,71.87
2020,5,2,9,0,250,19,4.6000000000000005,27.400000000000002,71.03
2020,5,2,9,15,305,32,4.6000000000000005,27.5,70.62
2020,5,2,9,30,760,879,4.6000000000000005,27.700000000000003,69.8
2020,5,2,9,45,806,889,4.6000000000000005,27.8,69.01
2020,5,2,10,0,562,185,4.6000000000000005,28,68.22
2020,5,2,10,15,887,908,4.6000000000000005,28.1,67.82000000000001
2020,5,2,10,30,922,915,4.6000000000000005,28.200000000000003,67.43
2020,5,2,10,45,948,898,4.5,28.3,67.47
2020,5,2,11,0,974,904,4.5,28.400000000000002,67.01
2020,5,2,11,15,997,909,4.4,28.5,66.62
2020,5,2,11,30,1015,912,4.4,28.5,66.62
2020,5,2,11,45,1028,913,4.3,28.6,66.89
2020,5,2,12,0,1037,915,4.2,28.700000000000003,66.5
2020,5,2,12,15,638,126,4.2,28.700000000000003,66.5
2020,5,2,12,30,1039,914,4.1000000000000005,28.700000000000003,66.5
2020,5,2,12,45,1033,912,4,28.8,66.49
2020,5,2,13,0,1023,910,4,28.8,66.49
2020,5,2,13,15,765,293,3.9000000000000004,28.8,66.49
2020,5,2,13,30,990,903,3.9000000000000004,28.8,66.49
2020,5,2,13,45,965,895,3.8000000000000003,28.900000000000002,66.24
2020,5,2,14,0,937,889,3.8000000000000003,28.900000000000002,66.24
2020,5,2,14,15,906,882,3.7,28.8,66.62
2020,5,2,14,30,870,874,3.7,28.8,66.56
2020,5,2,14,45,829,863,3.7,28.700000000000003,67.09
2020,5,2,15,0,785,851,3.6,28.700000000000003,67.09
2020,5,2,15,15,739,838,3.6,28.6,67.48
2020,5,2,15,30,689,823,3.6,28.5,67.87
2020,5,2,15,45,637,802,3.5,28.400000000000002,68.53
2020,5,2,16,0,582,781,3.5,28.3,68.93
2020,5,2,16,15,526,757,3.5,28.1,69.73
2020,5,2,16,30,467,729,3.4000000000000004,28,70.14
2020,5,2,16,45,408,693,3.4000000000000004,27.900000000000002,70.52
2020,5,2,17,0,347,653,3.4000000000000004,27.700000000000003,71.34
2020,5,2,17,15,287,605,3.3000000000000003,27.5,72.18
2020,5,2,17,30,227,546,3.2,27.3,73.02
2020,5,2,17,45,169,472,3.2,27.1,74.38
2020,5,2,18,0,114,379,3.1,26.900000000000002,75.25
2020,5,2,18,15,65,261,3.1,26.8,75.69
2020,5,2,18,30,26,115,3,26.6,76.58
2020,5,2,18,45,0,0,3,26.400000000000002,78.98
2020,5,2,19,0,0,0,3,26.200000000000003,79.91
2020,5,2,19,15,0,0,3,26.200000000000003,79.91
2020,5,2,19,30,0,0,3,26.200000000000003,79.91
2020,5,2,19,45,0,0,3,26.200000000000003,79.91
2020,5,2,20,0,0,0,3,25.8,82.78
2020,5,2,20,15,0,0,3,25.8,82.78
2020,5,2,20,30,0,0,3,25.700000000000003,83.27
2020,5,2,20,45,0,0,3,25.6,83.96000000000001
2020,5,2,21,0,0,0,3,25.6,83.96000000000001
2020,5,2,21,15,0,0,2.9000000000000004,25.5,84.46000000000001
2020,5,2,21,30,0,0,2.9000000000000004,25.5,84.46000000000001
2020,5,2,21,45,0,0,2.9000000000000004,25.400000000000002,84.46000000000001
2020,5,2,22,0,0,0,2.9000000000000004,25.400000000000002,84.46000000000001
2020,5,2,22,15,0,0,2.9000000000000004,25.3,84.97
2020,5,2,22,30,0,0,2.9000000000000004,25.3,84.97
2020,5,2,22,45,0,0,2.8000000000000003,25.3,84.10000000000001
2020,5,2,23,0,0,0,2.8000000000000003,25.200000000000003,84.60000000000001
2020,5,2,23,15,0,0,2.8000000000000003,25.200000000000003,84.52
2020,5,2,23,30,0,0,2.7,25.1,85.02
2020,5,2,23,45,0,0,2.7,25.1,84.2
2020,5,3,0,0,0,0,2.7,25,84.7
2020,5,3,0,15,0,0,2.7,25,84.7
2020,5,3,0,30,0,0,2.7,24.900000000000002,85.21000000000001
2020,5,3,0,45,0,0,2.6,24.900000000000002,84.41
2020,5,3,1,0,0,0,2.6,24.8,84.82000000000001
2020,5,3,1,15,0,0,2.6,24.8,84.82000000000001
2020,5,3,1,30,0,0,2.6,24.700000000000003,85.33
2020,5,3,1,45,0,0,2.6,24.700000000000003,84.55
2020,5,3,2,0,0,0,2.6,24.6,85.05
2020,5,3,2,15,0,0,2.7,24.6,85.05
2020,5,3,2,30,0,0,2.7,24.5,85.56
2020,5,3,2,45,0,0,2.7,24.5,85.01
2020,5,3,3,0,0,0,2.7,24.5,85.01
2020,5,3,3,15,0,0,2.7,24.400000000000002,85.52
2020,5,3,3,30,0,0,2.7,24.400000000000002,85.52
2020,5,3,3,45,0,0,2.7,24.400000000000002,85.11
2020,5,3,4,0,0,0,2.7,24.400000000000002,85.11
2020,5,3,4,15,0,0,2.7,24.3,85.62
2020,5,3,4,30,0,0,2.8000000000000003,24.3,85.62
2020,5,3,4,45,0,0,2.8000000000000003,24.3,85.06
2020,5,3,5,0,0,0,2.8000000000000003,24.3,85.06
2020,5,3,5,15,0,0,2.8000000000000003,24.400000000000002,84.64
2020,5,3,5,30,0,0,2.8000000000000003,24.5,84.13
2020,5,3,5,45,0,0,2.8000000000000003,24.6,83.73
2020,5,3,6,0,0,0,2.8000000000000003,24.700000000000003,83.23
2020,5,3,6,15,37,214,2.9000000000000004,25,81.76
2020,5,3,6,30,81,361,3,25.3,80.32000000000001
2020,5,3,6,45,134,475,3.1,25.5,77.98
2020,5,3,7,0,191,559,3.2,25.8,76.61
2020,5,3,7,15,251,625,3.3000000000000003,26,75.79
2020,5,3,7,30,312,677,3.3000000000000003,26.200000000000003,74.9
2020,5,3,7,45,372,717,3.3000000000000003,26.400000000000002,72.21000000000001
2020,5,3,8,0,433,752,3.3000000000000003,26.6,71.37
2020,5,3,8,15,493,782,3.3000000000000003,26.8,70.53
2020,5,3,8,30,551,807,3.3000000000000003,27.1,69.31
2020,5,3,8,45,607,826,3.3000000000000003,27.3,67.45
2020,5,3,9,0,662,845,3.3000000000000003,27.5,66.67
2020,5,3,9,15,714,861,3.3000000000000003,27.700000000000003,65.9
2020,5,3,9,30,763,875,3.3000000000000003,27.900000000000002,65.14
2020,5,3,9,45,808,884,3.3000000000000003,28.1,63.34
2020,5,3,10,0,352,30,3.4000000000000004,28.3,62.61
2020,5,3,10,15,612,214,3.4000000000000004,28.400000000000002,62.190000000000005
2020,5,3,10,30,923,909,3.4000000000000004,28.6,61.47
2020,5,3,10,45,676,235,3.4000000000000004,28.700000000000003,61.51
2020,5,3,11,0,976,902,3.4000000000000004,28.8,61.15
2020,5,3,11,15,999,907,3.3000000000000003,28.900000000000002,60.800000000000004
2020,5,3,11,30,1015,908,3.3000000000000003,29,60.45
2020,5,3,11,45,1028,910,3.3000000000000003,29.1,61.34
2020,5,3,12,0,1037,912,3.3000000000000003,29.200000000000003,60.93
2020,5,3,12,15,1041,913,3.3000000000000003,29.200000000000003,60.93
2020,5,3,12,30,1040,913,3.2,29.3,60.58
2020,5,3,12,45,1033,910,3.2,29.400000000000002,60.93
2020,5,3,13,0,1024,908,3.2,29.400000000000002,60.93
2020,5,3,13,15,1009,905,3.2,29.400000000000002,60.870000000000005
2020,5,3,13,30,990,901,3.2,29.400000000000002,60.870000000000005
2020,5,3,13,45,963,886,3.1,29.400000000000002,61.49
2020,5,3,14,0,935,880,3.1,29.400000000000002,61.49
2020,5,3,14,15,903,873,3.1,29.3,61.84
2020,5,3,14,30,867,864,3.1,29.3,61.78
2020,5,3,14,45,827,850,3.1,29.200000000000003,62.800000000000004
2020,5,3,15,0,783,837,3.1,29.200000000000003,62.800000000000004
2020,5,3,15,15,736,823,3.1,29.1,63.160000000000004
2020,5,3,15,30,686,807,3.1,29,63.52
2020,5,3,15,45,635,794,3.1,28.900000000000002,64.59
2020,5,3,16,0,581,774,3.1,28.8,64.97
2020,5,3,16,15,523,748,3.1,28.700000000000003,65.34
2020,5,3,16,30,465,719,3.1,28.6,65.72
2020,5,3,16,45,405,683,3.1,28.400000000000002,66.68
2020,5,3,17,0,345,643,3.1,28.3,67.06
2020,5,3,17,15,284,593,3.1,28.1,67.84
2020,5,3,17,30,225,534,3.1,27.900000000000002,68.64
2020,5,3,17,45,168,452,3.1,27.6,71.07000000000001
2020,5,3,18,0,113,358,3.1,27.400000000000002,71.9
2020,5,3,18,15,65,240,3.1,27.200000000000003,72.82000000000001
2020,5,3,18,30,26,100,3.1,27,73.67
2020,5,3,18,45,0,0,3.1,26.8,76.91
2020,5,3,19,0,0,0,3.1,26.700000000000003,77.36
2020,5,3,19,15,0,0,3.1,26.700000000000003,77.36
2020,5,3,19,30,0,0,3.1,26.700000000000003,77.36
2020,5,3,19,45,0,0,3.1,26.700000000000003,77.36
2020,5,3,20,0,0,0,3.2,26.200000000000003,81.65
2020,5,3,20,15,0,0,3.2,26.200000000000003,81.65
2020,5,3,20,30,0,0,3.2,26.1,82.13
2020,5,3,20,45,0,0,3.2,26,83.72
2020,5,3,21,0,0,0,3.2,26,83.72
2020,5,3,21,15,0,0,3.2,25.900000000000002,84.22
2020,5,3,21,30,0,0,3.2,25.8,84.72
2020,5,3,21,45,0,0,3.2,25.700000000000003,85.62
2020,5,3,22,0,0,0,3.2,25.6,86.13
2020,5,3,22,15,0,0,3.1,25.6,86.13
2020,5,3,22,30,0,0,3.1,25.5,86.64
2020,5,3,22,45,0,0,3.1,25.400000000000002,86.99
2020,5,3,23,0,0,0,3,25.400000000000002,86.99
2020,5,3,23,15,0,0,3,25.3,87.5
2020,5,3,23,30,0,0,3,25.3,87.5
2020,5,3,23,45,0,0,2.9000000000000004,25.200000000000003,87.5
2020,5,4,0,0,0,0,2.9000000000000004,25.200000000000003,87.42
2020,5,4,0,15,0,0,2.9000000000000004,25.1,87.94
2020,5,4,0,30,0,0,2.9000000000000004,25.1,87.94
2020,5,4,0,45,0,0,2.9000000000000004,25.1,87.46000000000001
2020,5,4,1,0,0,0,2.9000000000000004,25.1,87.46000000000001
2020,5,4,1,15,0,0,2.9000000000000004,25,87.98
2020,5,4,1,30,0,0,2.9000000000000004,25,87.89
2020,5,4,1,45,0,0,2.9000000000000004,25,87.46000000000001
2020,5,4,2,0,0,0,2.9000000000000004,24.900000000000002,87.98
2020,5,4,2,15,0,0,2.9000000000000004,24.900000000000002,87.98
2020,5,4,2,30,0,0,2.9000000000000004,24.900000000000002,87.98
2020,5,4,2,45,0,0,2.9000000000000004,24.900000000000002,87.61
2020,5,4,3,0,0,0,2.9000000000000004,24.900000000000002,87.61
2020,5,4,3,15,0,0,2.9000000000000004,25,87.09
2020,5,4,3,30,0,0,2.9000000000000004,25,87.09
2020,5,4,3,45,0,0,3,25,86.67
2020,5,4,4,0,0,0,3,25,86.67
2020,5,4,4,15,0,0,3,25,86.67
2020,5,4,4,30,0,0,3,25,86.67
2020,5,4,4,45,0,0,3,25,86.54
2020,5,4,5,0,0,0,3,25,86.54
2020,5,4,5,15,0,0,3.1,25.1,86.03
2020,5,4,5,30,0,0,3.1,25.200000000000003,85.61
2020,5,4,5,45,0,0,3.1,25.3,85.64
2020,5,4,6,0,0,0,3.2,25.3,85.64
2020,5,4,6,15,35,167,3.2,25.5,84.64
2020,5,4,6,30,77,305,3.3000000000000003,25.700000000000003,83.64
2020,5,4,6,45,128,418,3.4000000000000004,25.900000000000002,82.44
2020,5,4,7,0,183,503,3.5,26.1,81.48
2020,5,4,7,15,242,570,3.5,26.400000000000002,80.05
2020,5,4,7,30,301,624,3.6,26.6,79.2
2020,5,4,7,45,361,667,3.6,26.8,76.65
2020,5,4,8,0,96,0,3.6,27,75.76
2020,5,4,8,15,213,29,3.7,27.200000000000003,74.88
2020,5,4,8,30,320,114,3.7,27.400000000000002,74.01
2020,5,4,8,45,135,0,3.8000000000000003,27.6,71.99
2020,5,4,9,0,221,11,3.8000000000000003,27.900000000000002,70.75
2020,5,4,9,15,183,5,3.8000000000000003,28,70.34
2020,5,4,9,30,744,832,3.8000000000000003,28.200000000000003,69.52
2020,5,4,9,45,385,49,3.9000000000000004,28.400000000000002,67.97
2020,5,4,10,0,301,18,3.9000000000000004,28.6,67.18
2020,5,4,10,15,364,28,3.9000000000000004,28.700000000000003,66.73
2020,5,4,10,30,903,873,3.9000000000000004,28.8,66.35
2020,5,4,10,45,557,109,3.9000000000000004,28.900000000000002,66.23
2020,5,4,11,0,959,882,3.9000000000000004,29.1,65.47
2020,5,4,11,15,679,194,3.9000000000000004,29.1,65.47
2020,5,4,11,30,557,81,3.8000000000000003,29.200000000000003,65.1
2020,5,4,11,45,656,148,3.8000000000000003,29.200000000000003,65.59
2020,5,4,12,0,666,152,3.8000000000000003,29.3,65.14
2020,5,4,12,15,1023,891,3.8000000000000003,29.3,65.14
2020,5,4,12,30,689,171,3.7,29.3,65.14
2020,5,4,12,45,577,85,3.6,29.3,65.34
2020,5,4,13,0,1007,884,3.6,29.400000000000002,64.97
2020,5,4,13,15,621,127,3.5,29.3,65.34
2020,5,4,13,30,972,876,3.5,29.3,65.34
2020,5,4,13,45,560,101,3.4000000000000004,29.3,65.29
2020,5,4,14,0,390,29,3.4000000000000004,29.3,65.23
2020,5,4,14,15,888,847,3.3000000000000003,29.200000000000003,65.6
2020,5,4,14,30,852,837,3.3000000000000003,29.200000000000003,65.6
2020,5,4,14,45,812,823,3.3000000000000003,29.1,66.07000000000001
2020,5,4,15,0,769,810,3.2,29,66.45
2020,5,4,15,15,723,796,3.2,28.900000000000002,66.83
2020,5,4,15,30,674,779,3.2,28.700000000000003,67.67
2020,5,4,15,45,622,759,3.2,28.6,68.68
2020,5,4,16,0,568,737,3.2,28.5,69.08
2020,5,4,16,15,240,35,3.2,28.3,69.88
2020,5,4,16,30,455,681,3.2,28.1,70.7
2020,5,4,16,45,396,647,3.2,27.900000000000002,71.99
2020,5,4,17,0,337,605,3.2,27.8,72.41
2020,5,4,17,15,278,556,3.1,27.6,73.26
2020,5,4,17,30,220,496,3.1,27.400000000000002,74.12
2020,5,4,17,45,164,425,3.1,27.200000000000003,75.3
2020,5,4,18,0,33,0,3,27,76.26
2020,5,4,18,15,63,218,3,26.900000000000002,76.71000000000001
2020,5,4,18,30,25,87,3,26.700000000000003,77.61
2020,5,4,18,45,0,0,3,26.6,79.32000000000001
2020,5,4,19,0,0,0,3,26.5,79.79
2020,5,4,19,15,0,0,3,26.5,79.79
2020,5,4,19,30,0,0,3,26.5,79.79
2020,5,4,19,45,0,0,3,26.5,79.79
2020,5,4,20,0,0,0,3.2,26.200000000000003,81.94
2020,5,4,20,15,0,0,3.2,26.200000000000003,82.02
2020,5,4,20,30,0,0,3.3000000000000003,26.1,82.51
2020,5,4,20,45,0,0,3.3000000000000003,26.1,82.94
2020,5,4,21,0,0,0,3.3000000000000003,26,83.42
2020,5,4,21,15,0,0,3.4000000000000004,26,83.42
2020,5,4,21,30,0,0,3.4000000000000004,25.900000000000002,83.92
2020,5,4,21,45,0,0,3.5,25.900000000000002,84.05
2020,5,4,22,0,0,0,3.5,25.8,84.55
2020,5,4,22,15,0,0,3.5,25.8,84.55
2020,5,4,22,30,0,0,3.5,25.8,84.55
2020,5,4,22,45,0,0,3.5,25.700000000000003,85.05
2020,5,4,23,0,0,0,3.5,25.700000000000003,85.05
2020,5,4,23,15,0,0,3.5,25.6,85.55
2020,5,4,23,30,0,0,3.5,25.6,85.55
2020,5,4,23,45,0,0,3.5,25.6,85.12
2020,5,5,0,0,0,0,3.5,25.5,85.63
2020,5,5,0,15,0,0,3.5,25.5,85.63
2020,5,5,0,30,0,0,3.5,25.400000000000002,86.13
2020,5,5,0,45,0,0,3.5,25.400000000000002,85.54
2020,5,5,1,0,0,0,3.5,25.3,86.05
2020,5,5,1,15,0,0,3.5,25.3,86.05
2020,5,5,1,30,0,0,3.5,25.3,86.05
2020,5,5,1,45,0,0,3.5,25.200000000000003,86.05
2020,5,5,2,0,0,0,3.5,25.200000000000003,86.05
2020,5,5,2,15,0,0,3.5,25.200000000000003,86.05
2020,5,5,2,30,0,0,3.5,25.1,86.56
2020,5,5,2,45,0,0,3.5,25.1,86.06
2020,5,5,3,0,0,0,3.5,25.1,86.06
2020,5,5,3,15,0,0,3.5,25.1,86.06
2020,5,5,3,30,0,0,3.5,25.1,86.06
2020,5,5,3,45,0,0,3.5,25.1,85.72
2020,5,5,4,0,0,0,3.5,25,86.23
2020,5,5,4,15,0,0,3.5,25,86.23
2020,5,5,4,30,0,0,3.5,25,86.23
2020,5,5,4,45,0,0,3.4000000000000004,25,85.94
2020,5,5,5,0,0,0,3.4000000000000004,25,85.94
2020,5,5,5,15,0,0,3.5,25.1,85.43
2020,5,5,5,30,0,0,3.5,25.1,85.52
2020,5,5,5,45,0,0,3.6,25.200000000000003,84.82000000000001
2020,5,5,6,0,0,0,3.6,25.3,84.32000000000001
2020,5,5,6,15,37,175,3.7,25.6,82.84
2020,5,5,6,30,79,316,3.8000000000000003,25.8,81.87
2020,5,5,6,45,130,429,3.9000000000000004,26,79.55
2020,5,5,7,0,186,514,4,26.3,78.15
2020,5,5,7,15,244,580,4.1000000000000005,26.5,77.24
2020,5,5,7,30,85,0,4.1000000000000005,26.700000000000003,76.34
2020,5,5,7,45,363,675,4.2,26.900000000000002,74.25
2020,5,5,8,0,66,0,4.2,27.1,73.47
2020,5,5,8,15,169,5,4.2,27.3,72.61
2020,5,5,8,30,61,0,4.2,27.5,71.77
2020,5,5,8,45,222,14,4.2,27.700000000000003,70.29
2020,5,5,9,0,149,0,4.2,27.900000000000002,69.48
2020,5,5,9,15,698,824,4.2,28.1,68.68
2020,5,5,9,30,746,838,4.2,28.200000000000003,68.28
2020,5,5,9,45,790,847,4.2,28.400000000000002,67.01
2020,5,5,10,0,832,858,4.2,28.6,66.24
2020,5,5,10,15,870,868,4.2,28.700000000000003,65.86
2020,5,5,10,30,905,876,4.2,28.8,65.48
2020,5,5,10,45,315,17,4.1000000000000005,28.900000000000002,65.4
2020,5,5,11,0,962,888,4.1000000000000005,29,65.02
2020,5,5,11,15,452,39,4.1000000000000005,29.1,64.65
2020,5,5,11,30,1001,896,4.1000000000000005,29.200000000000003,64.28
2020,5,5,11,45,478,43,4,29.200000000000003,64.97
2020,5,5,12,0,690,176,4,29.3,64.6
2020,5,5,12,15,1025,895,4,29.3,64.53
2020,5,5,12,30,1024,895,4,29.400000000000002,64.16
2020,5,5,12,45,1018,889,3.9000000000000004,29.400000000000002,64.53
2020,5,5,13,0,1008,887,3.9000000000000004,29.400000000000002,64.53
2020,5,5,13,15,994,884,3.9000000000000004,29.400000000000002,64.53
2020,5,5,13,30,975,880,3.9000000000000004,29.400000000000002,64.53
2020,5,5,13,45,943,840,3.9000000000000004,29.400000000000002,64.96000000000001
2020,5,5,14,0,915,834,3.9000000000000004,29.3,65.27
2020,5,5,14,15,884,826,3.9000000000000004,29.3,65.27
2020,5,5,14,30,849,816,3.9000000000000004,29.200000000000003,65.64
2020,5,5,14,45,807,796,3.9000000000000004,29.1,66.48
2020,5,5,15,0,765,783,3.9000000000000004,29,66.87
2020,5,5,15,15,719,768,3.8000000000000003,28.900000000000002,67.25
2020,5,5,15,30,669,750,3.8000000000000003,28.8,67.64
2020,5,5,15,45,617,724,3.8000000000000003,28.700000000000003,68.33
2020,5,5,16,0,563,700,3.8000000000000003,28.6,68.72
2020,5,5,16,15,507,673,3.8000000000000003,28.400000000000002,69.52
2020,5,5,16,30,450,642,3.8000000000000003,28.3,69.93
2020,5,5,16,45,391,597,3.8000000000000003,28.1,70.99
2020,5,5,17,0,332,553,3.8000000000000003,27.900000000000002,71.82000000000001
2020,5,5,17,15,274,501,3.8000000000000003,27.8,72.24
2020,5,5,17,30,216,438,3.7,27.6,73.09
2020,5,5,17,45,160,354,3.7,27.400000000000002,75.10000000000001
2020,5,5,18,0,57,1,3.7,27.200000000000003,75.98
2020,5,5,18,15,61,155,3.6,27.1,76.43
2020,5,5,18,30,24,49,3.6,26.900000000000002,77.33
2020,5,5,18,45,0,0,3.6,26.8,79.92
2020,5,5,19,0,0,0,3.5,26.6,80.87
2020,5,5,19,15,0,0,3.5,26.6,80.87
2020,5,5,19,30,0,0,3.5,26.6,80.87
2020,5,5,19,45,0,0,3.5,26.6,80.87
2020,5,5,20,0,0,0,3.5,26.400000000000002,83.47
2020,5,5,20,15,0,0,3.5,26.3,83.96000000000001
2020,5,5,20,30,0,0,3.5,26.200000000000003,84.46000000000001
2020,5,5,20,45,0,0,3.5,26.200000000000003,85.37
2020,5,5,21,0,0,0,3.5,26.1,85.88
2020,5,5,21,15,0,0,3.5,26,86.38
2020,5,5,21,30,0,0,3.5,26,86.47
2020,5,5,21,45,0,0,3.4000000000000004,25.900000000000002,87.73
2020,5,5,22,0,0,0,3.4000000000000004,25.900000000000002,87.73
2020,5,5,22,15,0,0,3.4000000000000004,25.8,88.25
2020,5,5,22,30,0,0,3.4000000000000004,25.8,88.25
2020,5,5,22,45,0,0,3.4000000000000004,25.700000000000003,89.32000000000001
2020,5,5,23,0,0,0,3.4000000000000004,25.700000000000003,89.32000000000001
2020,5,5,23,15,0,0,3.4000000000000004,25.6,89.85000000000001
2020,5,5,23,30,0,0,3.5,25.6,89.76
2020,5,5,23,45,0,0,3.5,25.6,89.7
2020,5,6,0,0,0,0,3.5,25.6,89.7
2020,5,6,0,15,0,0,3.6,25.5,90.23
2020,5,6,0,30,0,0,3.6,25.5,90.23
2020,5,6,0,45,0,0,3.6,25.5,90.32000000000001
2020,5,6,1,0,0,0,3.6,25.5,90.32000000000001
2020,5,6,1,15,0,0,3.6,25.400000000000002,90.85000000000001
2020,5,6,1,30,0,0,3.7,25.400000000000002,90.76
2020,5,6,1,45,0,0,3.7,25.400000000000002,90.73
2020,5,6,2,0,0,0,3.7,25.3,91.27
2020,5,6,2,15,0,0,3.7,25.3,91.27
2020,5,6,2,30,0,0,3.7,25.3,91.27
2020,5,6,2,45,0,0,3.7,25.200000000000003,91.45
2020,5,6,3,0,0,0,3.7,25.200000000000003,91.45
2020,5,6,3,15,0,0,3.7,25.200000000000003,91.45
2020,5,6,3,30,0,0,3.8000000000000003,25.1,92
2020,5,6,3,45,0,0,3.8000000000000003,25.1,91.60000000000001
2020,5,6,4,0,0,0,3.8000000000000003,25.1,91.69
2020,5,6,4,15,0,0,3.8000000000000003,25.1,91.69
2020,5,6,4,30,0,0,3.8000000000000003,25.1,91.69
2020,5,6,4,45,0,0,3.8000000000000003,25.1,91.23
2020,5,6,5,0,0,0,3.8000000000000003,25,91.78
2020,5,6,5,15,0,0,3.8000000000000003,25.1,91.23
2020,5,6,5,30,0,0,3.9000000000000004,25.200000000000003,90.69
2020,5,6,5,45,0,0,3.9000000000000004,25.3,90.07000000000001
2020,5,6,6,0,0,0,4,25.400000000000002,89.63
2020,5,6,6,15,33,74,4.1000000000000005,25.6,88.58
2020,5,6,6,30,73,186,4.3,25.8,87.54
2020,5,6,6,45,120,275,4.4,26,85.18
2020,5,6,7,0,173,362,4.5,26.200000000000003,84.18
2020,5,6,7,15,229,435,4.6000000000000005,26.400000000000002,83.2
2020,5,6,7,30,287,496,4.7,26.700000000000003,81.74
2020,5,6,7,45,342,522,4.9,26.900000000000002,77.96000000000001
2020,5,6,8,0,400,566,5,27.200000000000003,76.69
2020,5,6,8,15,169,5,5,27.400000000000002,75.8
2020,5,6,8,30,514,635,5.1000000000000005,27.6,74.92
2020,5,6,8,45,567,647,5.1000000000000005,27.8,72.78
2020,5,6,9,0,280,29,5.2,28,71.94
2020,5,6,9,15,670,693,5.2,28.200000000000003,71.11
2020,5,6,9,30,718,712,5.2,28.3,70.7
2020,5,6,9,45,356,36,5.2,28.5,69.53
2020,5,6,10,0,801,732,5.300000000000001,28.6,69.13
2020,5,6,10,15,839,744,5.300000000000001,28.700000000000003,68.73
2020,5,6,10,30,873,755,5.300000000000001,28.8,68.34
2020,5,6,10,45,906,769,5.300000000000001,29,67.77
2020,5,6,11,0,932,776,5.300000000000001,29.1,67.38
2020,5,6,11,15,954,782,5.300000000000001,29.1,67.31
2020,5,6,11,30,971,786,5.300000000000001,29.200000000000003,66.93
2020,5,6,11,45,983,789,5.300000000000001,29.200000000000003,67.58
2020,5,6,12,0,451,34,5.300000000000001,29.3,67.19
2020,5,6,12,15,717,202,5.2,29.3,67.19
2020,5,6,12,30,827,372,5.2,29.3,67.19
2020,5,6,12,45,766,268,5.2,29.3,67.71000000000001
2020,5,6,13,0,830,399,5.1000000000000005,29.3,67.71000000000001
2020,5,6,13,15,726,239,5.1000000000000005,29.3,67.71000000000001
2020,5,6,13,30,812,415,5.1000000000000005,29.3,67.71000000000001
2020,5,6,13,45,920,757,5,29.200000000000003,68.49
2020,5,6,14,0,737,334,5,29.200000000000003,68.42
2020,5,6,14,15,861,740,5,29.1,68.82000000000001
2020,5,6,14,30,399,41,5,29.1,68.82000000000001
2020,5,6,14,45,788,718,4.9,29,69.38
2020,5,6,15,0,520,177,4.9,29,69.38
2020,5,6,15,15,583,344,4.9,28.900000000000002,69.78
2020,5,6,15,30,251,16,4.9,28.8,70.18
2020,5,6,15,45,569,555,4.800000000000001,28.700000000000003,70.72
2020,5,6,16,0,549,621,4.800000000000001,28.6,71.13
2020,5,6,16,15,456,468,4.800000000000001,28.400000000000002,71.96000000000001
2020,5,6,16,30,206,28,4.7,28.3,72.37
2020,5,6,16,45,306,273,4.7,28.1,73.21000000000001
2020,5,6,17,0,131,1,4.7,27.900000000000002,74.07000000000001
2020,5,6,17,15,223,279,4.6000000000000005,27.700000000000003,74.93
2020,5,6,17,30,103,10,4.5,27.5,75.81
2020,5,6,17,45,153,269,4.4,27.3,76.89
2020,5,6,18,0,102,183,4.3,27.1,77.79
2020,5,6,18,15,57,92,4.2,27,78.33
2020,5,6,18,30,21,19,4.1000000000000005,26.900000000000002,78.79
2020,5,6,18,45,0,0,4,26.700000000000003,80.5
2020,5,6,19,0,0,0,3.9000000000000004,26.6,80.98
2020,5,6,19,15,0,0,3.9000000000000004,26.6,80.98
2020,5,6,19,30,0,0,3.9000000000000004,26.6,80.98
2020,5,6,19,45,0,0,3.9000000000000004,26.6,80.98
2020,5,6,20,0,0,0,3.8000000000000003,26.3,82.78
2020,5,6,20,15,0,0,3.7,26.3,82.78
2020,5,6,20,30,0,0,3.7,26.200000000000003,83.27
2020,5,6,20,45,0,0,3.7,26.200000000000003,83.07000000000001
2020,5,6,21,0,0,0,3.6,26.1,83.56
2020,5,6,21,15,0,0,3.6,26.1,83.56
2020,5,6,21,30,0,0,3.6,26.1,83.56
2020,5,6,21,45,0,0,3.6,26,83.65
2020,5,6,22,0,0,0,3.6,26,83.65
2020,5,6,22,15,0,0,3.6,26,83.65
2020,5,6,22,30,0,0,3.7,25.900000000000002,84.15
2020,5,6,22,45,0,0,3.7,25.900000000000002,84.32000000000001
2020,5,6,23,0,0,0,3.8000000000000003,25.900000000000002,84.32000000000001
2020,5,6,23,15,0,0,3.8000000000000003,25.900000000000002,84.32000000000001
2020,5,6,23,30,0,0,3.9000000000000004,25.900000000000002,84.32000000000001
2020,5,6,23,45,0,0,3.9000000000000004,25.900000000000002,84.68
2020,5,7,0,0,0,0,4,25.900000000000002,84.68
2020,5,7,0,15,0,0,4,25.900000000000002,84.60000000000001
2020,5,7,0,30,0,0,4,25.8,85.10000000000001
2020,5,7,0,45,0,0,4,25.8,85.05
2020,5,7,1,0,0,0,4,25.8,85.05
2020,5,7,1,15,0,0,4,25.8,85.05
2020,5,7,1,30,0,0,4,25.8,85.05
2020,5,7,1,45,0,0,4,25.8,84.81
2020,5,7,2,0,0,0,4,25.8,84.81
2020,5,7,2,15,0,0,4,25.8,84.81
2020,5,7,2,30,0,0,4.1000000000000005,25.8,84.81
2020,5,7,2,45,0,0,4.1000000000000005,25.8,84.63
2020,5,7,3,0,0,0,4.1000000000000005,25.8,84.63
2020,5,7,3,15,0,0,4.1000000000000005,25.700000000000003,85.13
2020,5,7,3,30,0,0,4.1000000000000005,25.700000000000003,85.13
2020,5,7,3,45,0,0,4.1000000000000005,25.700000000000003,85.08
2020,5,7,4,0,0,0,4.1000000000000005,25.700000000000003,85.08
2020,5,7,4,15,0,0,4,25.700000000000003,85.08
2020,5,7,4,30,0,0,4,25.700000000000003,85.08
2020,5,7,4,45,0,0,4,25.700000000000003,85.02
2020,5,7,5,0,0,0,4,25.700000000000003,85.02
2020,5,7,5,15,0,0,4,25.700000000000003,85.02
2020,5,7,5,30,0,0,4,25.8,84.61
2020,5,7,5,45,0,0,4,25.8,84.98
2020,5,7,6,0,0,0,4,25.900000000000002,84.48
2020,5,7,6,15,27,19,4.1000000000000005,26.1,83.49
2020,5,7,6,30,66,79,4.2,26.200000000000003,83
2020,5,7,6,45,89,112,4.4,26.400000000000002,81.14
2020,5,7,7,0,126,135,4.5,26.6,80.19
2020,5,7,7,15,219,308,4.6000000000000005,26.8,79.34
2020,5,7,7,30,45,0,4.6000000000000005,27,78.41
2020,5,7,7,45,193,61,4.7,27.3,75.42
2020,5,7,8,0,280,167,4.800000000000001,27.5,74.54
2020,5,7,8,15,273,91,4.800000000000001,27.700000000000003,73.68
2020,5,7,8,30,243,33,4.9,27.900000000000002,72.83
2020,5,7,8,45,559,591,4.9,28.1,70.88
2020,5,7,9,0,611,617,4.9,28.3,70.06
2020,5,7,9,15,663,640,4.9,28.400000000000002,69.66
2020,5,7,9,30,710,660,4.9,28.6,68.86
2020,5,7,9,45,758,695,4.9,28.8,67.49
2020,5,7,10,0,800,710,5,28.900000000000002,67.1
2020,5,7,10,15,837,723,5,29,66.72
2020,5,7,10,30,871,733,5,29.1,66.33
2020,5,7,10,45,911,782,5,29.200000000000003,65.95
2020,5,7,11,0,937,789,5,29.3,65.58
2020,5,7,11,15,959,795,5.1000000000000005,29.3,65.58
2020,5,7,11,30,978,801,5.1000000000000005,29.400000000000002,65.2
2020,5,7,11,45,993,812,5.1000000000000005,29.400000000000002,65.32000000000001
2020,5,7,12,0,1002,814,5.1000000000000005,29.5,64.88
2020,5,7,12,15,1006,815,5.1000000000000005,29.5,64.88
2020,5,7,12,30,1005,814,5.1000000000000005,29.5,64.88
2020,5,7,12,45,1001,816,5.1000000000000005,29.5,65.04
2020,5,7,13,0,991,814,5.2,29.5,65.04
2020,5,7,13,15,976,810,5.2,29.400000000000002,65.41
2020,5,7,13,30,958,806,5.2,29.400000000000002,65.35
2020,5,7,13,45,937,811,5.2,29.400000000000002,65.55
2020,5,7,14,0,911,804,5.2,29.3,65.93
2020,5,7,14,15,879,796,5.2,29.200000000000003,66.31
2020,5,7,14,30,843,785,5.2,29.1,66.69
2020,5,7,14,45,698,459,5.2,29.1,66.92
2020,5,7,15,0,680,500,5.1000000000000005,29,67.3
2020,5,7,15,15,714,741,5.1000000000000005,28.900000000000002,67.69
2020,5,7,15,30,666,723,5,28.700000000000003,68.48
2020,5,7,15,45,614,702,5,28.6,69.08
2020,5,7,16,0,561,678,4.9,28.5,69.48
2020,5,7,16,15,505,649,4.9,28.400000000000002,69.89
2020,5,7,16,30,448,617,4.800000000000001,28.200000000000003,70.7
2020,5,7,16,45,389,573,4.7,28,71.56
2020,5,7,17,0,331,528,4.7,27.900000000000002,71.98
2020,5,7,17,15,272,475,4.6000000000000005,27.700000000000003,72.82000000000001
2020,5,7,17,30,215,411,4.5,27.5,73.67
2020,5,7,17,45,159,329,4.4,27.400000000000002,74.3
2020,5,7,18,0,107,238,4.3,27.200000000000003,75.17
2020,5,7,18,15,60,134,4.2,27.1,75.61
2020,5,7,18,30,23,36,4.1000000000000005,26.900000000000002,76.57000000000001
2020,5,7,18,45,0,0,4,26.8,77.69
2020,5,7,19,0,0,0,3.9000000000000004,26.700000000000003,78.14
2020,5,7,19,15,0,0,3.9000000000000004,26.700000000000003,78.14
2020,5,7,19,30,0,0,3.9000000000000004,26.700000000000003,78.14
2020,5,7,19,45,0,0,3.9000000000000004,26.700000000000003,78.14
2020,5,7,20,0,0,0,3.7,26.400000000000002,80.54
2020,5,7,20,15,0,0,3.7,26.400000000000002,80.62
2020,5,7,20,30,0,0,3.7,26.3,81.09
2020,5,7,20,45,0,0,3.6,26.200000000000003,82.79
2020,5,7,21,0,0,0,3.6,26.1,83.28
2020,5,7,21,15,0,0,3.6,26.1,83.28
2020,5,7,21,30,0,0,3.6,26,83.77
2020,5,7,21,45,0,0,3.5,25.900000000000002,85.10000000000001
2020,5,7,22,0,0,0,3.5,25.8,85.60000000000001
2020,5,7,22,15,0,0,3.5,25.8,85.60000000000001
2020,5,7,22,30,0,0,3.5,25.8,85.60000000000001
2020,5,7,22,45,0,0,3.5,25.700000000000003,86.49
2020,5,7,23,0,0,0,3.5,25.700000000000003,86.49
2020,5,7,23,15,0,0,3.4000000000000004,25.700000000000003,86.49
2020,5,7,23,30,0,0,3.4000000000000004,25.700000000000003,86.49
2020,5,7,23,45,0,0,3.4000000000000004,25.700000000000003,86.55
2020,5,8,0,0,0,0,3.4000000000000004,25.700000000000003,86.55
2020,5,8,0,15,0,0,3.3000000000000003,25.700000000000003,86.46000000000001
2020,5,8,0,30,0,0,3.3000000000000003,25.700000000000003,86.46000000000001
2020,5,8,0,45,0,0,3.3000000000000003,25.6,87.09
2020,5,8,1,0,0,0,3.2,25.6,87.09
2020,5,8,1,15,0,0,3.2,25.6,87.09
2020,5,8,1,30,0,0,3.2,25.6,87.09
2020,5,8,1,45,0,0,3.2,25.6,86.8
2020,5,8,2,0,0,0,3.2,25.6,86.8
2020,5,8,2,15,0,0,3.1,25.5,87.32000000000001
2020,5,8,2,30,0,0,3.1,25.5,87.32000000000001
2020,5,8,2,45,0,0,3.1,25.5,86.89
2020,5,8,3,0,0,0,3.1,25.5,86.89
2020,5,8,3,15,0,0,3.1,25.5,86.89
2020,5,8,3,30,0,0,3.1,25.5,86.89
2020,5,8,3,45,0,0,3,25.5,86.31
2020,5,8,4,0,0,0,3,25.5,86.31
2020,5,8,4,15,0,0,3,25.5,86.31
2020,5,8,4,30,0,0,3,25.5,86.31
2020,5,8,4,45,0,0,3,25.5,85.68
2020,5,8,5,0,0,0,3,25.5,85.68
2020,5,8,5,15,0,0,3,25.6,85.17
2020,5,8,5,30,0,0,3.1,25.6,85.26
2020,5,8,5,45,0,0,3.1,25.700000000000003,84.63
2020,5,8,6,0,3,0,3.1,25.8,84.13
2020,5,8,6,15,25,14,3.3000000000000003,26.1,82.66
2020,5,8,6,30,64,67,3.4000000000000004,26.3,81.69
2020,5,8,6,45,111,144,3.5,26.5,79.68
2020,5,8,7,0,162,217,3.6,26.8,78.29
2020,5,8,7,15,216,285,3.7,27,77.38
2020,5,8,7,30,272,344,3.7,27.1,76.93
2020,5,8,7,45,329,403,3.8000000000000003,27.3,75.27
2020,5,8,8,0,386,449,3.9000000000000004,27.5,74.48
2020,5,8,8,15,443,489,3.9000000000000004,27.700000000000003,73.61
2020,5,8,8,30,498,524,4,27.900000000000002,72.76
2020,5,8,8,45,554,564,4,28.1,71.97
2020,5,8,9,0,606,590,4.1000000000000005,28.3,71.14
2020,5,8,9,15,655,612,4.1000000000000005,28.5,70.33
2020,5,8,9,30,702,633,4.2,28.6,69.92
2020,5,8,9,45,749,660,4.2,28.8,69.76
2020,5,8,10,0,790,675,4.2,29,68.96000000000001
2020,5,8,10,15,827,688,4.3,29.1,68.49
2020,5,8,10,30,861,700,4.3,29.200000000000003,68.1
2020,5,8,10,45,912,793,4.3,29.400000000000002,67.6
2020,5,8,11,0,939,800,4.4,29.5,67.21000000000001
2020,5,8,11,15,960,806,4.4,29.6,66.83
2020,5,8,11,30,978,810,4.4,29.6,66.83
2020,5,8,11,45,986,796,4.4,29.700000000000003,66.48
2020,5,8,12,0,995,798,4.5,29.8,66.1
2020,5,8,12,15,999,799,4.4,29.8,66.1
2020,5,8,12,30,998,799,4.4,29.8,66.1
2020,5,8,12,45,989,785,4.4,29.8,66.23
2020,5,8,13,0,979,782,4.4,29.8,66.23
2020,5,8,13,15,965,778,4.4,29.700000000000003,66.61
2020,5,8,13,30,946,773,4.4,29.700000000000003,66.61
2020,5,8,13,45,915,737,4.4,29.700000000000003,66.69
2020,5,8,14,0,888,728,4.4,29.6,67.08
2020,5,8,14,15,857,719,4.3,29.5,67.46000000000001
2020,5,8,14,30,822,707,4.3,29.400000000000002,67.85
2020,5,8,14,45,783,695,4.3,29.400000000000002,67.69
2020,5,8,15,0,741,680,4.3,29.3,68.01
2020,5,8,15,15,696,662,4.2,29.1,68.8
2020,5,8,15,30,648,641,4.2,29,69.19
2020,5,8,15,45,598,622,4.2,28.900000000000002,69.35000000000001
2020,5,8,16,0,546,596,4.2,28.8,69.75
2020,5,8,16,15,493,565,4.2,28.6,70.56
2020,5,8,16,30,436,530,4.2,28.400000000000002,71.38
2020,5,8,16,45,379,487,4.1000000000000005,28.3,71.77
2020,5,8,17,0,321,440,4.1000000000000005,28.1,72.61
2020,5,8,17,15,264,385,4.1000000000000005,27.900000000000002,73.45
2020,5,8,17,30,208,321,4.1000000000000005,27.700000000000003,74.31
2020,5,8,17,45,153,246,4.1000000000000005,27.5,75.31
2020,5,8,18,0,103,164,4,27.3,76.19
2020,5,8,18,15,57,80,4,27.200000000000003,76.64
2020,5,8,18,30,21,16,4,27,77.54
2020,5,8,18,45,0,0,3.9000000000000004,26.900000000000002,78.73
2020,5,8,19,0,0,0,3.9000000000000004,26.700000000000003,79.66
2020,5,8,19,15,0,0,3.9000000000000004,26.700000000000003,79.66
2020,5,8,19,30,0,0,3.9000000000000004,26.700000000000003,79.66
2020,5,8,19,45,0,0,3.9000000000000004,26.700000000000003,79.66
2020,5,8,20,0,0,0,3.9000000000000004,26.400000000000002,82.15
2020,5,8,20,15,0,0,3.9000000000000004,26.400000000000002,82.15
2020,5,8,20,30,0,0,3.9000000000000004,26.3,82.63
2020,5,8,20,45,0,0,3.9000000000000004,26.3,83.53
2020,5,8,21,0,0,0,3.9000000000000004,26.200000000000003,84.02
2020,5,8,21,15,0,0,3.8000000000000003,26.200000000000003,84.11
2020,5,8,21,30,0,0,3.8000000000000003,26.1,84.60000000000001
2020,5,8,21,45,0,0,3.8000000000000003,26.1,85.15
2020,5,8,22,0,0,0,3.7,26,85.65
2020,5,8,22,15,0,0,3.7,26,85.65
2020,5,8,22,30,0,0,3.7,26,85.65
2020,5,8,22,45,0,0,3.7,25.900000000000002,86.12
2020,5,8,23,0,0,0,3.7,25.900000000000002,86.12
2020,5,8,23,15,0,0,3.7,25.900000000000002,86.12
2020,5,8,23,30,0,0,3.6,25.8,86.63
2020,5,8,23,45,0,0,3.6,25.8,86.41
2020,5,9,0,0,0,0,3.6,25.8,86.32000000000001
2020,5,9,0,15,0,0,3.5,25.700000000000003,86.84
2020,5,9,0,30,0,0,3.5,25.700000000000003,86.84
2020,5,9,0,45,0,0,3.4000000000000004,25.6,87.23
2020,5,9,1,0,0,0,3.4000000000000004,25.6,87.23
2020,5,9,1,15,0,0,3.4000000000000004,25.6,87.23
2020,5,9,1,30,0,0,3.4000000000000004,25.5,87.75
2020,5,9,1,45,0,0,3.3000000000000003,25.5,87.72
2020,5,9,2,0,0,0,3.3000000000000003,25.5,87.72
2020,5,9,2,15,0,0,3.3000000000000003,25.5,87.72
2020,5,9,2,30,0,0,3.3000000000000003,25.5,87.72
2020,5,9,2,45,0,0,3.3000000000000003,25.400000000000002,88.27
2020,5,9,3,0,0,0,3.3000000000000003,25.400000000000002,88.27
2020,5,9,3,15,0,0,3.3000000000000003,25.400000000000002,88.27
2020,5,9,3,30,0,0,3.3000000000000003,25.400000000000002,88.27
2020,5,9,3,45,0,0,3.3000000000000003,25.400000000000002,88.28
2020,5,9,4,0,0,0,3.3000000000000003,25.3,88.81
2020,5,9,4,15,0,0,3.3000000000000003,25.3,88.81
2020,5,9,4,30,0,0,3.3000000000000003,25.3,88.81
2020,5,9,4,45,0,0,3.4000000000000004,25.3,88.82000000000001
2020,5,9,5,0,0,0,3.4000000000000004,25.3,88.82000000000001
2020,5,9,5,15,0,0,3.5,25.400000000000002,88.3
2020,5,9,5,30,0,0,3.5,25.5,87.86
2020,5,9,5,45,0,0,3.6,25.6,87.25
2020,5,9,6,0,5,0,3.7,25.700000000000003,86.74
2020,5,9,6,15,27,25,3.8000000000000003,25.900000000000002,85.72
2020,5,9,6,30,58,90,4,26.200000000000003,84.22
2020,5,9,6,45,102,182,4.1000000000000005,26.400000000000002,81.12
2020,5,9,7,0,118,96,4.3,26.6,80.17
2020,5,9,7,15,83,0,4.3,26.900000000000002,78.77
2020,5,9,7,30,128,8,4.4,27.1,77.86
2020,5,9,7,45,342,497,4.5,27.3,74.97
2020,5,9,8,0,400,541,4.6000000000000005,27.5,74.10000000000001
2020,5,9,8,15,457,579,4.7,27.700000000000003,73.25
2020,5,9,8,30,513,612,4.7,27.900000000000002,72.4
2020,5,9,8,45,568,640,4.7,28.1,71.13
2020,5,9,9,0,471,247,4.800000000000001,28.3,70.31
2020,5,9,9,15,669,685,4.800000000000001,28.400000000000002,69.91
2020,5,9,9,30,717,704,4.800000000000001,28.6,69.10000000000001
2020,5,9,9,45,761,720,4.9,28.700000000000003,68.72
2020,5,9,10,0,802,734,4.9,28.900000000000002,67.93
2020,5,9,10,15,840,746,4.9,29,67.54
2020,5,9,10,30,529,101,5,29.1,67.15
2020,5,9,10,45,673,231,5,29.200000000000003,67.03
2020,5,9,11,0,924,748,5.1000000000000005,29.3,66.65
2020,5,9,11,15,945,754,5.1000000000000005,29.3,66.65
2020,5,9,11,30,963,759,5.1000000000000005,29.400000000000002,66.2
2020,5,9,11,45,978,763,5.1000000000000005,29.400000000000002,66.24
2020,5,9,12,0,986,765,5.2,29.5,65.86
2020,5,9,12,15,990,766,5.2,29.5,65.86
2020,5,9,12,30,800,312,5.2,29.5,65.86
2020,5,9,12,45,985,767,5.2,29.400000000000002,65.9
2020,5,9,13,0,739,243,5.300000000000001,29.400000000000002,65.84
2020,5,9,13,15,777,313,5.300000000000001,29.400000000000002,65.84
2020,5,9,13,30,778,345,5.300000000000001,29.400000000000002,65.84
2020,5,9,13,45,745,316,5.300000000000001,29.3,65.77
2020,5,9,14,0,710,295,5.300000000000001,29.3,65.77
2020,5,9,14,15,862,741,5.300000000000001,29.200000000000003,66.15
2020,5,9,14,30,618,232,5.300000000000001,29.200000000000003,66.15
2020,5,9,14,45,790,723,5.300000000000001,29.1,66.03
2020,5,9,15,0,636,377,5.300000000000001,29,66.34
2020,5,9,15,15,702,692,5.2,28.900000000000002,66.73
2020,5,9,15,30,654,672,5.2,28.8,67.11
2020,5,9,15,45,604,653,5.2,28.700000000000003,67.2
2020,5,9,16,0,551,628,5.2,28.6,67.59
2020,5,9,16,15,497,599,5.1000000000000005,28.400000000000002,68.37
2020,5,9,16,30,440,565,5.1000000000000005,28.3,68.77
2020,5,9,16,45,338,382,5.1000000000000005,28.1,69.61
2020,5,9,17,0,325,477,5,28,70.01
2020,5,9,17,15,267,422,5,27.8,70.83
2020,5,9,17,30,210,358,4.9,27.6,71.73
2020,5,9,17,45,156,280,4.800000000000001,27.400000000000002,73.2
2020,5,9,18,0,105,193,4.800000000000001,27.200000000000003,74.06
2020,5,9,18,15,59,100,4.7,27,74.93
2020,5,9,18,30,19,0,4.6000000000000005,26.900000000000002,75.37
2020,5,9,18,45,0,0,4.5,26.700000000000003,78
2020,5,9,19,0,0,0,4.4,26.6,78.45
2020,5,9,19,15,0,0,4.4,26.6,78.45
2020,5,9,19,30,0,0,4.4,26.6,78.45
2020,5,9,19,45,0,0,4.4,26.6,78.45
2020,5,9,20,0,0,0,4.3,26.3,81.32000000000001
2020,5,9,20,15,0,0,4.3,26.200000000000003,81.79
2020,5,9,20,30,0,0,4.3,26.1,82.28
2020,5,9,20,45,0,0,4.3,26.1,83.02
2020,5,9,21,0,0,0,4.3,26,83.51
2020,5,9,21,15,0,0,4.4,26,83.51
2020,5,9,21,30,0,0,4.4,26,83.51
2020,5,9,21,45,0,0,4.4,26,83.57000000000001
2020,5,9,22,0,0,0,4.5,25.900000000000002,84.07000000000001
2020,5,9,22,15,0,0,4.5,25.900000000000002,84.07000000000001
2020,5,9,22,30,0,0,4.5,25.900000000000002,84.07000000000001
2020,5,9,22,45,0,0,4.6000000000000005,25.900000000000002,83.23
2020,5,9,23,0,0,0,4.6000000000000005,25.900000000000002,83.23
2020,5,9,23,15,0,0,4.6000000000000005,25.8,83.72
2020,5,9,23,30,0,0,4.6000000000000005,25.8,83.72
2020,5,9,23,45,0,0,4.6000000000000005,25.8,82.5
2020,5,10,0,0,0,0,4.6000000000000005,25.700000000000003,82.99
2020,5,10,0,15,0,0,4.6000000000000005,25.700000000000003,82.99
2020,5,10,0,30,0,0,4.6000000000000005,25.700000000000003,82.99
2020,5,10,0,45,0,0,4.6000000000000005,25.6,82.59
2020,5,10,1,0,0,0,4.6000000000000005,25.6,82.51
2020,5,10,1,15,0,0,4.6000000000000005,25.6,82.51
2020,5,10,1,30,0,0,4.5,25.5,82.99
2020,5,10,1,45,0,0,4.5,25.5,82.16
2020,5,10,2,0,0,0,4.5,25.5,82.16
2020,5,10,2,15,0,0,4.5,25.400000000000002,82.65
2020,5,10,2,30,0,0,4.5,25.400000000000002,82.65
2020,5,10,2,45,0,0,4.5,25.400000000000002,82.10000000000001
2020,5,10,3,0,0,0,4.5,25.3,82.59
2020,5,10,3,15,0,0,4.5,25.3,82.59
2020,5,10,3,30,0,0,4.5,25.3,82.59
2020,5,10,3,45,0,0,4.6000000000000005,25.3,82.06
2020,5,10,4,0,0,0,4.6000000000000005,25.3,82.06
2020,5,10,4,15,0,0,4.7,25.3,82.14
2020,5,10,4,30,0,0,4.7,25.3,82.14
2020,5,10,4,45,0,0,4.7,25.3,81.54
2020,5,10,5,0,0,0,4.800000000000001,25.200000000000003,82.03
2020,5,10,5,15,0,0,4.800000000000001,25.3,81.54
2020,5,10,5,30,0,0,4.9,25.400000000000002,81.06
2020,5,10,5,45,0,0,4.9,25.400000000000002,80.59
2020,5,10,6,0,9,5,5,25.5,80.12
2020,5,10,6,15,37,78,5.1000000000000005,25.6,79.72
2020,5,10,6,30,78,189,5.300000000000001,25.8,78.79
2020,5,10,6,45,129,313,5.4,26,76.49
2020,5,10,7,0,183,401,5.6000000000000005,26.1,76.04
2020,5,10,7,15,240,473,5.7,26.3,75.15
2020,5,10,7,30,298,532,5.7,26.5,74.27
2020,5,10,7,45,358,592,5.800000000000001,26.700000000000003,72.01
2020,5,10,8,0,417,633,5.9,26.900000000000002,71.17
2020,5,10,8,15,475,668,6,27.1,70.35000000000001
2020,5,10,8,30,533,698,6,27.200000000000003,69.94
2020,5,10,8,45,588,727,6.1000000000000005,27.400000000000002,68.41
2020,5,10,9,0,642,749,6.2,27.6,67.62
2020,5,10,9,15,692,768,6.2,27.700000000000003,67.23
2020,5,10,9,30,740,784,6.300000000000001,27.8,66.84
2020,5,10,9,45,785,801,6.300000000000001,28,65.84
2020,5,10,10,0,827,813,6.4,28.1,65.46000000000001
2020,5,10,10,15,865,823,6.4,28.200000000000003,65.09
2020,5,10,10,30,900,832,6.4,28.3,64.71000000000001
2020,5,10,10,45,935,863,6.4,28.400000000000002,64.14
2020,5,10,11,0,962,869,6.5,28.5,63.77
2020,5,10,11,15,985,875,6.5,28.6,63.410000000000004
2020,5,10,11,30,1003,879,6.5,28.6,63.34
2020,5,10,11,45,1016,882,6.5,28.700000000000003,62.77
2020,5,10,12,0,1024,883,6.5,28.8,62.410000000000004
2020,5,10,12,15,1028,884,6.4,28.8,62.410000000000004
2020,5,10,12,30,1028,884,6.4,28.8,62.410000000000004
2020,5,10,12,45,1024,885,6.4,28.8,62.440000000000005
2020,5,10,13,0,1014,883,6.4,28.900000000000002,62.09
2020,5,10,13,15,1000,880,6.4,28.8,62.440000000000005
2020,5,10,13,30,981,876,6.300000000000001,28.8,62.440000000000005
2020,5,10,13,45,957,871,6.300000000000001,28.8,62.77
2020,5,10,14,0,930,865,6.2,28.8,62.77
2020,5,10,14,15,898,857,6.2,28.700000000000003,63.14
2020,5,10,14,30,454,68,6.1000000000000005,28.700000000000003,63.14
2020,5,10,14,45,824,840,6.1000000000000005,28.6,64.04
2020,5,10,15,0,781,828,6,28.6,63.980000000000004
2020,5,10,15,15,735,814,5.9,28.5,64.35
2020,5,10,15,30,686,798,5.9,28.400000000000002,64.72
2020,5,10,15,45,635,780,5.800000000000001,28.3,65.8
2020,5,10,16,0,580,757,5.7,28.1,66.57000000000001
2020,5,10,16,15,524,732,5.6000000000000005,28,66.95
2020,5,10,16,30,466,703,5.6000000000000005,27.8,67.74
2020,5,10,16,45,408,671,5.5,27.700000000000003,69.12
2020,5,10,17,0,348,629,5.4,27.5,69.93
2020,5,10,17,15,288,581,5.4,27.400000000000002,70.34
2020,5,10,17,30,230,521,5.300000000000001,27.200000000000003,71.24
2020,5,10,17,45,174,457,5.2,27,73.54
2020,5,10,18,0,119,364,5.1000000000000005,26.8,74.41
2020,5,10,18,15,70,248,5.1000000000000005,26.700000000000003,74.85000000000001
2020,5,10,18,30,30,110,5,26.6,75.29
2020,5,10,18,45,0,0,4.9,26.400000000000002,78.33
2020,5,10,19,0,0,0,4.9,26.3,78.79
2020,5,10,19,15,0,0,4.9,26.3,78.79
2020,5,10,19,30,0,0,4.9,26.3,78.79
2020,5,10,19,45,0,0,4.9,26.3,78.79
2020,5,10,20,0,0,0,4.9,26,82.15
2020,5,10,20,15,0,0,4.9,25.900000000000002,82.64
2020,5,10,20,30,0,0,4.9,25.900000000000002,82.64
2020,5,10,20,45,0,0,4.9,25.8,84.18
2020,5,10,21,0,0,0,4.9,25.8,84.18
2020,5,10,21,15,0,0,4.9,25.8,84.18
2020,5,10,21,30,0,0,4.9,25.700000000000003,84.67
2020,5,10,21,45,0,0,5,25.700000000000003,85.04
2020,5,10,22,0,0,0,5,25.700000000000003,85.04
2020,5,10,22,15,0,0,4.9,25.6,85.55
2020,5,10,22,30,0,0,4.9,25.6,85.55
2020,5,10,22,45,0,0,4.9,25.6,85.19
2020,5,10,23,0,0,0,4.9,25.5,85.69
2020,5,10,23,15,0,0,4.800000000000001,25.5,85.69
2020,5,10,23,30,0,0,4.800000000000001,25.5,85.69
2020,5,10,23,45,0,0,4.800000000000001,25.5,84.76
2020,5,11,0,0,0,0,4.7,25.400000000000002,85.26
2020,5,11,0,15,0,0,4.7,25.400000000000002,85.26
2020,5,11,0,30,0,0,4.7,25.400000000000002,85.26
2020,5,11,0,45,0,0,4.6000000000000005,25.3,84.49
2020,5,11,1,0,0,0,4.6000000000000005,25.3,84.49
2020,5,11,1,15,0,0,4.6000000000000005,25.3,84.49
2020,5,11,1,30,0,0,4.5,25.3,84.49
2020,5,11,1,45,0,0,4.5,25.3,83.85000000000001
2020,5,11,2,0,0,0,4.5,25.3,83.76
2020,5,11,2,15,0,0,4.5,25.3,83.76
2020,5,11,2,30,0,0,4.5,25.3,83.85000000000001
2020,5,11,2,45,0,0,4.4,25.3,83.46000000000001
2020,5,11,3,0,0,0,4.4,25.3,83.46000000000001
2020,5,11,3,15,0,0,4.4,25.3,83.46000000000001
2020,5,11,3,30,0,0,4.4,25.3,83.46000000000001
2020,5,11,3,45,0,0,4.4,25.3,83.37
2020,5,11,4,0,0,0,4.5,25.3,83.37
2020,5,11,4,15,0,0,4.5,25.3,83.37
2020,5,11,4,30,0,0,4.5,25.3,83.37
2020,5,11,4,45,0,0,4.5,25.3,83.76
2020,5,11,5,0,0,0,4.5,25.3,83.76
2020,5,11,5,15,0,0,4.6000000000000005,25.400000000000002,83.27
2020,5,11,5,30,0,0,4.7,25.400000000000002,83.27
2020,5,11,5,45,0,0,4.7,25.5,83.09
2020,5,11,6,0,10,7,4.800000000000001,25.5,83.17
2020,5,11,6,15,39,90,4.9,25.6,82.68
2020,5,11,6,30,80,203,5,25.700000000000003,82.2
2020,5,11,6,45,129,300,5.2,25.900000000000002,80.29
2020,5,11,7,0,183,386,5.300000000000001,26,79.82000000000001
2020,5,11,7,15,239,457,5.4,26.200000000000003,78.89
2020,5,11,7,30,297,516,5.5,26.400000000000002,77.96000000000001
2020,5,11,7,45,355,563,5.5,26.6,74.66
2020,5,11,8,0,66,0,5.6000000000000005,26.700000000000003,74.22
2020,5,11,8,15,56,0,5.6000000000000005,26.900000000000002,73.36
2020,5,11,8,30,527,670,5.6000000000000005,27.1,72.58
2020,5,11,8,45,582,698,5.6000000000000005,27.200000000000003,70.77
2020,5,11,9,0,132,0,5.6000000000000005,27.400000000000002,69.95
2020,5,11,9,15,152,1,5.6000000000000005,27.5,69.54
2020,5,11,9,30,217,9,5.5,27.700000000000003,68.74
2020,5,11,9,45,777,770,5.5,27.8,67.8
2020,5,11,10,0,818,783,5.5,28,67.02
2020,5,11,10,15,366,29,5.5,28.1,66.63
2020,5,11,10,30,256,12,5.4,28.200000000000003,66.18
2020,5,11,10,45,211,9,5.4,28.400000000000002,65.39
2020,5,11,11,0,609,139,5.4,28.5,65.01
2020,5,11,11,15,354,20,5.300000000000001,28.6,64.64
2020,5,11,11,30,351,19,5.300000000000001,28.700000000000003,64.27
2020,5,11,11,45,337,18,5.300000000000001,28.8,63.940000000000005
2020,5,11,12,0,530,61,5.300000000000001,28.900000000000002,63.57
2020,5,11,12,15,442,32,5.2,28.900000000000002,63.51
2020,5,11,12,30,315,16,5.2,28.900000000000002,63.51
2020,5,11,12,45,549,71,5.2,29,63.190000000000005
2020,5,11,13,0,378,22,5.2,29,63.190000000000005
2020,5,11,13,15,236,12,5.2,29,63.190000000000005
2020,5,11,13,30,977,876,5.2,29,63.13
2020,5,11,13,45,953,867,5.2,29,63.35
2020,5,11,14,0,571,125,5.1000000000000005,29,63.35
2020,5,11,14,15,584,157,5.1000000000000005,28.900000000000002,63.71
2020,5,11,14,30,612,224,5.1000000000000005,28.8,64.08
2020,5,11,14,45,819,832,5.1000000000000005,28.700000000000003,65.05
2020,5,11,15,0,777,820,5,28.6,65.36
2020,5,11,15,15,731,806,5,28.5,65.74
2020,5,11,15,30,682,790,4.9,28.400000000000002,66.12
2020,5,11,15,45,630,767,4.800000000000001,28.3,67.11
2020,5,11,16,0,575,744,4.800000000000001,28.1,67.89
2020,5,11,16,15,520,719,4.7,28,68.29
2020,5,11,16,30,463,690,4.7,27.900000000000002,68.69
2020,5,11,16,45,403,649,4.6000000000000005,27.700000000000003,69.82000000000001
2020,5,11,17,0,345,608,4.5,27.6,70.23
2020,5,11,17,15,286,558,4.4,27.400000000000002,71.05
2020,5,11,17,30,227,499,4.3,27.200000000000003,71.89
2020,5,11,17,45,171,428,4.2,27,73.33
2020,5,11,18,0,118,337,4.2,26.900000000000002,73.76
2020,5,11,18,15,70,225,4.1000000000000005,26.700000000000003,74.62
2020,5,11,18,30,30,95,4,26.6,75.06
2020,5,11,18,45,0,0,3.9000000000000004,26.400000000000002,77.62
2020,5,11,19,0,0,0,3.8000000000000003,26.3,78.08
2020,5,11,19,15,0,0,3.8000000000000003,26.3,78.08
2020,5,11,19,30,0,0,3.8000000000000003,26.3,78.08
2020,5,11,19,45,0,0,3.8000000000000003,26.3,78.08
2020,5,11,20,0,0,0,3.6,25.900000000000002,81.25
2020,5,11,20,15,0,0,3.6,25.900000000000002,81.25
2020,5,11,20,30,0,0,3.6,25.8,81.73
2020,5,11,20,45,0,0,3.6,25.700000000000003,82.97
2020,5,11,21,0,0,0,3.5,25.700000000000003,82.97
2020,5,11,21,15,0,0,3.5,25.700000000000003,82.97
2020,5,11,21,30,0,0,3.5,25.6,83.46000000000001
2020,5,11,21,45,0,0,3.5,25.6,83.82000000000001
2020,5,11,22,0,0,0,3.5,25.6,83.82000000000001
2020,5,11,22,15,0,0,3.5,25.5,84.32000000000001
2020,5,11,22,30,0,0,3.5,25.5,84.32000000000001
2020,5,11,22,45,0,0,3.5,25.5,84.69
2020,5,11,23,0,0,0,3.5,25.400000000000002,85.19
2020,5,11,23,15,0,0,3.5,25.400000000000002,85.19
2020,5,11,23,30,0,0,3.5,25.400000000000002,85.19
2020,5,11,23,45,0,0,3.5,25.400000000000002,85.38
2020,5,12,0,0,0,0,3.5,25.400000000000002,85.38
2020,5,12,0,15,0,0,3.4000000000000004,25.3,85.88
2020,5,12,0,30,0,0,3.4000000000000004,25.3,85.88
2020,5,12,0,45,0,0,3.4000000000000004,25.3,86.31
2020,5,12,1,0,0,0,3.4000000000000004,25.200000000000003,86.82000000000001
2020,5,12,1,15,0,0,3.4000000000000004,25.200000000000003,86.82000000000001
2020,5,12,1,30,0,0,3.3000000000000003,25.200000000000003,86.73
2020,5,12,1,45,0,0,3.3000000000000003,25.200000000000003,86.79
2020,5,12,2,0,0,0,3.3000000000000003,25.1,87.3
2020,5,12,2,15,0,0,3.3000000000000003,25.1,87.3
2020,5,12,2,30,0,0,3.3000000000000003,25.1,87.3
2020,5,12,2,45,0,0,3.3000000000000003,25,87.69
2020,5,12,3,0,0,0,3.3000000000000003,25,87.69
2020,5,12,3,15,0,0,3.3000000000000003,25,87.69
2020,5,12,3,30,0,0,3.3000000000000003,25,87.69
2020,5,12,3,45,0,0,3.3000000000000003,24.900000000000002,88.11
2020,5,12,4,0,0,0,3.3000000000000003,24.900000000000002,88.11
2020,5,12,4,15,0,0,3.3000000000000003,24.900000000000002,88.2
2020,5,12,4,30,0,0,3.3000000000000003,24.900000000000002,88.2
2020,5,12,4,45,0,0,3.3000000000000003,24.900000000000002,88.03
2020,5,12,5,0,0,0,3.3000000000000003,24.900000000000002,88.03
2020,5,12,5,15,0,0,3.3000000000000003,24.900000000000002,88.03
2020,5,12,5,30,0,0,3.3000000000000003,25,87.51
2020,5,12,5,45,0,0,3.4000000000000004,25.1,87.53
2020,5,12,6,0,12,24,3.4000000000000004,25.200000000000003,87.01
2020,5,12,6,15,41,141,3.5,25.3,86.49
2020,5,12,6,30,84,265,3.6,25.5,85.48
2020,5,12,6,45,134,372,3.7,25.6,84.61
2020,5,12,7,0,188,456,3.8000000000000003,25.8,83.62
2020,5,12,7,15,245,523,3.8000000000000003,26,82.72
2020,5,12,7,30,81,0,3.9000000000000004,26.200000000000003,81.75
2020,5,12,7,45,362,622,3.9000000000000004,26.5,77.9
2020,5,12,8,0,420,660,4,26.700000000000003,77
2020,5,12,8,15,478,693,4,26.900000000000002,76.10000000000001
2020,5,12,8,30,186,7,4,27.1,75.21000000000001
2020,5,12,8,45,587,740,4.1000000000000005,27.3,73.27
2020,5,12,9,0,357,82,4.1000000000000005,27.5,72.42
2020,5,12,9,15,177,4,4.1000000000000005,27.700000000000003,71.58
2020,5,12,9,30,303,24,4.1000000000000005,27.8,71.17
2020,5,12,9,45,782,813,4.2,28,69.71000000000001
2020,5,12,10,0,823,824,4.2,28.200000000000003,68.9
2020,5,12,10,15,130,0,4.2,28.400000000000002,68.11
2020,5,12,10,30,617,188,4.2,28.5,67.72
2020,5,12,10,45,924,849,4.2,28.6,67.13
2020,5,12,11,0,950,855,4.2,28.8,66.36
2020,5,12,11,15,972,860,4.2,28.8,66.3
2020,5,12,11,30,989,863,4.2,28.900000000000002,65.91
2020,5,12,11,45,1002,866,4.2,29,65.76
2020,5,12,12,0,1010,868,4.3,29.1,65.38
2020,5,12,12,15,1014,869,4.2,29.1,65.38
2020,5,12,12,30,1013,868,4.2,29.200000000000003,65
2020,5,12,12,45,1009,871,4.2,29.200000000000003,65.11
2020,5,12,13,0,999,868,4.2,29.200000000000003,65.11
2020,5,12,13,15,985,865,4.2,29.200000000000003,65.11
2020,5,12,13,30,966,861,4.2,29.1,65.48
2020,5,12,13,45,938,836,4.2,29.1,65.57000000000001
2020,5,12,14,0,911,829,4.2,29.1,65.5
2020,5,12,14,15,880,821,4.2,29,65.88
2020,5,12,14,30,845,812,4.1000000000000005,29,65.88
2020,5,12,14,45,805,797,4.1000000000000005,28.900000000000002,66.42
2020,5,12,15,0,763,785,4.1000000000000005,28.900000000000002,66.42
2020,5,12,15,15,718,770,4.1000000000000005,28.8,66.8
2020,5,12,15,30,670,753,4,28.700000000000003,67.19
2020,5,12,15,45,619,731,4,28.6,67.66
2020,5,12,16,0,567,710,4,28.5,68.05
2020,5,12,16,15,512,684,3.9000000000000004,28.400000000000002,68.44
2020,5,12,16,30,455,653,3.9000000000000004,28.3,68.84
2020,5,12,16,45,397,614,3.8000000000000003,28.1,69.7
2020,5,12,17,0,339,571,3.8000000000000003,28,70.11
2020,5,12,17,15,280,521,3.7,27.8,70.93
2020,5,12,17,30,223,460,3.7,27.6,71.76
2020,5,12,17,45,168,388,3.6,27.5,73.09
2020,5,12,18,0,115,298,3.5,27.3,73.95
2020,5,12,18,15,38,0,3.4000000000000004,27.1,74.9
2020,5,12,18,30,29,73,3.4000000000000004,26.900000000000002,75.78
2020,5,12,18,45,0,0,3.3000000000000003,26.700000000000003,78.96000000000001
2020,5,12,19,0,0,0,3.2,26.5,79.89
2020,5,12,19,15,0,0,3.2,26.5,79.89
2020,5,12,19,30,0,0,3.2,26.5,79.89
2020,5,12,19,45,0,0,3.2,26.5,79.89
2020,5,12,20,0,0,0,3.4000000000000004,26.200000000000003,82.97
2020,5,12,20,15,0,0,3.4000000000000004,26.1,83.46000000000001
2020,5,12,20,30,0,0,3.4000000000000004,26,83.95
2020,5,12,20,45,0,0,3.5,26,85.23
2020,5,12,21,0,0,0,3.5,25.900000000000002,85.82000000000001
2020,5,12,21,15,0,0,3.6,25.900000000000002,85.82000000000001
2020,5,12,21,30,0,0,3.6,25.8,86.33
2020,5,12,21,45,0,0,3.7,25.8,87.2
2020,5,12,22,0,0,0,3.7,25.8,87.2
2020,5,12,22,15,0,0,3.7,25.700000000000003,87.72
2020,5,12,22,30,0,0,3.7,25.700000000000003,87.72
2020,5,12,22,45,0,0,3.7,25.6,88.75
2020,5,12,23,0,0,0,3.8000000000000003,25.6,88.75
2020,5,12,23,15,0,0,3.7,25.5,89.28
2020,5,12,23,30,0,0,3.7,25.5,89.19
2020,5,12,23,45,0,0,3.7,25.400000000000002,89.8
2020,5,13,0,0,0,0,3.7,25.400000000000002,89.8
2020,5,13,0,15,0,0,3.7,25.3,90.33
2020,5,13,0,30,0,0,3.7,25.3,90.33
2020,5,13,0,45,0,0,3.7,25.200000000000003,90.65
2020,5,13,1,0,0,0,3.7,25.200000000000003,90.65
2020,5,13,1,15,0,0,3.7,25.200000000000003,90.65
2020,5,13,1,30,0,0,3.6,25.1,91.19
2020,5,13,1,45,0,0,3.6,25.1,90.8
2020,5,13,2,0,0,0,3.6,25,91.34
2020,5,13,2,15,0,0,3.6,25,91.34
2020,5,13,2,30,0,0,3.6,24.900000000000002,91.89
2020,5,13,2,45,0,0,3.5,24.900000000000002,91.02
2020,5,13,3,0,0,0,3.5,24.900000000000002,91.02
2020,5,13,3,15,0,0,3.5,24.8,91.56
2020,5,13,3,30,0,0,3.5,24.8,91.56
2020,5,13,3,45,0,0,3.5,24.8,90.9
2020,5,13,4,0,0,0,3.5,24.8,90.9
2020,5,13,4,15,0,0,3.5,24.8,90.9
2020,5,13,4,30,0,0,3.5,24.8,90.9
2020,5,13,4,45,0,0,3.5,24.8,90.27
2020,5,13,5,0,0,0,3.5,24.8,90.27
2020,5,13,5,15,0,0,3.5,24.900000000000002,89.74
2020,5,13,5,30,0,0,3.5,25,89.21000000000001
2020,5,13,5,45,0,0,3.6,25.1,88.88
2020,5,13,6,0,12,27,3.6,25.1,88.88
2020,5,13,6,15,43,150,3.7,25.3,87.84
2020,5,13,6,30,86,277,3.8000000000000003,25.400000000000002,87.32000000000001
2020,5,13,6,45,60,0,3.9000000000000004,25.6,86.15
2020,5,13,7,0,192,477,4,25.700000000000003,85.64
2020,5,13,7,15,249,543,4.1000000000000005,25.900000000000002,84.63
2020,5,13,7,30,307,598,4.1000000000000005,26.1,83.64
2020,5,13,7,45,368,653,4.2,26.3,80.41
2020,5,13,8,0,427,690,4.3,26.5,79.47
2020,5,13,8,15,485,721,4.4,26.700000000000003,78.55
2020,5,13,8,30,541,748,4.4,26.900000000000002,77.63
2020,5,13,8,45,597,774,4.5,27.1,74.59
2020,5,13,9,0,650,793,4.5,27.3,73.73
2020,5,13,9,15,700,810,4.5,27.5,72.87
2020,5,13,9,30,747,825,4.6000000000000005,27.700000000000003,72.03
2020,5,13,9,45,792,837,4.6000000000000005,27.8,69.94
2020,5,13,10,0,833,848,4.6000000000000005,28,69.13
2020,5,13,10,15,871,858,4.6000000000000005,28.1,68.73
2020,5,13,10,30,905,866,4.6000000000000005,28.200000000000003,68.33
2020,5,13,10,45,935,873,4.6000000000000005,28.3,67.44
2020,5,13,11,0,961,879,4.6000000000000005,28.5,66.66
2020,5,13,11,15,983,883,4.6000000000000005,28.5,66.66
2020,5,13,11,30,1000,887,4.6000000000000005,28.6,66.28
2020,5,13,11,45,1012,887,4.6000000000000005,28.6,66.46000000000001
2020,5,13,12,0,1021,889,4.5,28.700000000000003,66.07000000000001
2020,5,13,12,15,1024,889,4.5,28.700000000000003,66.07000000000001
2020,5,13,12,30,1024,889,4.5,28.700000000000003,66.07000000000001
2020,5,13,12,45,1018,887,4.5,28.700000000000003,66.21000000000001
2020,5,13,13,0,1008,885,4.4,28.700000000000003,66.14
2020,5,13,13,15,994,883,4.4,28.700000000000003,66.14
2020,5,13,13,30,975,879,4.4,28.700000000000003,66.14
2020,5,13,13,45,950,863,4.3,28.6,66.59
2020,5,13,14,0,922,856,4.3,28.6,66.59
2020,5,13,14,15,891,849,4.2,28.6,66.59
2020,5,13,14,30,856,840,4.2,28.5,66.97
2020,5,13,14,45,817,828,4.2,28.5,67.02
2020,5,13,15,0,775,816,4.1000000000000005,28.400000000000002,67.41
2020,5,13,15,15,729,802,4.1000000000000005,28.3,67.8
2020,5,13,15,30,681,786,4.1000000000000005,28.200000000000003,68.2
2020,5,13,15,45,630,767,4,28.200000000000003,68.4
2020,5,13,16,0,576,745,4,28.1,68.8
2020,5,13,16,15,521,720,4,27.900000000000002,69.60000000000001
2020,5,13,16,30,464,691,3.9000000000000004,27.8,70.01
2020,5,13,16,45,406,660,3.9000000000000004,27.700000000000003,70.33
2020,5,13,17,0,347,620,3.9000000000000004,27.6,70.74
2020,5,13,17,15,289,572,3.8000000000000003,27.400000000000002,71.57000000000001
2020,5,13,17,30,230,513,3.7,27.1,72.84
2020,5,13,17,45,175,449,3.6,26.900000000000002,74.79
2020,5,13,18,0,121,358,3.5,26.700000000000003,75.67
2020,5,13,18,15,72,245,3.4000000000000004,26.5,76.57000000000001
2020,5,13,18,30,32,110,3.4000000000000004,26.400000000000002,77.02
2020,5,13,18,45,0,0,3.3000000000000003,26.200000000000003,80.09
2020,5,13,19,0,0,0,3.3000000000000003,26,81.03
2020,5,13,19,15,0,0,3.3000000000000003,26,81.03
2020,5,13,19,30,0,0,3.3000000000000003,26,81.03
2020,5,13,19,45,0,0,3.3000000000000003,26,81.03
2020,5,13,20,0,0,0,3.3000000000000003,25.700000000000003,83.22
2020,5,13,20,15,0,0,3.3000000000000003,25.700000000000003,83.22
2020,5,13,20,30,0,0,3.4000000000000004,25.700000000000003,83.31
2020,5,13,20,45,0,0,3.4000000000000004,25.6,84.09
2020,5,13,21,0,0,0,3.4000000000000004,25.6,84.09
2020,5,13,21,15,0,0,3.4000000000000004,25.6,84.09
2020,5,13,21,30,0,0,3.4000000000000004,25.6,84.09
2020,5,13,21,45,0,0,3.4000000000000004,25.5,84.64
2020,5,13,22,0,0,0,3.4000000000000004,25.5,84.64
2020,5,13,22,15,0,0,3.4000000000000004,25.5,84.64
2020,5,13,22,30,0,0,3.4000000000000004,25.400000000000002,85.14
2020,5,13,22,45,0,0,3.4000000000000004,25.400000000000002,85.03
2020,5,13,23,0,0,0,3.4000000000000004,25.400000000000002,85.03
2020,5,13,23,15,0,0,3.4000000000000004,25.3,85.53
2020,5,13,23,30,0,0,3.4000000000000004,25.3,85.53
2020,5,13,23,45,0,0,3.3000000000000003,25.3,85.49
2020,5,14,0,0,0,0,3.3000000000000003,25.200000000000003,86
2020,5,14,0,15,0,0,3.3000000000000003,25.200000000000003,85.92
2020,5,14,0,30,0,0,3.3000000000000003,25.200000000000003,85.92
2020,5,14,0,45,0,0,3.3000000000000003,25.1,86.26
2020,5,14,1,0,0,0,3.3000000000000003,25.1,86.26
2020,5,14,1,15,0,0,3.3000000000000003,25.1,86.26
2020,5,14,1,30,0,0,3.3000000000000003,25,86.77
2020,5,14,1,45,0,0,3.4000000000000004,25,86.51
2020,5,14,2,0,0,0,3.4000000000000004,25,86.51
2020,5,14,2,15,0,0,3.4000000000000004,24.900000000000002,87.02
2020,5,14,2,30,0,0,3.5,24.900000000000002,87.02
2020,5,14,2,45,0,0,3.5,24.900000000000002,86.71000000000001
2020,5,14,3,0,0,0,3.6,24.900000000000002,86.71000000000001
2020,5,14,3,15,0,0,3.6,24.8,87.23
2020,5,14,3,30,0,0,3.7,24.8,87.23
2020,5,14,3,45,0,0,3.7,24.8,86.96000000000001
2020,5,14,4,0,0,0,3.8000000000000003,24.8,86.96000000000001
2020,5,14,4,15,0,0,3.8000000000000003,24.8,86.96000000000001
2020,5,14,4,30,0,0,3.8000000000000003,24.8,86.96000000000001
2020,5,14,4,45,0,0,3.9000000000000004,24.8,86.35000000000001
2020,5,14,5,0,0,0,3.9000000000000004,24.700000000000003,86.87
2020,5,14,5,15,0,0,4,24.900000000000002,85.84
2020,5,14,5,30,0,0,4,25,85.33
2020,5,14,5,45,0,0,4.1000000000000005,25.1,84.42
2020,5,14,6,0,14,64,4.2,25.200000000000003,83.92
2020,5,14,6,15,46,223,4.3,25.400000000000002,83.01
2020,5,14,6,30,91,358,4.4,25.6,82.04
2020,5,14,6,45,143,459,4.6000000000000005,25.900000000000002,78.91
2020,5,14,7,0,80,0,4.7,26.1,77.99
2020,5,14,7,15,256,602,4.800000000000001,26.3,77.07000000000001
2020,5,14,7,30,315,653,4.9,26.5,76.17
2020,5,14,7,45,374,690,4.9,26.6,74.13
2020,5,14,8,0,250,100,5,26.8,73.27
2020,5,14,8,15,284,102,5,27,72.42
2020,5,14,8,30,548,779,5.1000000000000005,27.200000000000003,71.57000000000001
2020,5,14,8,45,602,795,5.1000000000000005,27.400000000000002,69.83
2020,5,14,9,0,654,814,5.1000000000000005,27.5,69.43
2020,5,14,9,15,705,830,5.1000000000000005,27.700000000000003,68.62
2020,5,14,9,30,752,844,5.1000000000000005,27.8,68.23
2020,5,14,9,45,796,852,5.1000000000000005,28,66.85
2020,5,14,10,0,837,863,5.1000000000000005,28.1,66.46000000000001
2020,5,14,10,15,875,872,5.1000000000000005,28.200000000000003,66.08
2020,5,14,10,30,908,880,5.1000000000000005,28.400000000000002,65.32000000000001
2020,5,14,10,45,938,883,5.1000000000000005,28.5,64.86
2020,5,14,11,0,963,889,5.1000000000000005,28.6,64.48
2020,5,14,11,15,985,893,5.1000000000000005,28.700000000000003,64.11
2020,5,14,11,30,1002,897,5,28.700000000000003,64.05
2020,5,14,11,45,1014,896,5,28.8,63.870000000000005
2020,5,14,12,0,1023,897,4.9,28.900000000000002,63.5
2020,5,14,12,15,1027,898,4.9,28.900000000000002,63.5
2020,5,14,12,30,1026,898,4.800000000000001,28.900000000000002,63.5
2020,5,14,12,45,1020,892,4.800000000000001,29,63.2
2020,5,14,13,0,1010,890,4.7,29,63.2
2020,5,14,13,15,994,886,4.7,29,63.2
2020,5,14,13,30,975,882,4.7,29,63.14
2020,5,14,13,45,954,885,4.6000000000000005,28.900000000000002,63.26
2020,5,14,14,0,927,879,4.6000000000000005,28.900000000000002,63.26
2020,5,14,14,15,896,872,4.6000000000000005,28.900000000000002,63.26
2020,5,14,14,30,861,864,4.6000000000000005,28.8,63.63
2020,5,14,14,45,822,853,4.6000000000000005,28.8,63.54
2020,5,14,15,0,780,842,4.6000000000000005,28.700000000000003,63.910000000000004
2020,5,14,15,15,736,831,4.6000000000000005,28.6,64.28
2020,5,14,15,30,688,816,4.6000000000000005,28.5,64.66
2020,5,14,15,45,636,795,4.6000000000000005,28.400000000000002,65.18
2020,5,14,16,0,583,775,4.6000000000000005,28.3,65.55
2020,5,14,16,15,527,752,4.6000000000000005,28.1,66.32000000000001
2020,5,14,16,30,470,724,4.6000000000000005,28,66.7
2020,5,14,16,45,413,693,4.6000000000000005,27.8,67.26
2020,5,14,17,0,354,655,4.6000000000000005,27.700000000000003,67.65
2020,5,14,17,15,294,609,4.5,27.5,68.44
2020,5,14,17,30,236,552,4.5,27.3,69.24
2020,5,14,17,45,179,487,4.4,27.1,70.13
2020,5,14,18,0,125,398,4.3,26.900000000000002,70.96000000000001
2020,5,14,18,15,75,285,4.3,26.8,71.45
2020,5,14,18,30,34,142,4.2,26.700000000000003,71.87
2020,5,14,18,45,0,0,4.2,26.5,73.68
2020,5,14,19,0,0,0,4.1000000000000005,26.400000000000002,74.12
2020,5,14,19,15,0,0,4.1000000000000005,26.400000000000002,74.12
2020,5,14,19,30,0,0,4.1000000000000005,26.400000000000002,74.12
2020,5,14,19,45,0,0,4.1000000000000005,26.400000000000002,74.12
2020,5,14,20,0,0,0,4.2,26.1,76.01
2020,5,14,20,15,0,0,4.2,26.1,76.01
2020,5,14,20,30,0,0,4.3,26,76.46000000000001
2020,5,14,20,45,0,0,4.3,26,76.46000000000001
2020,5,14,21,0,0,0,4.3,26,76.46000000000001
2020,5,14,21,15,0,0,4.3,25.900000000000002,76.91
2020,5,14,21,30,0,0,4.3,25.900000000000002,76.91
2020,5,14,21,45,0,0,4.3,25.8,77.18
2020,5,14,22,0,0,0,4.4,25.8,77.18
2020,5,14,22,15,0,0,4.4,25.700000000000003,77.64
2020,5,14,22,30,0,0,4.3,25.700000000000003,77.64
2020,5,14,22,45,0,0,4.3,25.6,78
2020,5,14,23,0,0,0,4.3,25.5,78.46000000000001
2020,5,14,23,15,0,0,4.3,25.5,78.46000000000001
2020,5,14,23,30,0,0,4.3,25.400000000000002,78.92
2020,5,14,23,45,0,0,4.3,25.400000000000002,79.32000000000001
2020,5,15,0,0,0,0,4.3,25.3,79.71000000000001
2020,5,15,0,15,0,0,4.3,25.3,79.71000000000001
2020,5,15,0,30,0,0,4.3,25.200000000000003,80.19
2020,5,15,0,45,0,0,4.3,25.200000000000003,80.66
2020,5,15,1,0,0,0,4.3,25.1,81.14
2020,5,15,1,15,0,0,4.3,25.1,81.14
2020,5,15,1,30,0,0,4.3,25,81.62
2020,5,15,1,45,0,0,4.3,25,81.39
2020,5,15,2,0,0,0,4.3,25,81.39
2020,5,15,2,15,0,0,4.3,25,81.39
2020,5,15,2,30,0,0,4.3,24.900000000000002,81.87
2020,5,15,2,45,0,0,4.3,24.900000000000002,81.28
2020,5,15,3,0,0,0,4.3,24.900000000000002,81.28
2020,5,15,3,15,0,0,4.3,24.900000000000002,81.28
2020,5,15,3,30,0,0,4.3,24.8,81.77
2020,5,15,3,45,0,0,4.3,24.8,81.86
2020,5,15,4,0,0,0,4.2,24.8,81.86
2020,5,15,4,15,0,0,4.2,24.8,81.86
2020,5,15,4,30,0,0,4.2,24.700000000000003,82.35000000000001
2020,5,15,4,45,0,0,4.2,24.700000000000003,83.05
2020,5,15,5,0,0,0,4.2,24.700000000000003,83.05
2020,5,15,5,15,0,0,4.3,24.8,82.64
2020,5,15,5,30,0,0,4.3,24.900000000000002,82.15
2020,5,15,5,45,0,0,4.4,24.900000000000002,83.10000000000001
2020,5,15,6,0,15,106,4.4,25,82.61
2020,5,15,6,15,50,280,4.5,25.200000000000003,81.63
2020,5,15,6,30,96,416,4.6000000000000005,25.400000000000002,80.67
2020,5,15,6,45,79,42,4.800000000000001,25.6,79.43
2020,5,15,7,0,206,593,4.9,25.8,78.49
2020,5,15,7,15,265,651,4.9,26,77.57000000000001
2020,5,15,7,30,35,0,5,26.200000000000003,76.67
2020,5,15,7,45,30,0,5.1000000000000005,26.400000000000002,74.44
2020,5,15,8,0,77,0,5.1000000000000005,26.6,73.57000000000001
2020,5,15,8,15,261,72,5.2,26.8,72.71000000000001
2020,5,15,8,30,559,818,5.2,27,71.87
2020,5,15,8,45,407,192,5.2,27.200000000000003,70.24
2020,5,15,9,0,74,0,5.2,27.400000000000002,69.42
2020,5,15,9,15,343,51,5.2,27.5,69.02
2020,5,15,9,30,765,879,5.2,27.700000000000003,68.22
2020,5,15,9,45,808,887,5.2,27.900000000000002,66.98
2020,5,15,10,0,850,896,5.2,28,66.59
2020,5,15,10,15,888,905,5.2,28.1,66.2
2020,5,15,10,30,922,912,5.2,28.3,65.44
2020,5,15,10,45,946,901,5.2,28.400000000000002,64.9
2020,5,15,11,0,972,906,5.2,28.5,64.52
2020,5,15,11,15,994,910,5.2,28.6,64.15
2020,5,15,11,30,1013,915,5.1000000000000005,28.700000000000003,63.78
2020,5,15,11,45,1025,914,5.1000000000000005,28.8,63.08
2020,5,15,12,0,1033,916,5.1000000000000005,28.900000000000002,62.65
2020,5,15,12,15,1037,916,5.1000000000000005,28.900000000000002,62.65
2020,5,15,12,30,1037,916,5.1000000000000005,29,62.29
2020,5,15,12,45,1030,911,5,29,62.04
2020,5,15,13,0,1021,909,5,29.1,61.690000000000005
2020,5,15,13,15,1006,907,5,29.1,61.690000000000005
2020,5,15,13,30,987,903,5,29.1,61.690000000000005
2020,5,15,13,45,965,900,5,29,61.95
2020,5,15,14,0,655,216,5,29,61.95
2020,5,15,14,15,576,150,5,29,61.95
2020,5,15,14,30,873,881,5,28.900000000000002,62.300000000000004
2020,5,15,14,45,833,869,5,28.900000000000002,62.24
2020,5,15,15,0,791,858,5,28.8,62.6
2020,5,15,15,15,747,848,5,28.700000000000003,62.96
2020,5,15,15,30,698,833,5,28.6,63.32
2020,5,15,15,45,647,818,5,28.5,63.81
2020,5,15,16,0,593,799,5,28.400000000000002,64.18
2020,5,15,16,15,537,776,5,28.200000000000003,64.93
2020,5,15,16,30,481,752,5,28,65.69
2020,5,15,16,45,422,724,5,27.900000000000002,66.67
2020,5,15,17,0,362,687,4.9,27.700000000000003,67.45
2020,5,15,17,15,303,642,4.9,27.5,68.24
2020,5,15,17,30,243,587,4.800000000000001,27.3,69.04
2020,5,15,17,45,185,514,4.800000000000001,27,71.63
2020,5,15,18,0,129,426,4.7,26.8,72.48
2020,5,15,18,15,79,313,4.7,26.700000000000003,72.9
2020,5,15,18,30,36,168,4.6000000000000005,26.5,73.76
2020,5,15,18,45,0,0,4.5,26.400000000000002,76.04
2020,5,15,19,0,0,0,4.5,26.200000000000003,76.94
2020,5,15,19,15,0,0,4.5,26.200000000000003,76.94
2020,5,15,19,30,0,0,4.5,26.200000000000003,76.94
2020,5,15,19,45,0,0,4.5,26.200000000000003,76.94
2020,5,15,20,0,0,0,4.4,26,79.06
2020,5,15,20,15,0,0,4.3,25.900000000000002,79.53
2020,5,15,20,30,0,0,4.3,25.900000000000002,79.53
2020,5,15,20,45,0,0,4.3,25.8,80.76
2020,5,15,21,0,0,0,4.2,25.700000000000003,81.24
2020,5,15,21,15,0,0,4.2,25.700000000000003,81.24
2020,5,15,21,30,0,0,4.2,25.700000000000003,81.24
2020,5,15,21,45,0,0,4.2,25.6,82.19
2020,5,15,22,0,0,0,4.2,25.6,82.19
2020,5,15,22,15,0,0,4.1000000000000005,25.5,82.68
2020,5,15,22,30,0,0,4.1000000000000005,25.5,82.68
2020,5,15,22,45,0,0,4.1000000000000005,25.400000000000002,83.2
2020,5,15,23,0,0,0,4.1000000000000005,25.400000000000002,83.2
2020,5,15,23,15,0,0,4.1000000000000005,25.400000000000002,83.2
2020,5,15,23,30,0,0,4,25.3,83.69
2020,5,15,23,45,0,0,4,25.3,83.35000000000001
2020,5,16,0,0,0,0,4,25.200000000000003,83.84
2020,5,16,0,15,0,0,4,25.200000000000003,83.84
2020,5,16,0,30,0,0,4,25.200000000000003,83.84
2020,5,16,0,45,0,0,3.9000000000000004,25.1,84.02
2020,5,16,1,0,0,0,3.9000000000000004,25.1,84.02
2020,5,16,1,15,0,0,3.9000000000000004,25.1,84.02
2020,5,16,1,30,0,0,3.9000000000000004,25,84.52
2020,5,16,1,45,0,0,3.8000000000000003,25,84.23
2020,5,16,2,0,0,0,3.8000000000000003,25,84.23
2020,5,16,2,15,0,0,3.8000000000000003,25,84.23
2020,5,16,2,30,0,0,3.8000000000000003,24.900000000000002,84.73
2020,5,16,2,45,0,0,3.8000000000000003,24.900000000000002,84.43
2020,5,16,3,0,0,0,3.7,24.900000000000002,84.43
2020,5,16,3,15,0,0,3.7,24.900000000000002,84.43
2020,5,16,3,30,0,0,3.7,24.900000000000002,84.43
2020,5,16,3,45,0,0,3.7,24.900000000000002,83.94
2020,5,16,4,0,0,0,3.7,24.8,84.44
2020,5,16,4,15,0,0,3.7,24.8,84.44
2020,5,16,4,30,0,0,3.7,24.8,84.44
2020,5,16,4,45,0,0,3.7,24.8,84.02
2020,5,16,5,0,0,0,3.7,24.8,84.02
2020,5,16,5,15,0,0,3.7,24.900000000000002,83.60000000000001
2020,5,16,5,30,0,0,3.8000000000000003,25.1,82.62
2020,5,16,5,45,0,0,3.8000000000000003,25.200000000000003,82.45
2020,5,16,6,0,15,54,3.8000000000000003,25.3,81.96000000000001
2020,5,16,6,15,48,205,3.9000000000000004,25.5,81
2020,5,16,6,30,93,340,4.1000000000000005,25.8,79.58
2020,5,16,6,45,145,437,4.2,26,77.57000000000001
2020,5,16,7,0,201,519,4.3,26.3,76.21000000000001
2020,5,16,7,15,260,585,4.4,26.5,75.32000000000001
2020,5,16,7,30,321,640,4.4,26.700000000000003,74.44
2020,5,16,7,45,380,677,4.5,26.900000000000002,71.71000000000001
2020,5,16,8,0,439,714,4.6000000000000005,27.1,70.87
2020,5,16,8,15,498,745,4.6000000000000005,27.3,70.05
2020,5,16,8,30,556,771,4.6000000000000005,27.5,69.24
2020,5,16,8,45,610,788,4.7,27.700000000000003,66.98
2020,5,16,9,0,663,808,4.7,27.900000000000002,66.2
2020,5,16,9,15,714,825,4.7,28.1,65.44
2020,5,16,9,30,762,840,4.7,28.200000000000003,65.06
2020,5,16,9,45,807,849,4.800000000000001,28.400000000000002,63.28
2020,5,16,10,0,848,860,4.800000000000001,28.6,62.550000000000004
2020,5,16,10,15,886,869,4.800000000000001,28.700000000000003,62.190000000000005
2020,5,16,10,30,921,878,4.800000000000001,28.8,61.83
2020,5,16,10,45,954,891,4.800000000000001,28.900000000000002,61.050000000000004
2020,5,16,11,0,980,897,4.7,29,60.7
2020,5,16,11,15,1002,901,4.7,29.1,60.35
2020,5,16,11,30,1020,905,4.7,29.200000000000003,60
2020,5,16,11,45,1032,905,4.7,29.200000000000003,60.120000000000005
2020,5,16,12,0,1041,907,4.7,29.3,59.77
2020,5,16,12,15,1045,908,4.7,29.3,59.71
2020,5,16,12,30,1044,908,4.6000000000000005,29.400000000000002,59.370000000000005
2020,5,16,12,45,1038,905,4.6000000000000005,29.400000000000002,59.68
2020,5,16,13,0,1028,903,4.6000000000000005,29.400000000000002,59.68
2020,5,16,13,15,744,267,4.6000000000000005,29.400000000000002,59.68
2020,5,16,13,30,993,894,4.6000000000000005,29.3,60.02
2020,5,16,13,45,970,890,4.6000000000000005,29.3,60.31
2020,5,16,14,0,942,884,4.5,29.3,60.31
2020,5,16,14,15,911,877,4.5,29.200000000000003,60.660000000000004
2020,5,16,14,30,876,869,4.5,29.200000000000003,60.660000000000004
2020,5,16,14,45,561,192,4.5,29.1,61.370000000000005
2020,5,16,15,0,247,12,4.4,29,61.730000000000004
2020,5,16,15,15,474,156,4.4,28.900000000000002,62.09
2020,5,16,15,30,256,17,4.4,28.8,62.440000000000005
2020,5,16,15,45,459,242,4.3,28.700000000000003,63.38
2020,5,16,16,0,362,136,4.3,28.6,63.75
2020,5,16,16,15,534,742,4.3,28.5,64.12
2020,5,16,16,30,476,714,4.2,28.3,64.87
2020,5,16,16,45,417,674,4.2,28.1,66.63
2020,5,16,17,0,357,633,4.2,28,67.01
2020,5,16,17,15,297,583,4.1000000000000005,27.8,67.8
2020,5,16,17,30,238,524,4,27.6,68.59
2020,5,16,17,45,180,447,4,27.3,71.86
2020,5,16,18,0,108,273,3.9000000000000004,27.1,72.7
2020,5,16,18,15,76,244,3.8000000000000003,26.900000000000002,73.63
2020,5,16,18,30,35,111,3.8000000000000003,26.700000000000003,74.5
2020,5,16,18,45,0,0,3.7,26.5,78.77
2020,5,16,19,0,0,0,3.6,26.3,79.7
2020,5,16,19,15,0,0,3.6,26.3,79.7
2020,5,16,19,30,0,0,3.6,26.3,79.7
2020,5,16,19,45,0,0,3.6,26.3,79.7
2020,5,16,20,0,0,0,3.8000000000000003,26.1,82.91
2020,5,16,20,15,0,0,3.8000000000000003,26.1,82.91
2020,5,16,20,30,0,0,3.8000000000000003,26,83.4
2020,5,16,20,45,0,0,3.8000000000000003,26,84.45
2020,5,16,21,0,0,0,3.8000000000000003,26,84.45
2020,5,16,21,15,0,0,3.8000000000000003,26,84.45
2020,5,16,21,30,0,0,3.7,25.900000000000002,84.95
2020,5,16,21,45,0,0,3.7,25.900000000000002,85.52
2020,5,16,22,0,0,0,3.7,25.900000000000002,85.52
2020,5,16,22,15,0,0,3.7,25.900000000000002,85.52
2020,5,16,22,30,0,0,3.7,25.8,86.02
2020,5,16,22,45,0,0,3.7,25.8,86.13
2020,5,16,23,0,0,0,3.6,25.8,86.13
2020,5,16,23,15,0,0,3.6,25.8,86.13
2020,5,16,23,30,0,0,3.6,25.8,86.13
2020,5,16,23,45,0,0,3.6,25.700000000000003,86.55
2020,5,17,0,0,0,0,3.6,25.700000000000003,86.55
2020,5,17,0,15,0,0,3.6,25.700000000000003,86.46000000000001
2020,5,17,0,30,0,0,3.6,25.700000000000003,86.46000000000001
2020,5,17,0,45,0,0,3.6,25.700000000000003,86.43
2020,5,17,1,0,0,0,3.6,25.6,86.94
2020,5,17,1,15,0,0,3.6,25.6,86.94
2020,5,17,1,30,0,0,3.6,25.6,86.94
2020,5,17,1,45,0,0,3.6,25.6,87
2020,5,17,2,0,0,0,3.6,25.6,86.91
2020,5,17,2,15,0,0,3.6,25.6,86.91
2020,5,17,2,30,0,0,3.6,25.6,86.91
2020,5,17,2,45,0,0,3.6,25.6,87.03
2020,5,17,3,0,0,0,3.6,25.6,87.03
2020,5,17,3,15,0,0,3.6,25.6,87.03
2020,5,17,3,30,0,0,3.5,25.6,87.03
2020,5,17,3,45,0,0,3.5,25.5,87.53
2020,5,17,4,0,0,0,3.5,25.5,87.53
2020,5,17,4,15,0,0,3.5,25.5,87.61
2020,5,17,4,30,0,0,3.5,25.5,87.61
2020,5,17,4,45,0,0,3.5,25.5,87.48
2020,5,17,5,0,0,0,3.5,25.5,87.48
2020,5,17,5,15,0,0,3.6,25.6,86.97
2020,5,17,5,30,0,0,3.7,25.700000000000003,86.45
2020,5,17,5,45,0,0,3.7,25.8,85.87
2020,5,17,6,0,15,50,3.8000000000000003,25.900000000000002,85.36
2020,5,17,6,15,47,189,3.9000000000000004,26.1,84.36
2020,5,17,6,30,91,318,4,26.3,83.37
2020,5,17,6,45,143,429,4.2,26.5,81.22
2020,5,17,7,0,198,509,4.3,26.700000000000003,80.28
2020,5,17,7,15,255,572,4.3,26.8,79.81
2020,5,17,7,30,314,624,4.4,27,78.96000000000001
2020,5,17,7,45,372,664,4.4,27.200000000000003,76.92
2020,5,17,8,0,182,20,4.5,27.400000000000002,76.03
2020,5,17,8,15,147,0,4.5,27.5,75.58
2020,5,17,8,30,544,756,4.5,27.700000000000003,74.71000000000001
2020,5,17,8,45,597,773,4.6000000000000005,27.900000000000002,73.36
2020,5,17,9,0,650,792,4.6000000000000005,28,72.94
2020,5,17,9,15,700,809,4.6000000000000005,28.200000000000003,72.10000000000001
2020,5,17,9,30,747,823,4.6000000000000005,28.3,71.68
2020,5,17,9,45,791,833,4.7,28.5,70.77
2020,5,17,10,0,830,843,4.7,28.6,70.36
2020,5,17,10,15,868,852,4.7,28.700000000000003,69.95
2020,5,17,10,30,458,57,4.7,28.8,69.55
2020,5,17,10,45,523,85,4.7,29,69.18
2020,5,17,11,0,955,865,4.800000000000001,29.1,68.71000000000001
2020,5,17,11,15,975,868,4.800000000000001,29.200000000000003,68.32000000000001
2020,5,17,11,30,992,872,4.800000000000001,29.3,67.93
2020,5,17,11,45,1002,863,4.800000000000001,29.3,68.55
2020,5,17,12,0,1010,864,4.800000000000001,29.400000000000002,68.15
2020,5,17,12,15,1014,865,4.800000000000001,29.5,67.76
2020,5,17,12,30,1014,865,4.7,29.5,67.76
2020,5,17,12,45,1006,854,4.7,29.5,68.26
2020,5,17,13,0,996,852,4.7,29.6,67.87
2020,5,17,13,15,982,849,4.6000000000000005,29.6,67.87
2020,5,17,13,30,962,844,4.6000000000000005,29.5,68.26
2020,5,17,13,45,927,790,4.5,29.5,68.35000000000001
2020,5,17,14,0,900,782,4.5,29.5,68.35000000000001
2020,5,17,14,15,869,774,4.4,29.5,68.35000000000001
2020,5,17,14,30,835,763,4.4,29.400000000000002,68.74
2020,5,17,14,45,797,754,4.4,29.400000000000002,68.74
2020,5,17,15,0,755,740,4.3,29.3,69.13
2020,5,17,15,15,421,96,4.3,29.200000000000003,69.53
2020,5,17,15,30,663,706,4.3,29.1,69.93
2020,5,17,15,45,614,691,4.3,29,70.55
2020,5,17,16,0,561,667,4.4,28.900000000000002,70.96000000000001
2020,5,17,16,15,507,640,4.4,28.8,71.37
2020,5,17,16,30,451,608,4.4,28.6,72.2
2020,5,17,16,45,395,577,4.4,28.5,72.84
2020,5,17,17,0,337,534,4.4,28.3,73.69
2020,5,17,17,15,280,482,4.3,28.1,74.55
2020,5,17,17,30,223,421,4.3,27.900000000000002,75.42
2020,5,17,17,45,170,364,4.3,27.700000000000003,77.13
2020,5,17,18,0,118,276,4.3,27.5,78.03
2020,5,17,18,15,70,172,4.3,27.3,78.94
2020,5,17,18,30,32,64,4.3,27.200000000000003,79.49
2020,5,17,18,45,0,0,4.2,27,82.34
2020,5,17,19,0,0,0,4.2,26.8,83.31
2020,5,17,19,15,0,0,4.2,26.8,83.31
2020,5,17,19,30,0,0,4.2,26.8,83.31
2020,5,17,19,45,0,0,4.2,26.8,83.31
2020,5,17,20,0,0,0,4.2,26.5,85.67
2020,5,17,20,15,0,0,4.2,26.5,85.76
2020,5,17,20,30,0,0,4.1000000000000005,26.400000000000002,86.26
2020,5,17,20,45,0,0,4.1000000000000005,26.400000000000002,86.37
2020,5,17,21,0,0,0,4,26.3,86.88
2020,5,17,21,15,0,0,4,26.3,86.88
2020,5,17,21,30,0,0,4,26.3,86.88
2020,5,17,21,45,0,0,4,26.200000000000003,87.58
2020,5,17,22,0,0,0,3.9000000000000004,26.200000000000003,87.58
2020,5,17,22,15,0,0,3.9000000000000004,26.200000000000003,87.58
2020,5,17,22,30,0,0,3.9000000000000004,26.1,88.10000000000001
2020,5,17,22,45,0,0,3.9000000000000004,26.1,88.24
2020,5,17,23,0,0,0,3.9000000000000004,26,88.76
2020,5,17,23,15,0,0,3.9000000000000004,26,88.76
2020,5,17,23,30,0,0,3.8000000000000003,25.900000000000002,89.28
2020,5,17,23,45,0,0,3.8000000000000003,25.900000000000002,89.13
2020,5,18,0,0,0,0,3.8000000000000003,25.8,89.65
2020,5,18,0,15,0,0,3.7,25.8,89.65
2020,5,18,0,30,0,0,3.7,25.8,89.56
2020,5,18,0,45,0,0,3.7,25.700000000000003,89.75
2020,5,18,1,0,0,0,3.7,25.700000000000003,89.75
2020,5,18,1,15,0,0,3.7,25.700000000000003,89.75
2020,5,18,1,30,0,0,3.7,25.700000000000003,89.75
2020,5,18,1,45,0,0,3.8000000000000003,25.6,89.76
2020,5,18,2,0,0,0,3.8000000000000003,25.6,89.76
2020,5,18,2,15,0,0,3.8000000000000003,25.6,89.76
2020,5,18,2,30,0,0,3.8000000000000003,25.6,89.76
2020,5,18,2,45,0,0,3.8000000000000003,25.6,88.95
2020,5,18,3,0,0,0,3.8000000000000003,25.6,88.95
2020,5,18,3,15,0,0,3.8000000000000003,25.5,89.48
2020,5,18,3,30,0,0,3.8000000000000003,25.5,89.48
2020,5,18,3,45,0,0,3.8000000000000003,25.5,88.64
2020,5,18,4,0,0,0,3.8000000000000003,25.5,88.64
2020,5,18,4,15,0,0,3.8000000000000003,25.5,88.64
2020,5,18,4,30,0,0,3.8000000000000003,25.5,88.64
2020,5,18,4,45,0,0,3.8000000000000003,25.400000000000002,88.23
2020,5,18,5,0,0,0,3.8000000000000003,25.400000000000002,88.23
2020,5,18,5,15,0,0,3.9000000000000004,25.5,87.71000000000001
2020,5,18,5,30,0,0,4,25.6,87.19
2020,5,18,5,45,0,0,4,25.6,86.16
2020,5,18,6,0,12,11,4.1000000000000005,25.700000000000003,85.74
2020,5,18,6,15,42,96,4.2,25.8,85.24
2020,5,18,6,30,84,208,4.3,26,84.24
2020,5,18,6,45,132,301,4.4,26.200000000000003,81.27
2020,5,18,7,0,186,386,4.5,26.3,80.8
2020,5,18,7,15,242,455,4.5,26.5,79.85000000000001
2020,5,18,7,30,299,513,4.5,26.700000000000003,78.92
2020,5,18,7,45,357,559,4.6000000000000005,26.8,76.84
2020,5,18,8,0,414,600,4.6000000000000005,27,75.94
2020,5,18,8,15,471,635,4.6000000000000005,27.200000000000003,75.06
2020,5,18,8,30,528,667,4.6000000000000005,27.3,74.63
2020,5,18,8,45,582,690,4.6000000000000005,27.5,72.96000000000001
2020,5,18,9,0,634,713,4.6000000000000005,27.700000000000003,72.12
2020,5,18,9,15,684,733,4.6000000000000005,27.8,71.7
2020,5,18,9,30,731,750,4.6000000000000005,28,70.87
2020,5,18,9,45,775,766,4.6000000000000005,28.1,69.89
2020,5,18,10,0,816,779,4.6000000000000005,28.200000000000003,69.49
2020,5,18,10,15,853,790,4.6000000000000005,28.3,69.09
2020,5,18,10,30,887,800,4.6000000000000005,28.400000000000002,68.69
2020,5,18,10,45,922,826,4.6000000000000005,28.5,67.92
2020,5,18,11,0,947,832,4.6000000000000005,28.6,67.52
2020,5,18,11,15,969,837,4.5,28.700000000000003,67.14
2020,5,18,11,30,986,841,4.5,28.8,66.75
2020,5,18,11,45,999,846,4.5,28.8,66.42
2020,5,18,12,0,1008,848,4.4,28.900000000000002,65.97
2020,5,18,12,15,1012,848,4.4,28.900000000000002,65.97
2020,5,18,12,30,1009,847,4.4,28.900000000000002,65.97
2020,5,18,12,45,1004,845,4.4,29,65.72
2020,5,18,13,0,994,843,4.3,29,65.72
2020,5,18,13,15,980,840,4.3,29,65.72
2020,5,18,13,30,962,835,4.3,29,65.72
2020,5,18,13,45,938,825,4.3,29,66.1
2020,5,18,14,0,912,818,4.3,29,66.03
2020,5,18,14,15,880,808,4.3,29,66.03
2020,5,18,14,30,845,799,4.3,28.900000000000002,66.41
2020,5,18,14,45,807,789,4.3,28.900000000000002,66.85
2020,5,18,15,0,765,776,4.3,28.900000000000002,66.85
2020,5,18,15,15,720,762,4.3,28.8,67.24
2020,5,18,15,30,672,744,4.3,28.700000000000003,67.63
2020,5,18,15,45,510,356,4.3,28.6,68.43
2020,5,18,16,0,458,329,4.4,28.5,68.83
2020,5,18,16,15,320,121,4.4,28.400000000000002,69.23
2020,5,18,16,30,209,28,4.4,28.3,69.63
2020,5,18,16,45,283,192,4.3,28.1,70.55
2020,5,18,17,0,281,314,4.3,28,70.96000000000001
2020,5,18,17,15,286,521,4.3,27.8,71.86
2020,5,18,17,30,163,164,4.2,27.6,72.7
2020,5,18,17,45,173,392,4.2,27.400000000000002,73.82000000000001
2020,5,18,18,0,121,304,4.1000000000000005,27.3,74.25
2020,5,18,18,15,73,197,4.1000000000000005,27.1,75.13
2020,5,18,18,30,33,80,4,27,75.57000000000001
2020,5,18,18,45,0,0,4,26.8,77.60000000000001
2020,5,18,19,0,0,0,3.9000000000000004,26.700000000000003,78.13
2020,5,18,19,15,0,0,3.9000000000000004,26.700000000000003,78.13
2020,5,18,19,30,0,0,3.9000000000000004,26.700000000000003,78.13
2020,5,18,19,45,0,0,3.9000000000000004,26.700000000000003,78.13
2020,5,18,20,0,0,0,3.9000000000000004,26.400000000000002,80.18
2020,5,18,20,15,0,0,3.9000000000000004,26.400000000000002,80.18
2020,5,18,20,30,0,0,3.9000000000000004,26.3,80.66
2020,5,18,20,45,0,0,3.9000000000000004,26.3,81.16
2020,5,18,21,0,0,0,3.9000000000000004,26.200000000000003,81.64
2020,5,18,21,15,0,0,3.9000000000000004,26.1,82.12
2020,5,18,21,30,0,0,3.9000000000000004,26.1,82.12
2020,5,18,21,45,0,0,3.9000000000000004,26.1,82.52
2020,5,18,22,0,0,0,3.9000000000000004,26,83.01
2020,5,18,22,15,0,0,3.9000000000000004,26,83.01
2020,5,18,22,30,0,0,3.9000000000000004,25.900000000000002,83.5
2020,5,18,22,45,0,0,3.8000000000000003,25.900000000000002,83.97
2020,5,18,23,0,0,0,3.8000000000000003,25.8,84.46000000000001
2020,5,18,23,15,0,0,3.8000000000000003,25.8,84.46000000000001
2020,5,18,23,30,0,0,3.7,25.700000000000003,84.96000000000001
2020,5,18,23,45,0,0,3.7,25.6,86.5
2020,5,19,0,0,0,0,3.6,25.6,86.5
2020,5,19,0,15,0,0,3.6,25.5,87.02
2020,5,19,0,30,0,0,3.6,25.5,87.02
2020,5,19,0,45,0,0,3.6,25.5,88.19
2020,5,19,1,0,0,0,3.6,25.400000000000002,88.71000000000001
2020,5,19,1,15,0,0,3.7,25.400000000000002,88.71000000000001
2020,5,19,1,30,0,0,3.7,25.400000000000002,88.71000000000001
2020,5,19,1,45,0,0,3.8000000000000003,25.3,89.88
2020,5,19,2,0,0,0,3.8000000000000003,25.3,89.79
2020,5,19,2,15,0,0,3.9000000000000004,25.3,89.79
2020,5,19,2,30,0,0,3.9000000000000004,25.3,89.79
2020,5,19,2,45,0,0,4,25.200000000000003,90.33
2020,5,19,3,0,0,0,4,25.200000000000003,90.33
2020,5,19,3,15,0,0,4,25.200000000000003,90.33
2020,5,19,3,30,0,0,4,25.1,90.87
2020,5,19,3,45,0,0,3.9000000000000004,25.1,90.3
2020,5,19,4,0,0,0,3.9000000000000004,25.1,90.3
2020,5,19,4,15,0,0,3.9000000000000004,25,90.84
2020,5,19,4,30,0,0,3.9000000000000004,25,90.84
2020,5,19,4,45,0,0,3.8000000000000003,25,90.16
2020,5,19,5,0,0,0,3.8000000000000003,24.900000000000002,90.7
2020,5,19,5,15,0,0,3.8000000000000003,25,90.16
2020,5,19,5,30,0,0,3.8000000000000003,25.1,89.63
2020,5,19,5,45,0,0,3.9000000000000004,25.1,89.41
2020,5,19,6,0,16,92,3.9000000000000004,25.200000000000003,88.97
2020,5,19,6,15,50,253,3.9000000000000004,25.400000000000002,87.92
2020,5,19,6,30,95,383,4,25.5,87.4
2020,5,19,6,45,147,482,4.1000000000000005,25.700000000000003,84.96000000000001
2020,5,19,7,0,203,559,4.2,25.900000000000002,83.97
2020,5,19,7,15,260,619,4.2,26.1,82.98
2020,5,19,7,30,319,667,4.3,26.3,82.01
2020,5,19,7,45,92,0,4.4,26.5,78.74
2020,5,19,8,0,435,737,4.4,26.700000000000003,77.82000000000001
2020,5,19,8,15,494,766,4.5,26.900000000000002,76.91
2020,5,19,8,30,550,790,4.5,27.1,76.02
2020,5,19,8,45,604,811,4.5,27.3,73.45
2020,5,19,9,0,412,144,4.6000000000000005,27.5,72.60000000000001
2020,5,19,9,15,457,162,4.6000000000000005,27.700000000000003,71.76
2020,5,19,9,30,754,857,4.6000000000000005,27.8,71.34
2020,5,19,9,45,798,868,4.7,28,69.51
2020,5,19,10,0,838,878,4.7,28.1,69.11
2020,5,19,10,15,876,886,4.7,28.200000000000003,68.64
2020,5,19,10,30,911,895,4.800000000000001,28.400000000000002,67.85
2020,5,19,10,45,607,155,4.800000000000001,28.5,67.24
2020,5,19,11,0,965,903,4.800000000000001,28.6,66.85
2020,5,19,11,15,987,907,4.800000000000001,28.700000000000003,66.46000000000001
2020,5,19,11,30,1004,910,4.800000000000001,28.8,66.08
2020,5,19,11,45,1016,909,4.800000000000001,28.900000000000002,65.73
2020,5,19,12,0,1025,911,4.7,28.900000000000002,65.73
2020,5,19,12,15,1028,912,4.7,29,65.28
2020,5,19,12,30,1028,912,4.7,29,65.28
2020,5,19,12,45,1022,909,4.6000000000000005,29,65.32000000000001
2020,5,19,13,0,706,206,4.6000000000000005,29.1,64.94
2020,5,19,13,15,535,72,4.5,29.1,64.94
2020,5,19,13,30,980,901,4.5,29,65.32000000000001
2020,5,19,13,45,948,862,4.4,29,65.44
2020,5,19,14,0,921,856,4.4,29,65.44
2020,5,19,14,15,891,849,4.3,29,65.44
2020,5,19,14,30,856,840,4.3,28.900000000000002,65.75
2020,5,19,14,45,818,829,4.2,28.900000000000002,65.78
2020,5,19,15,0,776,818,4.2,28.900000000000002,65.78
2020,5,19,15,15,731,804,4.2,28.8,66.16
2020,5,19,15,30,683,788,4.1000000000000005,28.700000000000003,66.55
2020,5,19,15,45,633,771,4.1000000000000005,28.6,66.98
2020,5,19,16,0,324,85,4.1000000000000005,28.5,67.36
2020,5,19,16,15,525,726,4.1000000000000005,28.400000000000002,67.76
2020,5,19,16,30,468,698,4,28.200000000000003,68.54
2020,5,19,16,45,255,126,4,28.1,68.94
2020,5,19,17,0,353,628,4,28,69.34
2020,5,19,17,15,294,581,4,27.8,70.22
2020,5,19,17,30,237,524,4,27.6,71.05
2020,5,19,17,45,181,466,3.9000000000000004,27.400000000000002,72.62
2020,5,19,18,0,127,379,3.9000000000000004,27.200000000000003,73.47
2020,5,19,18,15,53,71,3.9000000000000004,27.1,73.9
2020,5,19,18,30,37,137,3.8000000000000003,26.900000000000002,74.77
2020,5,19,18,45,0,0,3.8000000000000003,26.700000000000003,78
2020,5,19,19,0,0,0,3.7,26.5,78.92
2020,5,19,19,15,0,0,3.7,26.5,78.92
2020,5,19,19,30,0,0,3.7,26.5,78.92
2020,5,19,19,45,0,0,3.7,26.5,78.92
2020,5,19,20,0,0,0,3.7,26.200000000000003,82.56
2020,5,19,20,15,0,0,3.8000000000000003,26.1,83.05
2020,5,19,20,30,0,0,3.8000000000000003,26.1,83.05
2020,5,19,20,45,0,0,3.8000000000000003,26,84.41
2020,5,19,21,0,0,0,3.8000000000000003,26,84.41
2020,5,19,21,15,0,0,3.8000000000000003,26,84.41
2020,5,19,21,30,0,0,3.8000000000000003,25.900000000000002,84.91
2020,5,19,21,45,0,0,3.8000000000000003,25.900000000000002,84.58
2020,5,19,22,0,0,0,3.8000000000000003,25.900000000000002,84.58
2020,5,19,22,15,0,0,3.8000000000000003,25.8,85.08
2020,5,19,22,30,0,0,3.8000000000000003,25.8,85.08
2020,5,19,22,45,0,0,3.8000000000000003,25.8,84.60000000000001
2020,5,19,23,0,0,0,3.8000000000000003,25.700000000000003,85.10000000000001
2020,5,19,23,15,0,0,3.7,25.700000000000003,85.10000000000001
2020,5,19,23,30,0,0,3.7,25.6,85.60000000000001
2020,5,19,23,45,0,0,3.7,25.6,85.08
2020,5,20,0,0,0,0,3.7,25.5,85.59
2020,5,20,0,15,0,0,3.6,25.5,85.59
2020,5,20,0,30,0,0,3.6,25.400000000000002,86.01
2020,5,20,0,45,0,0,3.6,25.400000000000002,85.56
2020,5,20,1,0,0,0,3.5,25.3,86.06
2020,5,20,1,15,0,0,3.5,25.3,86.06
2020,5,20,1,30,0,0,3.5,25.200000000000003,86.58
2020,5,20,1,45,0,0,3.4000000000000004,25.200000000000003,86.08
2020,5,20,2,0,0,0,3.4000000000000004,25.1,86.59
2020,5,20,2,15,0,0,3.4000000000000004,25.1,86.59
2020,5,20,2,30,0,0,3.4000000000000004,25.1,86.59
2020,5,20,2,45,0,0,3.4000000000000004,25,86.44
2020,5,20,3,0,0,0,3.4000000000000004,25,86.44
2020,5,20,3,15,0,0,3.4000000000000004,25,86.44
2020,5,20,3,30,0,0,3.4000000000000004,25,86.44
2020,5,20,3,45,0,0,3.4000000000000004,24.900000000000002,86.35000000000001
2020,5,20,4,0,0,0,3.4000000000000004,24.900000000000002,86.35000000000001
2020,5,20,4,15,0,0,3.4000000000000004,24.900000000000002,86.35000000000001
2020,5,20,4,30,0,0,3.5,24.900000000000002,86.35000000000001
2020,5,20,4,45,0,0,3.5,24.900000000000002,85.93
2020,5,20,5,0,0,0,3.5,24.8,86.53
2020,5,20,5,15,0,0,3.5,24.900000000000002,86.02
2020,5,20,5,30,0,0,3.6,25,85.51
2020,5,20,5,45,0,0,3.6,25.1,85.52
2020,5,20,6,0,16,66,3.7,25.200000000000003,85.02
2020,5,20,6,15,50,213,3.7,25.400000000000002,84.02
2020,5,20,6,30,95,341,3.8000000000000003,25.6,83.03
2020,5,20,6,45,146,443,3.9000000000000004,25.8,81.43
2020,5,20,7,0,202,522,4,26,80.48
2020,5,20,7,15,258,583,4,26.200000000000003,79.54
2020,5,20,7,30,317,634,4.1000000000000005,26.400000000000002,78.61
2020,5,20,7,45,375,671,4.1000000000000005,26.6,76.39
2020,5,20,8,0,432,704,4.1000000000000005,26.8,75.57000000000001
2020,5,20,8,15,490,734,4.1000000000000005,27,74.69
2020,5,20,8,30,546,760,4.1000000000000005,27.200000000000003,73.83
2020,5,20,8,45,599,778,4,27.400000000000002,72.68
2020,5,20,9,0,651,797,4,27.6,71.84
2020,5,20,9,15,701,814,4,27.8,71
2020,5,20,9,30,248,13,4,28,70.18
2020,5,20,9,45,568,234,3.9000000000000004,28.200000000000003,69.71000000000001
2020,5,20,10,0,479,97,3.9000000000000004,28.400000000000002,68.91
2020,5,20,10,15,427,51,3.9000000000000004,28.5,68.51
2020,5,20,10,30,238,11,3.9000000000000004,28.700000000000003,67.72
2020,5,20,10,45,376,26,3.9000000000000004,28.8,68.04
2020,5,20,11,0,264,13,3.9000000000000004,28.900000000000002,67.65
2020,5,20,11,15,500,58,3.9000000000000004,29,67.26
2020,5,20,11,30,990,868,3.9000000000000004,29.1,66.87
2020,5,20,11,45,695,192,3.9000000000000004,29.1,67.83
2020,5,20,12,0,1008,863,4,29.200000000000003,67.44
2020,5,20,12,15,313,16,4,29.200000000000003,67.44
2020,5,20,12,30,387,23,4,29.3,66.99
2020,5,20,12,45,465,39,4,29.3,67.46000000000001
2020,5,20,13,0,608,113,4,29.3,67.46000000000001
2020,5,20,13,15,653,160,4.1000000000000005,29.3,67.46000000000001
2020,5,20,13,30,755,306,4.1000000000000005,29.3,67.46000000000001
2020,5,20,13,45,932,809,4.1000000000000005,29.200000000000003,68.17
2020,5,20,14,0,607,160,4.1000000000000005,29.200000000000003,68.1
2020,5,20,14,15,875,794,4.1000000000000005,29.1,68.5
2020,5,20,14,30,840,784,4.1000000000000005,29,68.89
2020,5,20,14,45,802,774,4.1000000000000005,28.900000000000002,69.58
2020,5,20,15,0,761,761,4,28.8,69.98
2020,5,20,15,15,246,13,4,28.700000000000003,70.39
2020,5,20,15,30,291,28,4,28.5,71.21000000000001
2020,5,20,15,45,272,28,3.9000000000000004,28.400000000000002,72.06
2020,5,20,16,0,242,23,3.9000000000000004,28.200000000000003,72.9
2020,5,20,16,15,513,660,3.9000000000000004,28.1,73.32000000000001
2020,5,20,16,30,457,629,3.8000000000000003,27.900000000000002,74.18
2020,5,20,16,45,401,604,3.8000000000000003,27.8,74.87
2020,5,20,17,0,110,0,3.7,27.6,75.75
2020,5,20,17,15,121,4,3.7,27.5,76.19
2020,5,20,17,30,79,0,3.6,27.3,77.08
2020,5,20,17,45,175,391,3.5,27.1,78.60000000000001
2020,5,20,18,0,123,305,3.5,27,79.06
2020,5,20,18,15,38,0,3.5,26.8,80.08
2020,5,20,18,30,22,0,3.4000000000000004,26.700000000000003,80.55
2020,5,20,18,45,4,0,3.4000000000000004,26.6,82.27
2020,5,20,19,0,0,0,3.4000000000000004,26.5,82.75
2020,5,20,19,15,0,0,3.4000000000000004,26.5,82.75
2020,5,20,19,30,0,0,3.4000000000000004,26.5,82.75
2020,5,20,19,45,0,0,3.4000000000000004,26.5,82.75
2020,5,20,20,0,0,0,3.5,26.3,84.46000000000001
2020,5,20,20,15,0,0,3.5,26.200000000000003,84.96000000000001
2020,5,20,20,30,0,0,3.5,26.200000000000003,84.96000000000001
2020,5,20,20,45,0,0,3.5,26.200000000000003,85.36
2020,5,20,21,0,0,0,3.5,26.200000000000003,85.44
2020,5,20,21,15,0,0,3.4000000000000004,26.1,85.95
2020,5,20,21,30,0,0,3.4000000000000004,26.1,85.95
2020,5,20,21,45,0,0,3.4000000000000004,26.1,86.55
2020,5,20,22,0,0,0,3.3000000000000003,26.1,86.55
2020,5,20,22,15,0,0,3.3000000000000003,26,87.06
2020,5,20,22,30,0,0,3.2,26,87.06
2020,5,20,22,45,0,0,3.2,26,87.51
2020,5,20,23,0,0,0,3.1,26,87.51
2020,5,20,23,15,0,0,3.1,25.900000000000002,87.94
2020,5,20,23,30,0,0,3,25.900000000000002,87.94
2020,5,20,23,45,0,0,3,25.900000000000002,87.99
2020,5,21,0,0,0,0,2.9000000000000004,25.8,88.51
2020,5,21,0,15,0,0,2.9000000000000004,25.8,88.51
2020,5,21,0,30,0,0,2.8000000000000003,25.8,88.51
2020,5,21,0,45,0,0,2.8000000000000003,25.8,88.43
2020,5,21,1,0,0,0,2.7,25.8,88.43
2020,5,21,1,15,0,0,2.7,25.8,88.43
2020,5,21,1,30,0,0,2.7,25.700000000000003,88.87
2020,5,21,1,45,0,0,2.6,25.700000000000003,89.02
2020,5,21,2,0,0,0,2.6,25.700000000000003,89.02
2020,5,21,2,15,0,0,2.6,25.700000000000003,89.02
2020,5,21,2,30,0,0,2.6,25.700000000000003,89.02
2020,5,21,2,45,0,0,2.5,25.700000000000003,89.09
2020,5,21,3,0,0,0,2.5,25.6,89.62
2020,5,21,3,15,0,0,2.5,25.6,89.62
2020,5,21,3,30,0,0,2.5,25.6,89.62
2020,5,21,3,45,0,0,2.5,25.6,89.75
2020,5,21,4,0,0,0,2.5,25.6,89.75
2020,5,21,4,15,0,0,2.5,25.6,89.75
2020,5,21,4,30,0,0,2.5,25.6,89.75
2020,5,21,4,45,0,0,2.5,25.6,90.09
2020,5,21,5,0,0,0,2.5,25.6,90.09
2020,5,21,5,15,0,0,2.6,25.6,90.09
2020,5,21,5,30,0,0,2.6,25.700000000000003,89.56
2020,5,21,5,45,0,0,2.7,25.8,89.71000000000001
2020,5,21,6,0,16,56,2.7,25.900000000000002,89.18
2020,5,21,6,15,49,187,2.8000000000000003,26.1,88.14
2020,5,21,6,30,61,71,2.9000000000000004,26.200000000000003,87.71000000000001
2020,5,21,6,45,144,417,3,26.400000000000002,86.65
2020,5,21,7,0,198,495,3.1,26.6,85.64
2020,5,21,7,15,255,557,3.1,26.8,84.64
2020,5,21,7,30,312,609,3.1,27,83.66
2020,5,21,7,45,372,658,3.1,27.200000000000003,81.48
2020,5,21,8,0,429,694,3.2,27.400000000000002,80.53
2020,5,21,8,15,315,154,3.2,27.6,79.60000000000001
2020,5,21,8,30,542,749,3.2,27.8,78.68
2020,5,21,8,45,388,160,3.2,28,76.82000000000001
2020,5,21,9,0,434,178,3.2,28.200000000000003,75.94
2020,5,21,9,15,430,127,3.2,28.400000000000002,75.06
2020,5,21,9,30,571,296,3.2,28.6,74.2
2020,5,21,9,45,466,107,3.2,28.700000000000003,73.49
2020,5,21,10,0,561,181,3.2,28.900000000000002,72.64
2020,5,21,10,15,618,223,3.2,29,72.23
2020,5,21,10,30,415,40,3.3000000000000003,29.1,71.81
2020,5,21,10,45,752,370,3.3000000000000003,29.200000000000003,71.95
2020,5,21,11,0,953,871,3.3000000000000003,29.400000000000002,71.13
2020,5,21,11,15,975,876,3.4000000000000004,29.400000000000002,71.13
2020,5,21,11,30,992,880,3.4000000000000004,29.5,70.73
2020,5,21,11,45,1005,882,3.5,29.5,71.23
2020,5,21,12,0,780,291,3.5,29.6,70.83
2020,5,21,12,15,791,304,3.5,29.6,70.83
2020,5,21,12,30,1016,884,3.5,29.5,71.23
2020,5,21,12,45,1011,881,3.6,29.5,71.60000000000001
2020,5,21,13,0,1001,879,3.6,29.5,71.60000000000001
2020,5,21,13,15,987,877,3.5,29.5,71.60000000000001
2020,5,21,13,30,969,873,3.5,29.5,71.60000000000001
2020,5,21,13,45,951,886,3.5,29.400000000000002,72.24
2020,5,21,14,0,924,880,3.5,29.400000000000002,72.24
2020,5,21,14,15,894,873,3.4000000000000004,29.3,72.65
2020,5,21,14,30,859,865,3.3000000000000003,29.3,72.65
2020,5,21,14,45,821,855,3.3000000000000003,29.3,72.29
2020,5,21,15,0,779,844,3.2,29.200000000000003,72.7
2020,5,21,15,15,734,831,3.2,29.1,73.12
2020,5,21,15,30,686,816,3.2,29.1,73.12
2020,5,21,15,45,635,797,3.1,29,73.26
2020,5,21,16,0,312,72,3.1,28.900000000000002,73.68
2020,5,21,16,15,529,755,3,28.8,74.18
2020,5,21,16,30,472,729,3,28.700000000000003,74.61
2020,5,21,16,45,415,696,3,28.6,74.77
2020,5,21,17,0,206,90,2.9000000000000004,28.5,75.2
2020,5,21,17,15,299,615,2.9000000000000004,28.3,76.08
2020,5,21,17,30,241,562,2.8000000000000003,28.1,76.96000000000001
2020,5,21,17,45,184,492,2.8000000000000003,27.900000000000002,78.52
2020,5,21,18,0,82,77,2.7,27.8,78.98
2020,5,21,18,15,81,303,2.7,27.6,79.9
2020,5,21,18,30,24,0,2.7,27.400000000000002,80.84
2020,5,21,18,45,5,0,2.6,27.200000000000003,83.57000000000001
2020,5,21,19,0,0,0,2.6,27,84.55
2020,5,21,19,15,0,0,2.6,27,84.55
2020,5,21,19,30,0,0,2.6,27,84.55
2020,5,21,19,45,0,0,2.6,27,84.55
2020,5,21,20,0,0,0,2.9000000000000004,26.700000000000003,86.87
2020,5,21,20,15,0,0,2.9000000000000004,26.6,87.38
2020,5,21,20,30,0,0,3,26.6,87.47
2020,5,21,20,45,0,0,3,26.5,88.59
2020,5,21,21,0,0,0,3.1,26.5,88.59
2020,5,21,21,15,0,0,3.1,26.400000000000002,89.11
2020,5,21,21,30,0,0,3.2,26.400000000000002,89.11
2020,5,21,21,45,0,0,3.2,26.400000000000002,89.06
2020,5,21,22,0,0,0,3.3000000000000003,26.400000000000002,89.06
2020,5,21,22,15,0,0,3.2,26.3,89.59
2020,5,21,22,30,0,0,3.2,26.3,89.59
2020,5,21,22,45,0,0,3.2,26.3,89.42
2020,5,21,23,0,0,0,3.2,26.3,89.42
2020,5,21,23,15,0,0,3.1,26.200000000000003,89.94
2020,5,21,23,30,0,0,3.1,26.200000000000003,89.94
2020,5,21,23,45,0,0,3,26.200000000000003,89.45
2020,5,22,0,0,0,0,3,26.200000000000003,89.45
2020,5,22,0,15,0,0,2.9000000000000004,26.1,89.98
2020,5,22,0,30,0,0,2.9000000000000004,26.1,89.98
2020,5,22,0,45,0,0,2.9000000000000004,26.1,89.36
2020,5,22,1,0,0,0,2.8000000000000003,26.1,89.36
2020,5,22,1,15,0,0,2.8000000000000003,26,89.8
2020,5,22,1,30,0,0,2.8000000000000003,26,89.8
2020,5,22,1,45,0,0,2.8000000000000003,26,89.39
2020,5,22,2,0,0,0,2.7,26,89.39
2020,5,22,2,15,0,0,2.7,25.900000000000002,89.92
2020,5,22,2,30,0,0,2.7,25.900000000000002,89.92
2020,5,22,2,45,0,0,2.7,25.900000000000002,89.46000000000001
2020,5,22,3,0,0,0,2.7,25.900000000000002,89.46000000000001
2020,5,22,3,15,0,0,2.7,25.900000000000002,89.46000000000001
2020,5,22,3,30,0,0,2.6,25.900000000000002,89.46000000000001
2020,5,22,3,45,0,0,2.6,25.900000000000002,88.86
2020,5,22,4,0,0,0,2.6,25.8,89.39
2020,5,22,4,15,0,0,2.6,25.8,89.39
2020,5,22,4,30,0,0,2.6,25.8,89.48
2020,5,22,4,45,0,0,2.6,25.8,89.11
2020,5,22,5,0,0,0,2.6,25.8,89.11
2020,5,22,5,15,0,0,2.7,25.900000000000002,88.58
2020,5,22,5,30,0,0,2.7,26,88.06
2020,5,22,5,45,0,0,2.8000000000000003,26,88.37
2020,5,22,6,0,16,48,2.8000000000000003,26.1,87.85000000000001
2020,5,22,6,15,49,172,2.9000000000000004,26.200000000000003,87.33
2020,5,22,6,30,92,291,3,26.400000000000002,86.31
2020,5,22,6,45,142,391,3.1,26.5,85.65
2020,5,22,7,0,196,470,3.2,26.6,85.14
2020,5,22,7,15,253,534,3.3000000000000003,26.8,84.15
2020,5,22,7,30,310,586,3.3000000000000003,27,83.17
2020,5,22,7,45,368,631,3.4000000000000004,27.200000000000003,81.51
2020,5,22,8,0,426,668,3.4000000000000004,27.3,81.04
2020,5,22,8,15,484,700,3.5,27.5,80.10000000000001
2020,5,22,8,30,539,727,3.5,27.700000000000003,79.17
2020,5,22,8,45,594,752,3.5,27.900000000000002,77.58
2020,5,22,9,0,646,772,3.6,28.200000000000003,76.24
2020,5,22,9,15,695,789,3.6,28.400000000000002,75.36
2020,5,22,9,30,742,804,3.6,28.6,74.49
2020,5,22,9,45,786,815,3.7,28.8,73.09
2020,5,22,10,0,827,827,3.7,29,72.26
2020,5,22,10,15,864,836,3.7,29.1,71.84
2020,5,22,10,30,898,845,3.7,29.200000000000003,71.43
2020,5,22,10,45,929,858,3.8000000000000003,29.3,71.11
2020,5,22,11,0,954,864,3.8000000000000003,29.400000000000002,70.7
2020,5,22,11,15,975,867,3.8000000000000003,29.400000000000002,70.7
2020,5,22,11,30,992,871,3.8000000000000003,29.400000000000002,70.7
2020,5,22,11,45,1001,862,3.7,29.400000000000002,70.59
2020,5,22,12,0,1010,864,3.7,29.400000000000002,70.59
2020,5,22,12,15,1014,865,3.7,29.3,71
2020,5,22,12,30,1013,865,3.7,29.3,71
2020,5,22,12,45,1003,850,3.6,29.200000000000003,71.41
2020,5,22,13,0,846,421,3.6,29.200000000000003,71.41
2020,5,22,13,15,980,844,3.6,29.1,71.82000000000001
2020,5,22,13,30,962,840,3.5,29,72.23
2020,5,22,13,45,939,833,3.5,29,72.16
2020,5,22,14,0,780,437,3.4000000000000004,28.900000000000002,72.57000000000001
2020,5,22,14,15,880,818,3.4000000000000004,28.900000000000002,72.57000000000001
2020,5,22,14,30,846,808,3.3000000000000003,28.8,72.99
2020,5,22,14,45,284,16,3.3000000000000003,28.700000000000003,73.04
2020,5,22,15,0,193,7,3.2,28.700000000000003,73.04
2020,5,22,15,15,77,0,3.2,28.6,73.46000000000001
2020,5,22,15,30,25,0,3.2,28.5,73.89
2020,5,22,15,45,46,0,3.1,28.400000000000002,74.43
2020,5,22,16,0,31,0,3.1,28.3,74.86
2020,5,22,16,15,20,0,3.1,28.200000000000003,75.3
2020,5,22,16,30,11,0,3.1,28,76.17
2020,5,22,16,45,9,0,3.1,27.900000000000002,77.06
2020,5,22,17,0,59,0,3.1,27.8,77.5
2020,5,22,17,15,66,0,3,27.700000000000003,77.96000000000001
2020,5,22,17,30,133,58,3,27.5,78.87
2020,5,22,17,45,143,229,3,27.400000000000002,80
2020,5,22,18,0,96,151,3,27.3,80.47
2020,5,22,18,15,78,217,2.9000000000000004,27.200000000000003,80.94
2020,5,22,18,30,37,102,2.9000000000000004,27.1,81.41
2020,5,22,18,45,10,14,2.8000000000000003,27,82.48
2020,5,22,19,0,0,0,2.8000000000000003,26.8,83.45
2020,5,22,19,15,0,0,2.8000000000000003,26.8,83.45
2020,5,22,19,30,0,0,2.8000000000000003,26.8,83.45
2020,5,22,19,45,0,0,2.8000000000000003,26.8,83.45
2020,5,22,20,0,0,0,2.6,26.6,84.74
2020,5,22,20,15,0,0,2.6,26.6,84.74
2020,5,22,20,30,0,0,2.5,26.5,85.24
2020,5,22,20,45,0,0,2.5,26.5,85.10000000000001
2020,5,22,21,0,0,0,2.5,26.5,85.10000000000001
2020,5,22,21,15,0,0,2.4000000000000004,26.400000000000002,85.60000000000001
2020,5,22,21,30,0,0,2.4000000000000004,26.400000000000002,85.60000000000001
2020,5,22,21,45,0,0,2.4000000000000004,26.400000000000002,85.65
2020,5,22,22,0,0,0,2.4000000000000004,26.3,86.15
2020,5,22,22,15,0,0,2.4000000000000004,26.3,86.15
2020,5,22,22,30,0,0,2.4000000000000004,26.3,86.15
2020,5,22,22,45,0,0,2.3000000000000003,26.200000000000003,86.76
2020,5,22,23,0,0,0,2.3000000000000003,26.200000000000003,86.76
2020,5,22,23,15,0,0,2.3000000000000003,26.200000000000003,86.76
2020,5,22,23,30,0,0,2.3000000000000003,26.1,87.28
2020,5,22,23,45,0,0,2.3000000000000003,26.1,87.27
2020,5,23,0,0,0,0,2.3000000000000003,26.1,87.27
2020,5,23,0,15,0,0,2.3000000000000003,26.1,87.27
2020,5,23,0,30,0,0,2.2,26,87.79
2020,5,23,0,45,0,0,2.2,26,87.5
2020,5,23,1,0,0,0,2.2,26,87.41
2020,5,23,1,15,0,0,2.2,26,87.41
2020,5,23,1,30,0,0,2.2,25.900000000000002,87.92
2020,5,23,1,45,0,0,2.1,25.900000000000002,87.19
2020,5,23,2,0,0,0,2.1,25.900000000000002,87.19
2020,5,23,2,15,0,0,2.1,25.900000000000002,87.19
2020,5,23,2,30,0,0,2.1,25.8,87.71000000000001
2020,5,23,2,45,0,0,2.1,25.8,87.33
2020,5,23,3,0,0,0,2.1,25.8,87.33
2020,5,23,3,15,0,0,2.2,25.700000000000003,87.85000000000001
2020,5,23,3,30,0,0,2.2,25.700000000000003,87.85000000000001
2020,5,23,3,45,0,0,2.2,25.700000000000003,87.88
2020,5,23,4,0,0,0,2.3000000000000003,25.6,88.49
2020,5,23,4,15,0,0,2.3000000000000003,25.6,88.49
2020,5,23,4,30,0,0,2.4000000000000004,25.6,88.49
2020,5,23,4,45,0,0,2.4000000000000004,25.6,88.55
2020,5,23,5,0,0,0,2.5,25.6,88.55
2020,5,23,5,15,0,0,2.5,25.700000000000003,88.03
2020,5,23,5,30,0,0,2.5,25.8,87.51
2020,5,23,5,45,0,0,2.6,25.900000000000002,87.91
2020,5,23,6,0,9,0,2.6,26,87.4
2020,5,23,6,15,31,16,2.7,26.200000000000003,86.37
2020,5,23,6,30,59,53,2.8000000000000003,26.400000000000002,85.45
2020,5,23,6,45,144,413,2.9000000000000004,26.6,83.95
2020,5,23,7,0,198,491,3,26.700000000000003,83.46000000000001
2020,5,23,7,15,116,14,3.1,26.900000000000002,82.49
2020,5,23,7,30,193,114,3.1,27.1,81.53
2020,5,23,7,45,371,648,3.1,27.3,79
2020,5,23,8,0,428,683,3.2,27.5,78.09
2020,5,23,8,15,485,714,3.2,27.700000000000003,77.18
2020,5,23,8,30,541,740,3.2,27.900000000000002,76.29
2020,5,23,8,45,594,759,3.2,28,74.68
2020,5,23,9,0,646,778,3.2,28.200000000000003,73.82000000000001
2020,5,23,9,15,695,795,3.2,28.400000000000002,72.97
2020,5,23,9,30,742,810,3.2,28.5,72.55
2020,5,23,9,45,785,818,3.2,28.700000000000003,71.04
2020,5,23,10,0,825,829,3.2,28.8,70.63
2020,5,23,10,15,861,837,3.3000000000000003,28.900000000000002,70.23
2020,5,23,10,30,894,846,3.3000000000000003,29,69.83
2020,5,23,10,45,914,810,3.3000000000000003,29.1,69.72
2020,5,23,11,0,939,817,3.3000000000000003,29.200000000000003,69.32000000000001
2020,5,23,11,15,960,822,3.3000000000000003,29.200000000000003,69.25
2020,5,23,11,30,978,826,3.3000000000000003,29.3,68.86
2020,5,23,11,45,989,826,3.3000000000000003,29.3,69.29
2020,5,23,12,0,997,827,3.4000000000000004,29.400000000000002,68.89
2020,5,23,12,15,1000,828,3.4000000000000004,29.400000000000002,68.89
2020,5,23,12,30,1000,828,3.4000000000000004,29.400000000000002,68.89
2020,5,23,12,45,994,822,3.4000000000000004,29.400000000000002,69.03
2020,5,23,13,0,984,820,3.3000000000000003,29.400000000000002,68.96000000000001
2020,5,23,13,15,971,817,3.3000000000000003,29.400000000000002,68.96000000000001
2020,5,23,13,30,952,813,3.3000000000000003,29.400000000000002,68.96000000000001
2020,5,23,13,45,207,9,3.3000000000000003,29.400000000000002,69.08
2020,5,23,14,0,64,0,3.3000000000000003,29.400000000000002,69.08
2020,5,23,14,15,52,0,3.3000000000000003,29.3,69.48
2020,5,23,14,30,35,0,3.3000000000000003,29.3,69.41
2020,5,23,14,45,139,0,3.2,29.200000000000003,70.10000000000001
2020,5,23,15,0,42,0,3.2,29.200000000000003,70.10000000000001
2020,5,23,15,15,34,0,3.2,29.1,70.5
2020,5,23,15,30,32,0,3.2,29,70.91
2020,5,23,15,45,33,0,3.1,28.900000000000002,71.57000000000001
2020,5,23,16,0,44,0,3.1,28.900000000000002,71.57000000000001
2020,5,23,16,15,17,0,3.1,28.700000000000003,72.4
2020,5,23,16,30,33,0,3.1,28.6,72.82000000000001
2020,5,23,16,45,93,0,3.1,28.5,73.52
2020,5,23,17,0,83,0,3,28.3,74.37
2020,5,23,17,15,155,48,3,28.1,75.24
2020,5,23,17,30,126,42,3,28,75.76
2020,5,23,17,45,118,100,2.9000000000000004,27.8,77.75
2020,5,23,18,0,75,43,2.9000000000000004,27.6,78.66
2020,5,23,18,15,52,52,2.9000000000000004,27.400000000000002,79.58
2020,5,23,18,30,28,34,2.9000000000000004,27.200000000000003,80.51
2020,5,23,18,45,6,0,2.9000000000000004,27,83
2020,5,23,19,0,0,0,2.9000000000000004,26.8,83.98
2020,5,23,19,15,0,0,2.9000000000000004,26.8,83.98
2020,5,23,19,30,0,0,2.9000000000000004,26.8,83.98
2020,5,23,19,45,0,0,2.9000000000000004,26.8,83.98
2020,5,23,20,0,0,0,3,26.5,86.28
2020,5,23,20,15,0,0,2.9000000000000004,26.400000000000002,86.79
2020,5,23,20,30,0,0,2.9000000000000004,26.3,87.3
2020,5,23,20,45,0,0,2.9000000000000004,26.3,87.45
2020,5,23,21,0,0,0,2.9000000000000004,26.200000000000003,87.97
2020,5,23,21,15,0,0,2.9000000000000004,26.200000000000003,87.97
2020,5,23,21,30,0,0,2.9000000000000004,26.200000000000003,87.97
2020,5,23,21,45,0,0,2.9000000000000004,26.1,88.51
2020,5,23,22,0,0,0,2.9000000000000004,26.1,88.51
2020,5,23,22,15,0,0,2.9000000000000004,26,89.03
2020,5,23,22,30,0,0,2.9000000000000004,26,89.03
2020,5,23,22,45,0,0,2.9000000000000004,26,88.75
2020,5,23,23,0,0,0,2.9000000000000004,26,88.75
2020,5,23,23,15,0,0,2.8000000000000003,25.900000000000002,89.28
2020,5,23,23,30,0,0,2.8000000000000003,25.900000000000002,89.28
2020,5,23,23,45,0,0,2.8000000000000003,25.900000000000002,88.58
2020,5,24,0,0,0,0,2.8000000000000003,25.8,89.11
2020,5,24,0,15,0,0,2.7,25.8,89.02
2020,5,24,0,30,0,0,2.7,25.8,89.02
2020,5,24,0,45,0,0,2.7,25.8,88.2
2020,5,24,1,0,0,0,2.6,25.700000000000003,88.72
2020,5,24,1,15,0,0,2.6,25.700000000000003,88.72
2020,5,24,1,30,0,0,2.6,25.700000000000003,88.72
2020,5,24,1,45,0,0,2.6,25.700000000000003,87.83
2020,5,24,2,0,0,0,2.6,25.700000000000003,87.83
2020,5,24,2,15,0,0,2.5,25.700000000000003,87.83
2020,5,24,2,30,0,0,2.5,25.700000000000003,87.83
2020,5,24,2,45,0,0,2.5,25.6,87.62
2020,5,24,3,0,0,0,2.5,25.6,87.62
2020,5,24,3,15,0,0,2.5,25.6,87.62
2020,5,24,3,30,0,0,2.5,25.6,87.62
2020,5,24,3,45,0,0,2.5,25.6,87.04
2020,5,24,4,0,0,0,2.6,25.6,87.04
2020,5,24,4,15,0,0,2.6,25.6,87.04
2020,5,24,4,30,0,0,2.6,25.6,87.04
2020,5,24,4,45,0,0,2.6,25.5,87.01
2020,5,24,5,0,0,0,2.6,25.5,87.01
2020,5,24,5,15,0,0,2.6,25.6,86.49
2020,5,24,5,30,0,0,2.7,25.700000000000003,85.98
2020,5,24,5,45,0,0,2.7,25.8,85.48
2020,5,24,6,0,15,33,2.7,25.900000000000002,84.98
2020,5,24,6,15,47,137,2.8000000000000003,26,84.48
2020,5,24,6,30,90,247,2.9000000000000004,26.200000000000003,83.49
2020,5,24,6,45,140,356,2.9000000000000004,26.400000000000002,81.41
2020,5,24,7,0,193,435,3,26.5,80.93
2020,5,24,7,15,248,498,3,26.700000000000003,79.99
2020,5,24,7,30,305,552,3,26.8,79.52
2020,5,24,7,45,363,605,3,27,76.74
2020,5,24,8,0,420,642,3,27.1,76.37
2020,5,24,8,15,477,674,2.9000000000000004,27.3,75.48
2020,5,24,8,30,532,702,2.9000000000000004,27.400000000000002,75.04
2020,5,24,8,45,587,735,2.9000000000000004,27.6,73.10000000000001
2020,5,24,9,0,638,755,2.9000000000000004,27.700000000000003,72.67
2020,5,24,9,15,687,772,2.9000000000000004,27.900000000000002,71.83
2020,5,24,9,30,734,787,2.9000000000000004,28.1,71
2020,5,24,9,45,779,811,2.8000000000000003,28.3,69.42
2020,5,24,10,0,820,822,2.8000000000000003,28.400000000000002,69.02
2020,5,24,10,15,856,832,2.8000000000000003,28.6,68.16
2020,5,24,10,30,890,840,2.8000000000000003,28.8,67.37
2020,5,24,10,45,919,849,2.8000000000000003,28.900000000000002,67.17
2020,5,24,11,0,945,854,2.8000000000000003,29.1,66.4
2020,5,24,11,15,966,859,2.8000000000000003,29.200000000000003,66.02
2020,5,24,11,30,983,863,2.8000000000000003,29.3,65.64
2020,5,24,11,45,997,870,2.9000000000000004,29.400000000000002,66.02
2020,5,24,12,0,1005,871,2.9000000000000004,29.5,65.58
2020,5,24,12,15,1009,872,2.9000000000000004,29.6,65.2
2020,5,24,12,30,1009,872,2.9000000000000004,29.6,65.2
2020,5,24,12,45,1004,872,2.9000000000000004,29.700000000000003,65.14
2020,5,24,13,0,995,870,2.9000000000000004,29.8,64.76
2020,5,24,13,15,981,867,2.9000000000000004,29.8,64.76
2020,5,24,13,30,963,864,2.9000000000000004,29.8,64.7
2020,5,24,13,45,935,833,2.9000000000000004,29.8,64.88
2020,5,24,14,0,908,827,2.9000000000000004,29.8,64.88
2020,5,24,14,15,878,819,2.9000000000000004,29.8,64.88
2020,5,24,14,30,844,810,2.9000000000000004,29.700000000000003,65.25
2020,5,24,14,45,806,797,2.9000000000000004,29.700000000000003,65.63
2020,5,24,15,0,764,785,2.9000000000000004,29.700000000000003,65.63
2020,5,24,15,15,720,771,2.9000000000000004,29.6,66.01
2020,5,24,15,30,673,754,3,29.5,66.39
2020,5,24,15,45,623,732,3,29.400000000000002,67.24
2020,5,24,16,0,571,710,3,29.3,67.63
2020,5,24,16,15,517,686,3,29.200000000000003,68.02
2020,5,24,16,30,462,657,3,29,68.81
2020,5,24,16,45,405,622,3,28.900000000000002,69.37
2020,5,24,17,0,348,582,3,28.8,69.77
2020,5,24,17,15,291,535,3,28.6,70.58
2020,5,24,17,30,234,479,3,28.400000000000002,71.41
2020,5,24,17,45,180,415,3,28.200000000000003,73.07000000000001
2020,5,24,18,0,127,333,2.9000000000000004,28,73.99
2020,5,24,18,15,80,234,2.9000000000000004,27.8,74.86
2020,5,24,18,30,35,113,2.9000000000000004,27.700000000000003,75.29
2020,5,24,18,45,11,23,2.9000000000000004,27.5,77.84
2020,5,24,19,0,0,0,2.9000000000000004,27.3,78.75
2020,5,24,19,15,0,0,2.9000000000000004,27.3,78.75
2020,5,24,19,30,0,0,2.9000000000000004,27.3,78.75
2020,5,24,19,45,0,0,2.9000000000000004,27.3,78.75
2020,5,24,20,0,0,0,2.9000000000000004,27,81.2
2020,5,24,20,15,0,0,2.9000000000000004,26.900000000000002,81.68
2020,5,24,20,30,0,0,2.9000000000000004,26.900000000000002,81.68
2020,5,24,20,45,0,0,2.9000000000000004,26.8,82.72
2020,5,24,21,0,0,0,2.9000000000000004,26.8,82.72
2020,5,24,21,15,0,0,2.9000000000000004,26.700000000000003,83.2
2020,5,24,21,30,0,0,2.9000000000000004,26.700000000000003,83.2
2020,5,24,21,45,0,0,2.9000000000000004,26.6,83.96000000000001
2020,5,24,22,0,0,0,2.9000000000000004,26.6,83.96000000000001
2020,5,24,22,15,0,0,2.9000000000000004,26.6,83.96000000000001
2020,5,24,22,30,0,0,2.9000000000000004,26.5,84.45
2020,5,24,22,45,0,0,2.9000000000000004,26.5,84.35000000000001
2020,5,24,23,0,0,0,2.9000000000000004,26.400000000000002,84.85000000000001
2020,5,24,23,15,0,0,2.8000000000000003,26.400000000000002,84.85000000000001
2020,5,24,23,30,0,0,2.8000000000000003,26.400000000000002,84.76
2020,5,24,23,45,0,0,2.8000000000000003,26.3,85.05
2020,5,25,0,0,0,0,2.8000000000000003,26.3,85.05
2020,5,25,0,15,0,0,2.7,26.200000000000003,85.55
2020,5,25,0,30,0,0,2.7,26.200000000000003,85.55
2020,5,25,0,45,0,0,2.7,26.200000000000003,85.10000000000001
2020,5,25,1,0,0,0,2.7,26.1,85.60000000000001
2020,5,25,1,15,0,0,2.6,26.1,85.60000000000001
2020,5,25,1,30,0,0,2.6,26.1,85.51
2020,5,25,1,45,0,0,2.6,26.1,85.11
2020,5,25,2,0,0,0,2.6,26,85.61
2020,5,25,2,15,0,0,2.6,26,85.61
2020,5,25,2,30,0,0,2.6,26,85.61
2020,5,25,2,45,0,0,2.6,26,85.38
2020,5,25,3,0,0,0,2.6,26,85.38
2020,5,25,3,15,0,0,2.6,25.900000000000002,85.88
2020,5,25,3,30,0,0,2.6,25.900000000000002,85.88
2020,5,25,3,45,0,0,2.6,25.900000000000002,85.97
2020,5,25,4,0,0,0,2.6,25.900000000000002,85.97
2020,5,25,4,15,0,0,2.7,25.900000000000002,86.05
2020,5,25,4,30,0,0,2.7,25.900000000000002,86.05
2020,5,25,4,45,0,0,2.7,25.900000000000002,86.19
2020,5,25,5,0,0,0,2.7,25.900000000000002,86.19
2020,5,25,5,15,0,0,2.8000000000000003,25.900000000000002,86.19
2020,5,25,5,30,0,0,2.8000000000000003,26,85.69
2020,5,25,5,45,0,0,2.9000000000000004,26.1,85.48
2020,5,25,6,0,16,52,2.9000000000000004,26.1,85.48
2020,5,25,6,15,48,167,3.1,26.3,84.48
2020,5,25,6,30,91,279,3.2,26.400000000000002,83.99
2020,5,25,6,45,141,380,3.3000000000000003,26.5,83.03
2020,5,25,7,0,194,457,3.4000000000000004,26.700000000000003,82.06
2020,5,25,7,15,250,519,3.5,26.8,81.66
2020,5,25,7,30,306,570,3.5,26.900000000000002,81.19
2020,5,25,7,45,363,616,3.5,27,80.16
2020,5,25,8,0,420,653,3.6,27.1,79.69
2020,5,25,8,15,476,684,3.6,27.200000000000003,79.23
2020,5,25,8,30,531,710,3.6,27.3,78.76
2020,5,25,8,45,584,734,3.7,27.400000000000002,77.78
2020,5,25,9,0,474,250,3.7,27.5,77.33
2020,5,25,9,15,475,190,3.7,27.6,76.88
2020,5,25,9,30,548,255,3.7,27.700000000000003,76.43
2020,5,25,9,45,635,358,3.7,27.8,75.37
2020,5,25,10,0,812,808,3.7,28,74.5
2020,5,25,10,15,848,818,3.7,28,74.5
2020,5,25,10,30,881,827,3.7,28.1,74
2020,5,25,10,45,666,226,3.7,28.200000000000003,73.24
2020,5,25,11,0,537,85,3.8000000000000003,28.3,72.81
2020,5,25,11,15,579,105,3.8000000000000003,28.400000000000002,72.39
2020,5,25,11,30,766,298,3.8000000000000003,28.5,71.97
2020,5,25,11,45,751,263,3.7,28.5,72.09
2020,5,25,12,0,994,851,3.7,28.6,71.67
2020,5,25,12,15,809,343,3.8000000000000003,28.6,71.67
2020,5,25,12,30,793,309,3.8000000000000003,28.700000000000003,71.26
2020,5,25,12,45,785,303,3.8000000000000003,28.700000000000003,71.43
2020,5,25,13,0,797,342,3.8000000000000003,28.700000000000003,71.43
2020,5,25,13,15,968,844,3.8000000000000003,28.700000000000003,71.36
2020,5,25,13,30,755,308,3.8000000000000003,28.700000000000003,71.36
2020,5,25,13,45,700,252,3.8000000000000003,28.8,70.87
2020,5,25,14,0,901,825,3.8000000000000003,28.8,70.87
2020,5,25,14,15,748,431,3.8000000000000003,28.700000000000003,71.28
2020,5,25,14,30,636,259,3.8000000000000003,28.700000000000003,71.28
2020,5,25,14,45,678,407,3.8000000000000003,28.700000000000003,71.24
2020,5,25,15,0,602,306,3.8000000000000003,28.700000000000003,71.24
2020,5,25,15,15,620,440,3.7,28.6,71.65
2020,5,25,15,30,625,566,3.7,28.6,71.65
2020,5,25,15,45,489,300,3.7,28.5,72.08
2020,5,25,16,0,455,313,3.7,28.400000000000002,72.5
2020,5,25,16,15,437,380,3.7,28.3,72.92
2020,5,25,16,30,383,350,3.6,28.200000000000003,73.34
2020,5,25,16,45,301,230,3.6,28.200000000000003,73.3
2020,5,25,17,0,158,20,3.6,28.1,73.73
2020,5,25,17,15,36,0,3.6,27.900000000000002,74.59
2020,5,25,17,30,34,0,3.5,27.8,75.02
2020,5,25,17,45,129,146,3.5,27.700000000000003,75.96000000000001
2020,5,25,18,0,71,22,3.4000000000000004,27.5,76.85000000000001
2020,5,25,18,15,46,8,3.4000000000000004,27.400000000000002,77.29
2020,5,25,18,30,21,0,3.3000000000000003,27.3,77.75
2020,5,25,18,45,6,0,3.3000000000000003,27.1,80.22
2020,5,25,19,0,0,0,3.2,27,80.69
2020,5,25,19,15,0,0,3.2,27,80.69
2020,5,25,19,30,0,0,3.2,27,80.69
2020,5,25,19,45,0,0,3.2,27,80.69
2020,5,25,20,0,0,0,3.4000000000000004,26.8,82.60000000000001
2020,5,25,20,15,0,0,3.4000000000000004,26.8,82.60000000000001
2020,5,25,20,30,0,0,3.4000000000000004,26.8,82.60000000000001
2020,5,25,20,45,0,0,3.4000000000000004,26.700000000000003,83.71000000000001
2020,5,25,21,0,0,0,3.4000000000000004,26.700000000000003,83.71000000000001
2020,5,25,21,15,0,0,3.4000000000000004,26.700000000000003,83.71000000000001
2020,5,25,21,30,0,0,3.4000000000000004,26.6,84.2
2020,5,25,21,45,0,0,3.4000000000000004,26.6,84.62
2020,5,25,22,0,0,0,3.4000000000000004,26.6,84.62
2020,5,25,22,15,0,0,3.4000000000000004,26.5,85.12
2020,5,25,22,30,0,0,3.5,26.5,85.12
2020,5,25,22,45,0,0,3.5,26.5,85.4
2020,5,25,23,0,0,0,3.5,26.5,85.4
2020,5,25,23,15,0,0,3.5,26.400000000000002,85.9
2020,5,25,23,30,0,0,3.5,26.400000000000002,85.9
2020,5,25,23,45,0,0,3.5,26.400000000000002,86.03
2020,5,26,0,0,0,0,3.5,26.400000000000002,86.03
2020,5,26,0,15,0,0,3.5,26.3,86.54
2020,5,26,0,30,0,0,3.5,26.3,86.54
2020,5,26,0,45,0,0,3.5,26.3,86.24
2020,5,26,1,0,0,0,3.4000000000000004,26.3,86.24
2020,5,26,1,15,0,0,3.4000000000000004,26.200000000000003,86.66
2020,5,26,1,30,0,0,3.4000000000000004,26.200000000000003,86.66
2020,5,26,1,45,0,0,3.3000000000000003,26.1,87.18
2020,5,26,2,0,0,0,3.3000000000000003,26.1,87.18
2020,5,26,2,15,0,0,3.3000000000000003,26,87.7
2020,5,26,2,30,0,0,3.2,26,87.7
2020,5,26,2,45,0,0,3.2,26,87.8
2020,5,26,3,0,0,0,3.2,25.900000000000002,88.32000000000001
2020,5,26,3,15,0,0,3.2,25.900000000000002,88.32000000000001
2020,5,26,3,30,0,0,3.2,25.8,88.84
2020,5,26,3,45,0,0,3.2,25.8,89.04
2020,5,26,4,0,0,0,3.2,25.8,89.04
2020,5,26,4,15,0,0,3.2,25.8,89.04
2020,5,26,4,30,0,0,3.3000000000000003,25.700000000000003,89.66
2020,5,26,4,45,0,0,3.3000000000000003,25.700000000000003,89.87
2020,5,26,5,0,0,0,3.3000000000000003,25.700000000000003,89.87
2020,5,26,5,15,0,0,3.4000000000000004,25.8,89.34
2020,5,26,5,30,0,0,3.4000000000000004,25.900000000000002,88.81
2020,5,26,5,45,0,0,3.5,25.900000000000002,89.52
2020,5,26,6,0,18,72,3.5,26,88.99
2020,5,26,6,15,50,206,3.6,26.1,88.47
2020,5,26,6,30,94,326,3.7,26.3,87.43
2020,5,26,6,45,145,430,3.8000000000000003,26.400000000000002,86.79
2020,5,26,7,0,199,507,3.9000000000000004,26.5,86.28
2020,5,26,7,15,255,567,3.9000000000000004,26.700000000000003,85.28
2020,5,26,7,30,312,617,3.9000000000000004,26.8,84.78
2020,5,26,7,45,369,658,4,27,81.96000000000001
2020,5,26,8,0,427,693,4,27.1,81.49
2020,5,26,8,15,483,722,4,27.3,80.54
2020,5,26,8,30,141,0,4.1000000000000005,27.400000000000002,80.07000000000001
2020,5,26,8,45,201,8,4.1000000000000005,27.6,77.61
2020,5,26,9,0,447,200,4.1000000000000005,27.8,76.72
2020,5,26,9,15,432,131,4.1000000000000005,27.900000000000002,76.27
2020,5,26,9,30,424,93,4,28,75.83
2020,5,26,9,45,202,7,4,28.200000000000003,73.81
2020,5,26,10,0,306,19,4,28.3,73.39
2020,5,26,10,15,473,77,4,28.400000000000002,72.96000000000001
2020,5,26,10,30,890,854,3.9000000000000004,28.5,72.54
2020,5,26,10,45,351,22,3.9000000000000004,28.6,71.84
2020,5,26,11,0,294,15,3.9000000000000004,28.700000000000003,71.42
2020,5,26,11,15,634,152,3.8000000000000003,28.8,71.01
2020,5,26,11,30,742,264,3.8000000000000003,28.900000000000002,70.61
2020,5,26,11,45,732,238,3.8000000000000003,29,70.36
2020,5,26,12,0,797,320,3.8000000000000003,29,70.36
2020,5,26,12,15,494,47,3.7,29.1,69.96000000000001
2020,5,26,12,30,1007,875,3.7,29.1,69.89
2020,5,26,12,45,1002,873,3.7,29.200000000000003,69.60000000000001
2020,5,26,13,0,993,871,3.6,29.200000000000003,69.60000000000001
2020,5,26,13,15,979,869,3.6,29.200000000000003,69.60000000000001
2020,5,26,13,30,961,865,3.5,29.3,69.2
2020,5,26,13,45,458,47,3.5,29.3,69.13
2020,5,26,14,0,913,850,3.5,29.3,69.13
2020,5,26,14,15,882,843,3.4000000000000004,29.3,69.13
2020,5,26,14,30,849,834,3.4000000000000004,29.3,69.13
2020,5,26,14,45,811,825,3.3000000000000003,29.3,68.87
2020,5,26,15,0,770,814,3.3000000000000003,29.3,68.87
2020,5,26,15,15,727,801,3.3000000000000003,29.200000000000003,69.27
2020,5,26,15,30,680,786,3.3000000000000003,29.1,69.66
2020,5,26,15,45,630,770,3.2,29.1,69.33
2020,5,26,16,0,579,750,3.2,29,69.73
2020,5,26,16,15,525,727,3.2,28.900000000000002,70.14
2020,5,26,16,30,470,700,3.2,28.8,70.54
2020,5,26,16,45,412,663,3.3000000000000003,28.6,71.24
2020,5,26,17,0,355,625,3.3000000000000003,28.5,71.65
2020,5,26,17,15,297,581,3.2,28.3,72.49
2020,5,26,17,30,241,528,3.2,28.1,73.33
2020,5,26,17,45,157,297,3.2,28,74.8
2020,5,26,18,0,133,384,3.2,27.8,75.75
2020,5,26,18,15,52,40,3.1,27.6,76.64
2020,5,26,18,30,33,79,3.1,27.400000000000002,77.54
2020,5,26,18,45,6,0,3.1,27.200000000000003,80.72
2020,5,26,19,0,0,0,3.1,27,81.67
2020,5,26,19,15,0,0,3.1,27,81.67
2020,5,26,19,30,0,0,3.1,27,81.67
2020,5,26,19,45,0,0,3.1,27,81.67
2020,5,26,20,0,0,0,3.1,26.700000000000003,84.44
2020,5,26,20,15,0,0,3.1,26.6,84.94
2020,5,26,20,30,0,0,3.1,26.6,84.94
2020,5,26,20,45,0,0,3.1,26.5,86.25
2020,5,26,21,0,0,0,3.1,26.400000000000002,86.75
2020,5,26,21,15,0,0,3.1,26.400000000000002,86.75
2020,5,26,21,30,0,0,3.1,26.3,87.26
2020,5,26,21,45,0,0,3.1,26.3,87.37
2020,5,26,22,0,0,0,3.1,26.3,87.37
2020,5,26,22,15,0,0,3.1,26.200000000000003,87.88
2020,5,26,22,30,0,0,3.1,26.200000000000003,87.88
2020,5,26,22,45,0,0,3.1,26.1,88.43
2020,5,26,23,0,0,0,3.1,26.1,88.43
2020,5,26,23,15,0,0,3.1,26.1,88.34
2020,5,26,23,30,0,0,3.1,26,88.86
2020,5,26,23,45,0,0,3,26,88.93
2020,5,27,0,0,0,0,3,26,88.93
2020,5,27,0,15,0,0,3,25.900000000000002,89.46000000000001
2020,5,27,0,30,0,0,3,25.900000000000002,89.46000000000001
2020,5,27,0,45,0,0,3,25.8,90.04
2020,5,27,1,0,0,0,3,25.8,90.04
2020,5,27,1,15,0,0,3,25.8,90.04
2020,5,27,1,30,0,0,3,25.700000000000003,90.58
2020,5,27,1,45,0,0,3,25.700000000000003,90.61
2020,5,27,2,0,0,0,3,25.700000000000003,90.61
2020,5,27,2,15,0,0,3,25.6,91.14
2020,5,27,2,30,0,0,2.9000000000000004,25.6,91.14
2020,5,27,2,45,0,0,2.9000000000000004,25.6,90.94
2020,5,27,3,0,0,0,2.9000000000000004,25.5,91.47
2020,5,27,3,15,0,0,2.9000000000000004,25.5,91.47
2020,5,27,3,30,0,0,2.9000000000000004,25.5,91.47
2020,5,27,3,45,0,0,2.9000000000000004,25.5,91.24
2020,5,27,4,0,0,0,2.8000000000000003,25.400000000000002,91.78
2020,5,27,4,15,0,0,2.8000000000000003,25.400000000000002,91.78
2020,5,27,4,30,0,0,2.7,25.400000000000002,91.78
2020,5,27,4,45,0,0,2.7,25.400000000000002,91.11
2020,5,27,5,0,0,0,2.6,25.400000000000002,91.11
2020,5,27,5,15,0,0,2.6,25.5,90.57000000000001
2020,5,27,5,30,0,0,2.6,25.5,90.57000000000001
2020,5,27,5,45,0,0,2.5,25.6,90.49
2020,5,27,6,0,18,87,2.5,25.700000000000003,89.96000000000001
2020,5,27,6,15,51,225,2.5,25.900000000000002,88.91
2020,5,27,6,30,96,344,2.5,26,88.38
2020,5,27,6,45,146,447,2.5,26.200000000000003,86.93
2020,5,27,7,0,200,521,2.5,26.3,86.51
2020,5,27,7,15,256,580,2.5,26.5,85.5
2020,5,27,7,30,314,629,2.4000000000000004,26.6,85
2020,5,27,7,45,292,306,2.4000000000000004,26.700000000000003,81.3
2020,5,27,8,0,429,707,2.3000000000000003,26.8,80.82000000000001
2020,5,27,8,15,370,284,2.3000000000000003,27,79.88
2020,5,27,8,30,540,759,2.3000000000000003,27.200000000000003,78.95
2020,5,27,8,45,593,780,2.3000000000000003,27.3,76.41
2020,5,27,9,0,644,798,2.2,27.5,75.53
2020,5,27,9,15,693,814,2.2,27.700000000000003,74.65
2020,5,27,9,30,740,829,2.1,27.900000000000002,73.79
2020,5,27,9,45,784,842,2.1,28,71.56
2020,5,27,10,0,824,852,2.1,28.200000000000003,70.73
2020,5,27,10,15,860,861,2.1,28.400000000000002,69.92
2020,5,27,10,30,893,869,2,28.5,69.51
2020,5,27,10,45,924,881,2,28.700000000000003,67.61
2020,5,27,11,0,523,77,2,28.8,67.22
2020,5,27,11,15,971,891,2,28.900000000000002,66.84
2020,5,27,11,30,476,46,2,29.1,66.07000000000001
2020,5,27,11,45,1001,897,2,29.200000000000003,65.34
2020,5,27,12,0,1009,898,2,29.3,64.96000000000001
2020,5,27,12,15,1013,899,2.1,29.400000000000002,64.59
2020,5,27,12,30,1013,899,2.1,29.5,64.22
2020,5,27,12,45,1008,898,2.1,29.5,64.54
2020,5,27,13,0,998,896,2.1,29.6,64.18
2020,5,27,13,15,985,894,2.1,29.6,64.18
2020,5,27,13,30,708,241,2.1,29.6,64.18
2020,5,27,13,45,945,885,2.1,29.6,64.42
2020,5,27,14,0,722,317,2.2,29.6,64.42
2020,5,27,14,15,619,200,2.2,29.6,64.35
2020,5,27,14,30,855,866,2.2,29.6,64.35
2020,5,27,14,45,817,855,2.2,29.6,64.36
2020,5,27,15,0,777,844,2.2,29.5,64.73
2020,5,27,15,15,733,832,2.2,29.5,64.73
2020,5,27,15,30,484,216,2.2,29.400000000000002,65.1
2020,5,27,15,45,121,0,2.2,29.3,65.61
2020,5,27,16,0,16,0,2.2,29.3,65.61
2020,5,27,16,15,13,0,2.1,29.1,66.37
2020,5,27,16,30,11,0,2.1,29,66.76
2020,5,27,16,45,17,0,2.1,28.900000000000002,67.46000000000001
2020,5,27,17,0,7,0,2.1,28.8,67.85
2020,5,27,17,15,6,0,2,28.5,69.03
2020,5,27,17,30,8,0,2,28.3,69.84
2020,5,27,17,45,96,24,1.9000000000000001,28.1,72.82000000000001
2020,5,27,18,0,80,51,1.9000000000000001,27.8,74.10000000000001
2020,5,27,18,15,54,51,1.8,27.6,74.96000000000001
2020,5,27,18,30,24,0,1.8,27.3,76.29
2020,5,27,18,45,6,0,1.8,27.1,80.86
2020,5,27,19,0,0,0,1.8,26.900000000000002,81.81
2020,5,27,19,15,0,0,1.8,26.900000000000002,81.81
2020,5,27,19,30,0,0,1.8,26.900000000000002,81.81
2020,5,27,19,45,0,0,1.8,26.900000000000002,81.81
2020,5,27,20,0,0,0,1.7000000000000002,26.5,85.02
2020,5,27,20,15,0,0,1.7000000000000002,26.400000000000002,85.52
2020,5,27,20,30,0,0,1.7000000000000002,26.3,86.02
2020,5,27,20,45,0,0,1.7000000000000002,26.200000000000003,87.22
2020,5,27,21,0,0,0,1.7000000000000002,26.200000000000003,87.22
2020,5,27,21,15,0,0,1.8,26.1,87.74
2020,5,27,21,30,0,0,1.8,26,88.25
2020,5,27,21,45,0,0,1.8,26,88.69
2020,5,27,22,0,0,0,1.8,25.900000000000002,89.21000000000001
2020,5,27,22,15,0,0,1.8,25.900000000000002,89.21000000000001
2020,5,27,22,30,0,0,1.8,25.8,89.74
2020,5,27,22,45,0,0,1.8,25.8,89.85000000000001
2020,5,27,23,0,0,0,1.8,25.700000000000003,90.38
2020,5,27,23,15,0,0,1.8,25.700000000000003,90.38
2020,5,27,23,30,0,0,1.8,25.700000000000003,90.38
2020,5,27,23,45,0,0,1.8,25.6,90.25
2020,5,28,0,0,0,0,1.8,25.6,90.25
2020,5,28,0,15,0,0,1.7000000000000002,25.6,90.25
2020,5,28,0,30,0,0,1.7000000000000002,25.6,90.25
2020,5,28,0,45,0,0,1.7000000000000002,25.6,89.67
2020,5,28,1,0,0,0,1.7000000000000002,25.6,89.67
2020,5,28,1,15,0,0,1.7000000000000002,25.6,89.67
2020,5,28,1,30,0,0,1.7000000000000002,25.6,89.67
2020,5,28,1,45,0,0,1.7000000000000002,25.6,88.96000000000001
2020,5,28,2,0,0,0,1.6,25.5,89.49
2020,5,28,2,15,0,0,1.6,25.5,89.49
2020,5,28,2,30,0,0,1.6,25.5,89.49
2020,5,28,2,45,0,0,1.7000000000000002,25.5,88.94
2020,5,28,3,0,0,0,1.7000000000000002,25.5,88.94
2020,5,28,3,15,0,0,1.7000000000000002,25.5,88.94
2020,5,28,3,30,0,0,1.7000000000000002,25.5,88.94
2020,5,28,3,45,0,0,1.7000000000000002,25.5,88.72
2020,5,28,4,0,0,0,1.8,25.400000000000002,89.25
2020,5,28,4,15,0,0,1.8,25.400000000000002,89.25
2020,5,28,4,30,0,0,1.8,25.400000000000002,89.25
2020,5,28,4,45,0,0,1.8,25.400000000000002,89.4
2020,5,28,5,0,0,0,1.9000000000000001,25.400000000000002,89.49
2020,5,28,5,15,0,0,1.9000000000000001,25.400000000000002,89.49
2020,5,28,5,30,0,0,1.9000000000000001,25.5,88.97
2020,5,28,5,45,0,0,2,25.6,90.68
2020,5,28,6,0,10,0,2,25.6,90.68
2020,5,28,6,15,37,66,2.1,25.8,89.62
2020,5,28,6,30,48,0,2.1,25.900000000000002,89.09
2020,5,28,6,45,111,191,2.2,26,89.7
2020,5,28,7,0,150,211,2.3000000000000003,26.1,89.18
2020,5,28,7,15,212,325,2.3000000000000003,26.200000000000003,88.65
2020,5,28,7,30,252,315,2.3000000000000003,26.3,88.13
2020,5,28,7,45,321,418,2.3000000000000003,26.400000000000002,86.11
2020,5,28,8,0,334,303,2.4000000000000004,26.5,85.61
2020,5,28,8,15,402,381,2.4000000000000004,26.700000000000003,84.61
2020,5,28,8,30,444,376,2.4000000000000004,26.8,84.11
2020,5,28,8,45,449,281,2.4000000000000004,26.900000000000002,80.95
2020,5,28,9,0,525,366,2.4000000000000004,27.1,80.01
2020,5,28,9,15,574,381,2.4000000000000004,27.200000000000003,79.55
2020,5,28,9,30,639,473,2.4000000000000004,27.400000000000002,78.62
2020,5,28,9,45,660,434,2.4000000000000004,27.5,76.93
2020,5,28,10,0,623,276,2.4000000000000004,27.700000000000003,76.04
2020,5,28,10,15,675,317,2.5,27.8,75.60000000000001
2020,5,28,10,30,705,323,2.5,27.900000000000002,75.17
2020,5,28,10,45,919,870,2.5,28,74.32000000000001
2020,5,28,11,0,709,262,2.5,28.1,73.89
2020,5,28,11,15,781,358,2.6,28.1,73.89
2020,5,28,11,30,767,302,2.6,28.1,73.89
2020,5,28,11,45,397,25,2.6,28.1,73.58
2020,5,28,12,0,150,3,2.7,28.1,73.58
2020,5,28,12,15,52,0,2.7,28.1,73.5
2020,5,28,12,30,52,0,2.7,28.1,73.5
2020,5,28,12,45,51,0,2.7,28,73.99
2020,5,28,13,0,50,0,2.8000000000000003,28,73.99
2020,5,28,13,15,50,0,2.8000000000000003,28,73.99
2020,5,28,13,30,51,0,2.8000000000000003,27.900000000000002,74.42
2020,5,28,13,45,70,0,2.9000000000000004,27.900000000000002,74.83
2020,5,28,14,0,52,0,2.9000000000000004,27.8,75.27
2020,5,28,14,15,46,0,2.9000000000000004,27.8,75.27
2020,5,28,14,30,33,0,2.9000000000000004,27.700000000000003,75.71000000000001
2020,5,28,14,45,81,0,3,27.6,77.03
2020,5,28,15,0,59,0,3,27.5,77.48
2020,5,28,15,15,131,0,3,27.400000000000002,77.94
2020,5,28,15,30,95,0,3,27.3,78.39
2020,5,28,15,45,86,0,3,27.200000000000003,80.37
2020,5,28,16,0,85,0,3.1,27.1,80.84
2020,5,28,16,15,70,0,3,27,81.31
2020,5,28,16,30,64,0,3,26.900000000000002,81.79
2020,5,28,16,45,66,0,3,26.8,83.53
2020,5,28,17,0,97,0,3,26.700000000000003,84.02
2020,5,28,17,15,52,0,3,26.5,85.02
2020,5,28,17,30,31,0,2.9000000000000004,26.400000000000002,85.52
2020,5,28,17,45,42,0,2.8000000000000003,26.200000000000003,88.17
2020,5,28,18,0,93,112,2.8000000000000003,26,89.21000000000001
2020,5,28,18,15,55,49,2.7,25.900000000000002,89.74
2020,5,28,18,30,26,0,2.7,25.8,90.27
2020,5,28,18,45,9,0,2.7,25.700000000000003,91.03
2020,5,28,19,0,0,0,2.7,25.6,91.57000000000001
2020,5,28,19,15,0,0,2.7,25.6,91.57000000000001
2020,5,28,19,30,0,0,2.7,25.6,91.57000000000001
2020,5,28,19,45,0,0,2.7,25.6,91.57000000000001
2020,5,28,20,0,0,0,2.7,25.5,91.37
2020,5,28,20,15,0,0,2.7,25.400000000000002,91.91
2020,5,28,20,30,0,0,2.7,25.400000000000002,91.91
2020,5,28,20,45,0,0,2.8000000000000003,25.400000000000002,90.98
2020,5,28,21,0,0,0,2.8000000000000003,25.400000000000002,90.98
2020,5,28,21,15,0,0,2.9000000000000004,25.3,91.52
2020,5,28,21,30,0,0,2.9000000000000004,25.3,91.52
2020,5,28,21,45,0,0,3,25.3,90.93
2020,5,28,22,0,0,0,3.1,25.3,90.93
2020,5,28,22,15,0,0,3.1,25.3,90.84
2020,5,28,22,30,0,0,3.2,25.200000000000003,91.38
2020,5,28,22,45,0,0,3.2,25.200000000000003,91.36
2020,5,28,23,0,0,0,3.2,25.200000000000003,91.36
2020,5,28,23,15,0,0,3.2,25.200000000000003,91.36
2020,5,28,23,30,0,0,3.2,25.200000000000003,91.36
2020,5,28,23,45,0,0,3.2,25.1,91.99
2020,5,29,0,0,0,0,3.2,25.1,91.99
2020,5,29,0,15,0,0,3.2,25.1,91.89
2020,5,29,0,30,0,0,3.2,25.1,91.89
2020,5,29,0,45,0,0,3.2,25.1,91.89
2020,5,29,1,0,0,0,3.1,25.1,91.89
2020,5,29,1,15,0,0,3.1,25.1,91.89
2020,5,29,1,30,0,0,3,25.1,91.89
2020,5,29,1,45,0,0,3,25.1,91.66
2020,5,29,2,0,0,0,2.9000000000000004,25.1,91.66
2020,5,29,2,15,0,0,2.9000000000000004,25.1,91.66
2020,5,29,2,30,0,0,2.8000000000000003,25.1,91.66
2020,5,29,2,45,0,0,2.8000000000000003,25.1,90.93
2020,5,29,3,0,0,0,2.7,25.1,90.93
2020,5,29,3,15,0,0,2.6,25.1,90.93
2020,5,29,3,30,0,0,2.6,25.1,90.93
2020,5,29,3,45,0,0,2.5,25.1,90.12
2020,5,29,4,0,0,0,2.5,25.1,90.12
2020,5,29,4,15,0,0,2.4000000000000004,25,90.75
2020,5,29,4,30,0,0,2.4000000000000004,25,90.75
2020,5,29,4,45,0,0,2.4000000000000004,25,90.10000000000001
2020,5,29,5,0,0,0,2.4000000000000004,25,90.10000000000001
2020,5,29,5,15,0,0,2.4000000000000004,25.1,89.56
2020,5,29,5,30,0,0,2.4000000000000004,25.200000000000003,89.03
2020,5,29,5,45,0,0,2.4000000000000004,25.3,90.13
2020,5,29,6,0,12,0,2.4000000000000004,25.400000000000002,89.60000000000001
2020,5,29,6,15,19,0,2.5,25.5,89.07000000000001
2020,5,29,6,30,66,94,2.6,25.700000000000003,88.12
2020,5,29,6,45,94,94,2.7,25.900000000000002,88.10000000000001
2020,5,29,7,0,86,0,2.8000000000000003,26.1,87.07000000000001
2020,5,29,7,15,92,0,2.9000000000000004,26.200000000000003,86.56
2020,5,29,7,30,190,106,2.9000000000000004,26.3,86.05
2020,5,29,7,45,258,194,2.9000000000000004,26.5,83.92
2020,5,29,8,0,419,638,2.9000000000000004,26.6,83.43
2020,5,29,8,15,475,670,3,26.8,82.46000000000001
2020,5,29,8,30,529,697,3,27,81.5
2020,5,29,8,45,484,368,3,27.200000000000003,79.23
2020,5,29,9,0,558,473,3,27.400000000000002,78.39
2020,5,29,9,15,680,750,3,27.5,77.93
2020,5,29,9,30,725,765,3,27.6,77.48
2020,5,29,9,45,621,333,3,27.8,75.19
2020,5,29,10,0,632,294,3,27.900000000000002,74.76
2020,5,29,10,15,659,291,3,28.1,73.89
2020,5,29,10,30,743,414,3,28.200000000000003,73.47
2020,5,29,10,45,684,255,3,28.3,72
2020,5,29,11,0,768,368,3,28.5,71.17
2020,5,29,11,15,800,399,3,28.6,70.69
2020,5,29,11,30,715,230,3,28.700000000000003,70.28
2020,5,29,11,45,967,765,3,28.900000000000002,68.81
2020,5,29,12,0,824,384,3,29,68.41
2020,5,29,12,15,980,769,3.1,29.1,68.02
2020,5,29,12,30,980,769,3.1,29.200000000000003,67.63
2020,5,29,12,45,975,766,3.1,29.200000000000003,67.66
2020,5,29,13,0,967,764,3.1,29.3,67.27
2020,5,29,13,15,953,761,3.1,29.3,67.2
2020,5,29,13,30,935,756,3.2,29.3,67.2
2020,5,29,13,45,920,776,3.2,29.3,67.42
2020,5,29,14,0,894,769,3.2,29.3,67.42
2020,5,29,14,15,730,394,3.2,29.3,67.42
2020,5,29,14,30,578,178,3.2,29.200000000000003,67.81
2020,5,29,14,45,661,352,3.3000000000000003,29.200000000000003,68.06
2020,5,29,15,0,535,195,3.3000000000000003,29.200000000000003,68.06
2020,5,29,15,15,607,391,3.3000000000000003,29.1,68.45
2020,5,29,15,30,539,321,3.3000000000000003,29,68.84
2020,5,29,15,45,549,461,3.3000000000000003,28.900000000000002,69.68
2020,5,29,16,0,380,157,3.3000000000000003,28.8,70.08
2020,5,29,16,15,372,209,3.3000000000000003,28.700000000000003,70.49
2020,5,29,16,30,330,199,3.3000000000000003,28.5,71.31
2020,5,29,16,45,166,11,3.3000000000000003,28.400000000000002,72.43
2020,5,29,17,0,50,0,3.3000000000000003,28.200000000000003,73.27
2020,5,29,17,15,52,0,3.3000000000000003,28,74.13
2020,5,29,17,30,5,0,3.2,27.8,74.99
2020,5,29,17,45,31,0,3.2,27.6,77.54
2020,5,29,18,0,68,9,3.1,27.400000000000002,78.45
2020,5,29,18,15,22,0,3.1,27.200000000000003,79.45
2020,5,29,18,30,22,0,3,27,80.39
2020,5,29,18,45,9,0,3,26.8,83.46000000000001
2020,5,29,19,0,0,0,3,26.6,84.45
2020,5,29,19,15,0,0,3,26.6,84.45
2020,5,29,19,30,0,0,3,26.6,84.45
2020,5,29,19,45,0,0,3,26.6,84.45
2020,5,29,20,0,0,0,3,26.400000000000002,86.15
2020,5,29,20,15,0,0,2.9000000000000004,26.400000000000002,86.15
2020,5,29,20,30,0,0,2.9000000000000004,26.3,86.65
2020,5,29,20,45,0,0,2.9000000000000004,26.200000000000003,86.94
2020,5,29,21,0,0,0,2.9000000000000004,26.200000000000003,86.94
2020,5,29,21,15,0,0,2.8000000000000003,26.1,87.45
2020,5,29,21,30,0,0,2.8000000000000003,26.1,87.45
2020,5,29,21,45,0,0,2.8000000000000003,26,87.03
2020,5,29,22,0,0,0,2.8000000000000003,25.900000000000002,87.55
2020,5,29,22,15,0,0,2.7,25.8,88.07000000000001
2020,5,29,22,30,0,0,2.7,25.8,88.07000000000001
2020,5,29,22,45,0,0,2.7,25.700000000000003,87.93
2020,5,29,23,0,0,0,2.6,25.6,88.45
2020,5,29,23,15,0,0,2.6,25.6,88.45
2020,5,29,23,30,0,0,2.5,25.5,88.97
2020,5,29,23,45,0,0,2.5,25.5,88.85000000000001
2020,5,30,0,0,0,0,2.5,25.400000000000002,89.37
2020,5,30,0,15,0,0,2.5,25.400000000000002,89.37
2020,5,30,0,30,0,0,2.4000000000000004,25.400000000000002,89.37
2020,5,30,0,45,0,0,2.4000000000000004,25.3,89.71000000000001
2020,5,30,1,0,0,0,2.4000000000000004,25.3,89.71000000000001
2020,5,30,1,15,0,0,2.4000000000000004,25.3,89.71000000000001
2020,5,30,1,30,0,0,2.4000000000000004,25.3,89.71000000000001
2020,5,30,1,45,0,0,2.4000000000000004,25.3,89.61
2020,5,30,2,0,0,0,2.3000000000000003,25.200000000000003,90.05
2020,5,30,2,15,0,0,2.4000000000000004,25.200000000000003,90.05
2020,5,30,2,30,0,0,2.4000000000000004,25.200000000000003,90.05
2020,5,30,2,45,0,0,2.4000000000000004,25.200000000000003,89.95
2020,5,30,3,0,0,0,2.4000000000000004,25.200000000000003,89.95
2020,5,30,3,15,0,0,2.4000000000000004,25.200000000000003,89.95
2020,5,30,3,30,0,0,2.4000000000000004,25.200000000000003,89.95
2020,5,30,3,45,0,0,2.4000000000000004,25.1,90.5
2020,5,30,4,0,0,0,2.5,25.1,90.60000000000001
2020,5,30,4,15,0,0,2.5,25.1,90.60000000000001
2020,5,30,4,30,0,0,2.5,25.1,90.60000000000001
2020,5,30,4,45,0,0,2.6,25.1,90.74
2020,5,30,5,0,0,0,2.6,25,91.28
2020,5,30,5,15,0,0,2.7,25.200000000000003,90.2
2020,5,30,5,30,0,0,2.7,25.3,89.67
2020,5,30,5,45,0,0,2.8000000000000003,25.5,89.64
2020,5,30,6,0,15,17,2.9000000000000004,25.6,89.12
2020,5,30,6,15,36,57,3,25.900000000000002,87.55
2020,5,30,6,30,65,86,3.2,26.1,86.53
2020,5,30,6,45,95,99,3.3000000000000003,26.3,85.16
2020,5,30,7,0,87,0,3.4000000000000004,26.6,83.67
2020,5,30,7,15,204,286,3.5,26.8,82.7
2020,5,30,7,30,228,222,3.6,26.900000000000002,82.22
2020,5,30,7,45,318,409,3.6,27.1,79.49
2020,5,30,8,0,413,585,3.7,27.3,78.56
2020,5,30,8,15,469,620,3.8000000000000003,27.5,77.65
2020,5,30,8,30,447,387,3.8000000000000003,27.700000000000003,76.76
2020,5,30,8,45,577,676,3.8000000000000003,27.8,75.19
2020,5,30,9,0,628,698,3.9000000000000004,28,74.32000000000001
2020,5,30,9,15,677,718,3.9000000000000004,28.200000000000003,73.46000000000001
2020,5,30,9,30,569,297,3.9000000000000004,28.3,73.04
2020,5,30,9,45,766,750,4,28.5,71.47
2020,5,30,10,0,623,278,4,28.6,71.06
2020,5,30,10,15,843,774,4,28.700000000000003,70.65
2020,5,30,10,30,755,437,4,28.8,70.24
2020,5,30,10,45,765,410,4,29,69.29
2020,5,30,11,0,785,406,4,29.1,68.89
2020,5,30,11,15,701,229,4,29.200000000000003,68.5
2020,5,30,11,30,778,316,4,29.200000000000003,68.43
2020,5,30,11,45,857,430,4,29.3,68.48
2020,5,30,12,0,855,421,4,29.400000000000002,68.09
2020,5,30,12,15,991,800,4,29.400000000000002,68.09
2020,5,30,12,30,991,800,4,29.400000000000002,68.09
2020,5,30,12,45,985,795,4,29.400000000000002,68.69
2020,5,30,13,0,781,310,4,29.400000000000002,68.69
2020,5,30,13,15,756,290,4,29.3,69.09
2020,5,30,13,30,678,203,4,29.3,69.02
2020,5,30,13,45,712,270,4,29.200000000000003,69.8
2020,5,30,14,0,892,753,4,29.1,70.2
2020,5,30,14,15,862,744,4,29.1,70.2
2020,5,30,14,30,828,734,4,29,70.61
2020,5,30,14,45,662,354,4,28.900000000000002,71.22
2020,5,30,15,0,750,703,3.9000000000000004,28.8,71.63
2020,5,30,15,15,706,686,3.9000000000000004,28.8,71.63
2020,5,30,15,30,478,204,3.9000000000000004,28.700000000000003,72.05
2020,5,30,15,45,341,71,3.9000000000000004,28.6,72.88
2020,5,30,16,0,272,38,3.9000000000000004,28.5,73.3
2020,5,30,16,15,246,36,3.9000000000000004,28.400000000000002,73.73
2020,5,30,16,30,54,0,3.9000000000000004,28.3,74.16
2020,5,30,16,45,29,0,3.9000000000000004,28.200000000000003,75
2020,5,30,17,0,73,0,3.9000000000000004,28,75.87
2020,5,30,17,15,106,0,3.9000000000000004,27.900000000000002,76.31
2020,5,30,17,30,127,37,3.8000000000000003,27.700000000000003,77.2
2020,5,30,17,45,90,9,3.8000000000000003,27.6,78.45
2020,5,30,18,0,39,0,3.7,27.400000000000002,79.37
2020,5,30,18,15,45,0,3.7,27.3,79.84
2020,5,30,18,30,29,15,3.6,27.1,80.77
2020,5,30,18,45,8,0,3.6,27,83.2
2020,5,30,19,0,0,0,3.5,26.8,84.26
2020,5,30,19,15,0,0,3.5,26.8,84.26
2020,5,30,19,30,0,0,3.5,26.8,84.26
2020,5,30,19,45,0,0,3.5,26.8,84.26
2020,5,30,20,0,0,0,3.5,26.5,87.07000000000001
2020,5,30,20,15,0,0,3.5,26.5,87.07000000000001
2020,5,30,20,30,0,0,3.5,26.400000000000002,87.58
2020,5,30,20,45,0,0,3.5,26.400000000000002,87.72
2020,5,30,21,0,0,0,3.5,26.3,88.24
2020,5,30,21,15,0,0,3.5,26.3,88.24
2020,5,30,21,30,0,0,3.5,26.3,88.24
2020,5,30,21,45,0,0,3.6,26.3,87.15
2020,5,30,22,0,0,0,3.6,26.3,87.23
2020,5,30,22,15,0,0,3.6,26.3,87.15
2020,5,30,22,30,0,0,3.6,26.200000000000003,87.66
2020,5,30,22,45,0,0,3.5,26.200000000000003,86.47
2020,5,30,23,0,0,0,3.5,26.200000000000003,86.47
2020,5,30,23,15,0,0,3.5,26.1,86.98
2020,5,30,23,30,0,0,3.5,26.1,86.98
2020,5,30,23,45,0,0,3.5,26.1,85.3
2020,5,31,0,0,0,0,3.5,26,85.8
2020,5,31,0,15,0,0,3.5,26,85.8
2020,5,31,0,30,0,0,3.5,26,85.8
2020,5,31,0,45,0,0,3.5,25.900000000000002,84.52
2020,5,31,1,0,0,0,3.5,25.900000000000002,84.52
2020,5,31,1,15,0,0,3.5,25.900000000000002,84.52
2020,5,31,1,30,0,0,3.5,25.8,85.02
2020,5,31,1,45,0,0,3.6,25.8,83.66
2020,5,31,2,0,0,0,3.6,25.8,83.66
2020,5,31,2,15,0,0,3.6,25.8,83.66
2020,5,31,2,30,0,0,3.6,25.8,83.75
2020,5,31,2,45,0,0,3.6,25.700000000000003,83.24
2020,5,31,3,0,0,0,3.6,25.700000000000003,83.24
2020,5,31,3,15,0,0,3.6,25.700000000000003,83.24
2020,5,31,3,30,0,0,3.6,25.700000000000003,83.24
2020,5,31,3,45,0,0,3.6,25.6,83.02
2020,5,31,4,0,0,0,3.6,25.6,83.02
2020,5,31,4,15,0,0,3.6,25.6,83.02
2020,5,31,4,30,0,0,3.6,25.6,83.02
2020,5,31,4,45,0,0,3.6,25.6,82.67
2020,5,31,5,0,0,0,3.6,25.5,83.16
2020,5,31,5,15,0,0,3.6,25.6,82.67
2020,5,31,5,30,0,0,3.7,25.8,81.79
2020,5,31,5,45,0,0,3.7,25.900000000000002,81.44
2020,5,31,6,0,15,16,3.7,26,80.96000000000001
2020,5,31,6,15,47,101,3.8000000000000003,26.200000000000003,80.01
2020,5,31,6,30,89,206,4,26.400000000000002,79.08
2020,5,31,6,45,137,306,4.1000000000000005,26.6,77.39
2020,5,31,7,0,190,387,4.2,26.8,76.49
2020,5,31,7,15,245,455,4.2,27,75.60000000000001
2020,5,31,7,30,301,511,4.2,27.200000000000003,74.72
2020,5,31,7,45,359,561,4.3,27.400000000000002,73.38
2020,5,31,8,0,416,602,4.3,27.6,72.53
2020,5,31,8,15,472,636,4.4,27.8,71.69
2020,5,31,8,30,527,665,4.4,27.900000000000002,71.28
2020,5,31,8,45,580,694,4.4,28.1,70.09
2020,5,31,9,0,632,716,4.4,28.3,69.28
2020,5,31,9,15,681,735,4.4,28.5,68.49
2020,5,31,9,30,727,751,4.5,28.6,68.09
2020,5,31,9,45,771,769,4.5,28.8,67.3
2020,5,31,10,0,810,780,4.5,28.900000000000002,66.91
2020,5,31,10,15,847,791,4.5,29,66.53
2020,5,31,10,30,881,800,4.5,29.1,66.14
2020,5,31,10,45,917,833,4.6000000000000005,29.3,65.99
2020,5,31,11,0,943,839,4.6000000000000005,29.400000000000002,65.61
2020,5,31,11,15,964,844,4.6000000000000005,29.400000000000002,65.61
2020,5,31,11,30,981,848,4.6000000000000005,29.400000000000002,65.61
2020,5,31,11,45,994,848,4.6000000000000005,29.5,65.91
2020,5,31,12,0,1002,850,4.6000000000000005,29.5,65.91
2020,5,31,12,15,1006,851,4.6000000000000005,29.5,65.91
2020,5,31,12,30,1005,850,4.6000000000000005,29.5,65.91
2020,5,31,12,45,999,847,4.6000000000000005,29.400000000000002,67.06
2020,5,31,13,0,990,845,4.6000000000000005,29.400000000000002,67.06
2020,5,31,13,15,977,842,4.6000000000000005,29.400000000000002,66.99
2020,5,31,13,30,959,838,4.6000000000000005,29.400000000000002,66.99
2020,5,31,13,45,941,848,4.5,29.3,67.87
2020,5,31,14,0,915,842,4.5,29.3,67.87
2020,5,31,14,15,885,834,4.5,29.3,67.87
2020,5,31,14,30,851,826,4.4,29.200000000000003,68.26
2020,5,31,14,45,653,341,4.4,29.200000000000003,68.38
2020,5,31,15,0,774,807,4.4,29.200000000000003,68.38
2020,5,31,15,15,730,793,4.4,29.1,68.78
2020,5,31,15,30,683,778,4.3,29.1,68.78
2020,5,31,15,45,635,763,4.3,29,69.62
2020,5,31,16,0,583,743,4.3,28.900000000000002,70.02
2020,5,31,16,15,530,719,4.3,28.8,70.42
2020,5,31,16,30,474,692,4.3,28.700000000000003,70.83
2020,5,31,16,45,418,662,4.3,28.6,71.31
2020,5,31,17,0,361,624,4.2,28.5,71.72
2020,5,31,17,15,304,579,4.2,28.3,72.56
2020,5,31,17,30,247,525,4.1000000000000005,28.1,73.4
2020,5,31,17,45,191,465,4.1000000000000005,27.900000000000002,74.94
2020,5,31,18,0,138,383,4,27.700000000000003,75.82000000000001
2020,5,31,18,15,89,281,3.9000000000000004,27.5,76.7
2020,5,31,18,30,46,157,3.9000000000000004,27.3,77.60000000000001
2020,5,31,18,45,15,38,3.8000000000000003,27.1,80.67
2020,5,31,19,0,0,0,3.7,27,81.14
2020,5,31,19,15,0,0,3.7,27,81.14
2020,5,31,19,30,0,0,3.7,27,81.14
2020,5,31,19,45,0,0,3.7,27,81.14
2020,5,31,20,0,0,0,3.6,26.6,84.27
2020,5,31,20,15,0,0,3.6,26.5,84.77
2020,5,31,20,30,0,0,3.6,26.5,84.77
2020,5,31,20,45,0,0,3.5,26.400000000000002,85.76
2020,5,31,21,0,0,0,3.5,26.3,86.26
2020,5,31,21,15,0,0,3.5,26.3,86.26
2020,5,31,21,30,0,0,3.5,26.200000000000003,86.77
2020,5,31,21,45,0,0,3.4000000000000004,26.200000000000003,86.84
2020,5,31,22,0,0,0,3.4000000000000004,26.1,87.35000000000001
2020,5,31,22,15,0,0,3.4000000000000004,26.1,87.35000000000001
2020,5,31,22,30,0,0,3.4000000000000004,26,87.87
2020,5,31,22,45,0,0,3.3000000000000003,26,87.60000000000001
2020,5,31,23,0,0,0,3.3000000000000003,25.900000000000002,88.12
2020,5,31,23,15,0,0,3.3000000000000003,25.900000000000002,88.12
2020,5,31,23,30,0,0,3.3000000000000003,25.900000000000002,88.03
2020,5,31,23,45,0,0,3.3000000000000003,25.8,88.15
2020,6,1,0,0,0,0,3.2,25.8,88.15
2020,6,1,0,15,0,0,3.2,25.700000000000003,88.67
2020,6,1,0,30,0,0,3.2,25.700000000000003,88.67
2020,6,1,0,45,0,0,3.2,25.700000000000003,88.24
2020,6,1,1,0,0,0,3.3000000000000003,25.6,88.76
2020,6,1,1,15,0,0,3.3000000000000003,25.6,88.67
2020,6,1,1,30,0,0,3.3000000000000003,25.6,88.67
2020,6,1,1,45,0,0,3.3000000000000003,25.6,88.35000000000001
2020,6,1,2,0,0,0,3.3000000000000003,25.5,88.87
2020,6,1,2,15,0,0,3.3000000000000003,25.5,88.87
2020,6,1,2,30,0,0,3.3000000000000003,25.5,88.87
2020,6,1,2,45,0,0,3.3000000000000003,25.5,88.63
2020,6,1,3,0,0,0,3.3000000000000003,25.5,88.63
2020,6,1,3,15,0,0,3.2,25.5,88.63
2020,6,1,3,30,0,0,3.2,25.5,88.63
2020,6,1,3,45,0,0,3.2,25.5,88.64
2020,6,1,4,0,0,0,3.2,25.5,88.73
2020,6,1,4,15,0,0,3.2,25.5,88.73
2020,6,1,4,30,0,0,3.2,25.5,88.73
2020,6,1,4,45,0,0,3.2,25.5,88.68
2020,6,1,5,0,0,0,3.1,25.5,88.68
2020,6,1,5,15,0,0,3.1,25.6,88.16
2020,6,1,5,30,0,0,3.2,25.700000000000003,87.64
2020,6,1,5,45,0,0,3.2,25.8,87.25
2020,6,1,6,0,17,45,3.2,25.900000000000002,86.74
2020,6,1,6,15,50,168,3.2,26.1,85.72
2020,6,1,6,30,93,287,3.3000000000000003,26.200000000000003,85.31
2020,6,1,6,45,142,383,3.3000000000000003,26.400000000000002,82.81
2020,6,1,7,0,195,462,3.4000000000000004,26.6,81.85000000000001
2020,6,1,7,15,251,526,3.4000000000000004,26.700000000000003,81.37
2020,6,1,7,30,307,577,3.4000000000000004,26.900000000000002,80.42
2020,6,1,7,45,143,5,3.4000000000000004,27.1,77.24
2020,6,1,8,0,67,0,3.5,27.3,76.34
2020,6,1,8,15,167,4,3.5,27.5,75.45
2020,6,1,8,30,165,2,3.5,27.700000000000003,74.58
2020,6,1,8,45,128,0,3.5,27.900000000000002,72
2020,6,1,9,0,635,754,3.5,28.1,71.17
2020,6,1,9,15,365,67,3.5,28.200000000000003,70.76
2020,6,1,9,30,730,787,3.6,28.400000000000002,69.95
2020,6,1,9,45,770,793,3.6,28.5,68.58
2020,6,1,10,0,457,83,3.6,28.700000000000003,67.79
2020,6,1,10,15,322,20,3.6,28.8,67.4
2020,6,1,10,30,453,57,3.6,28.900000000000002,67.01
2020,6,1,10,45,431,41,3.6,29,66.53
2020,6,1,11,0,934,832,3.6,29.1,66.15
2020,6,1,11,15,955,837,3.6,29.200000000000003,65.77
2020,6,1,11,30,972,841,3.6,29.3,65.39
2020,6,1,11,45,984,837,3.6,29.400000000000002,65.11
2020,6,1,12,0,992,839,3.6,29.5,64.74
2020,6,1,12,15,996,840,3.5,29.5,64.74
2020,6,1,12,30,997,841,3.5,29.5,64.67
2020,6,1,12,45,991,833,3.5,29.5,64.92
2020,6,1,13,0,982,831,3.4000000000000004,29.5,64.92
2020,6,1,13,15,969,828,3.4000000000000004,29.400000000000002,65.29
2020,6,1,13,30,507,63,3.4000000000000004,29.400000000000002,65.29
2020,6,1,13,45,650,190,3.3000000000000003,29.3,65.93
2020,6,1,14,0,665,232,3.3000000000000003,29.3,65.93
2020,6,1,14,15,874,802,3.3000000000000003,29.200000000000003,66.24
2020,6,1,14,30,575,175,3.3000000000000003,29.1,66.62
2020,6,1,14,45,802,778,3.3000000000000003,29.1,67
2020,6,1,15,0,762,765,3.3000000000000003,29,67.38
2020,6,1,15,15,496,182,3.3000000000000003,28.900000000000002,67.77
2020,6,1,15,30,673,736,3.2,28.8,68.16
2020,6,1,15,45,623,713,3.2,28.700000000000003,69.11
2020,6,1,16,0,572,691,3.2,28.700000000000003,69.11
2020,6,1,16,15,519,666,3.2,28.6,69.51
2020,6,1,16,30,464,636,3.2,28.5,69.91
2020,6,1,16,45,408,601,3.2,28.3,71.31
2020,6,1,17,0,352,561,3.2,28.200000000000003,71.73
2020,6,1,17,15,296,515,3.1,28.1,72.15
2020,6,1,17,30,226,427,3.1,27.900000000000002,72.99
2020,6,1,17,45,91,11,3,27.700000000000003,75.28
2020,6,1,18,0,16,0,3,27.6,75.72
2020,6,1,18,15,63,90,3,27.400000000000002,76.68
2020,6,1,18,30,44,112,2.9000000000000004,27.200000000000003,77.58
2020,6,1,18,45,10,0,2.9000000000000004,27,80.65
2020,6,1,19,0,0,0,2.9000000000000004,26.8,81.59
2020,6,1,19,15,0,0,2.9000000000000004,26.8,81.59
2020,6,1,19,30,0,0,2.9000000000000004,26.8,81.59
2020,6,1,19,45,0,0,2.9000000000000004,26.8,81.59
2020,6,1,20,0,0,0,3,26.6,83.35000000000001
2020,6,1,20,15,0,0,3,26.6,83.43
2020,6,1,20,30,0,0,3,26.6,83.43
2020,6,1,20,45,0,0,3,26.5,84.15
2020,6,1,21,0,0,0,3,26.5,84.15
2020,6,1,21,15,0,0,3,26.400000000000002,84.64
2020,6,1,21,30,0,0,3,26.400000000000002,84.64
2020,6,1,21,45,0,0,3.1,26.400000000000002,84.73
2020,6,1,22,0,0,0,3.1,26.3,85.23
2020,6,1,22,15,0,0,3,26.3,85.23
2020,6,1,22,30,0,0,3,26.200000000000003,85.74
2020,6,1,22,45,0,0,3,26.200000000000003,85.79
2020,6,1,23,0,0,0,3,26.1,86.3
2020,6,1,23,15,0,0,3,26,86.81
2020,6,1,23,30,0,0,2.9000000000000004,26,86.72
2020,6,1,23,45,0,0,2.9000000000000004,25.900000000000002,86.92
2020,6,2,0,0,0,0,2.9000000000000004,25.900000000000002,86.92
2020,6,2,0,15,0,0,2.8000000000000003,25.8,87.43
2020,6,2,0,30,0,0,2.8000000000000003,25.8,87.43
2020,6,2,0,45,0,0,2.8000000000000003,25.700000000000003,87.49
2020,6,2,1,0,0,0,2.7,25.700000000000003,87.4
2020,6,2,1,15,0,0,2.7,25.6,87.92
2020,6,2,1,30,0,0,2.7,25.6,87.92
2020,6,2,1,45,0,0,2.7,25.6,87.41
2020,6,2,2,0,0,0,2.7,25.5,87.93
2020,6,2,2,15,0,0,2.7,25.5,87.93
2020,6,2,2,30,0,0,2.7,25.5,87.93
2020,6,2,2,45,0,0,2.7,25.5,87.09
2020,6,2,3,0,0,0,2.7,25.5,87.09
2020,6,2,3,15,0,0,2.7,25.5,87.09
2020,6,2,3,30,0,0,2.7,25.400000000000002,87.60000000000001
2020,6,2,3,45,0,0,2.7,25.400000000000002,86.86
2020,6,2,4,0,0,0,2.7,25.400000000000002,86.86
2020,6,2,4,15,0,0,2.7,25.400000000000002,86.86
2020,6,2,4,30,0,0,2.7,25.400000000000002,86.95
2020,6,2,4,45,0,0,2.7,25.400000000000002,86.36
2020,6,2,5,0,0,0,2.7,25.400000000000002,86.36
2020,6,2,5,15,0,0,2.8000000000000003,25.5,85.85000000000001
2020,6,2,5,30,0,0,2.8000000000000003,25.6,85.35000000000001
2020,6,2,5,45,0,0,2.9000000000000004,25.8,84.71000000000001
2020,6,2,6,0,11,0,2.9000000000000004,25.900000000000002,84.21000000000001
2020,6,2,6,15,51,195,3,26.1,83.23
2020,6,2,6,30,71,129,3.1,26.3,82.25
2020,6,2,6,45,81,38,3.2,26.5,79.99
2020,6,2,7,0,141,164,3.3000000000000003,26.8,78.59
2020,6,2,7,15,175,162,3.4000000000000004,26.900000000000002,78.13
2020,6,2,7,30,140,19,3.4000000000000004,27.1,77.22
2020,6,2,7,45,229,121,3.5,27.3,74.84
2020,6,2,8,0,255,109,3.5,27.5,73.97
2020,6,2,8,15,332,193,3.6,27.700000000000003,73.11
2020,6,2,8,30,540,745,3.6,27.900000000000002,72.27
2020,6,2,8,45,593,767,3.7,28,71.38
2020,6,2,9,0,645,786,3.7,28.200000000000003,70.56
2020,6,2,9,15,694,803,3.7,28.3,70.15
2020,6,2,9,30,741,817,3.7,28.5,69.35000000000001
2020,6,2,9,45,784,828,3.8000000000000003,28.6,68.59
2020,6,2,10,0,823,837,3.8000000000000003,28.8,67.8
2020,6,2,10,15,860,847,3.8000000000000003,28.900000000000002,67.41
2020,6,2,10,30,893,855,3.8000000000000003,29,67.03
2020,6,2,10,45,923,862,3.8000000000000003,29.1,66.6
2020,6,2,11,0,948,868,3.8000000000000003,29.200000000000003,66.22
2020,6,2,11,15,970,873,3.8000000000000003,29.200000000000003,66.22
2020,6,2,11,30,988,876,3.9000000000000004,29.3,65.77
2020,6,2,11,45,607,114,3.9000000000000004,29.400000000000002,65.72
2020,6,2,12,0,1007,878,3.9000000000000004,29.400000000000002,65.72
2020,6,2,12,15,699,190,3.9000000000000004,29.5,65.35
2020,6,2,12,30,1011,879,3.9000000000000004,29.5,65.35
2020,6,2,12,45,1006,874,3.9000000000000004,29.5,65.94
2020,6,2,13,0,997,872,3.9000000000000004,29.5,65.94
2020,6,2,13,15,982,868,3.9000000000000004,29.5,65.94
2020,6,2,13,30,965,864,3.9000000000000004,29.400000000000002,66.25
2020,6,2,13,45,945,867,3.9000000000000004,29.400000000000002,67.06
2020,6,2,14,0,919,861,3.9000000000000004,29.400000000000002,67.06
2020,6,2,14,15,889,854,3.9000000000000004,29.3,67.44
2020,6,2,14,30,855,846,3.9000000000000004,29.3,67.44
2020,6,2,14,45,818,834,3.9000000000000004,29.200000000000003,68.69
2020,6,2,15,0,776,822,3.9000000000000004,29.200000000000003,68.69
2020,6,2,15,15,733,809,3.9000000000000004,29.1,69.01
2020,6,2,15,30,686,795,3.9000000000000004,29,69.41
2020,6,2,15,45,637,777,4,28.900000000000002,70.86
2020,6,2,16,0,586,758,4,28.8,71.27
2020,6,2,16,15,532,735,4,28.6,72.10000000000001
2020,6,2,16,30,477,709,4.1000000000000005,28.5,72.52
2020,6,2,16,45,325,289,4.1000000000000005,28.3,74.49
2020,6,2,17,0,52,0,4.1000000000000005,28.200000000000003,74.92
2020,6,2,17,15,90,0,4.1000000000000005,28,75.8
2020,6,2,17,30,15,0,4.1000000000000005,27.900000000000002,76.24
2020,6,2,17,45,13,0,4.1000000000000005,27.700000000000003,78.87
2020,6,2,18,0,97,119,4.1000000000000005,27.5,79.79
2020,6,2,18,15,46,0,4.1000000000000005,27.400000000000002,80.26
2020,6,2,18,30,30,12,4.1000000000000005,27.200000000000003,81.2
2020,6,2,18,45,9,0,4.1000000000000005,27.1,83.75
2020,6,2,19,0,0,0,4.1000000000000005,27,84.24
2020,6,2,19,15,0,0,4.1000000000000005,27,84.24
2020,6,2,19,30,0,0,4.1000000000000005,27,84.24
2020,6,2,19,45,0,0,4.1000000000000005,27,84.24
2020,6,2,20,0,0,0,4.1000000000000005,26.8,86.01
2020,6,2,20,15,0,0,4.1000000000000005,26.700000000000003,86.52
2020,6,2,20,30,0,0,4.1000000000000005,26.700000000000003,86.52
2020,6,2,20,45,0,0,4.1000000000000005,26.6,87.02
2020,6,2,21,0,0,0,4.1000000000000005,26.6,87.02
2020,6,2,21,15,0,0,4.1000000000000005,26.6,87.02
2020,6,2,21,30,0,0,4.1000000000000005,26.5,87.53
2020,6,2,21,45,0,0,4.1000000000000005,26.5,87.32000000000001
2020,6,2,22,0,0,0,4.1000000000000005,26.5,87.32000000000001
2020,6,2,22,15,0,0,4.1000000000000005,26.5,87.32000000000001
2020,6,2,22,30,0,0,4.1000000000000005,26.400000000000002,87.84
2020,6,2,22,45,0,0,4.1000000000000005,26.400000000000002,87.47
2020,6,2,23,0,0,0,4.1000000000000005,26.400000000000002,87.47
2020,6,2,23,15,0,0,4,26.3,87.98
2020,6,2,23,30,0,0,4,26.3,87.98
2020,6,2,23,45,0,0,3.9000000000000004,26.200000000000003,87.89
2020,6,3,0,0,0,0,3.9000000000000004,26.200000000000003,87.89
2020,6,3,0,15,0,0,3.8000000000000003,26.1,88.41
2020,6,3,0,30,0,0,3.8000000000000003,26.1,88.41
2020,6,3,0,45,0,0,3.7,26,88.23
2020,6,3,1,0,0,0,3.7,26,88.23
2020,6,3,1,15,0,0,3.6,25.900000000000002,88.75
2020,6,3,1,30,0,0,3.6,25.900000000000002,88.75
2020,6,3,1,45,0,0,3.5,25.900000000000002,88.19
2020,6,3,2,0,0,0,3.5,25.8,88.71000000000001
2020,6,3,2,15,0,0,3.5,25.8,88.71000000000001
2020,6,3,2,30,0,0,3.5,25.8,88.71000000000001
2020,6,3,2,45,0,0,3.4000000000000004,25.8,87.92
2020,6,3,3,0,0,0,3.4000000000000004,25.8,87.92
2020,6,3,3,15,0,0,3.4000000000000004,25.700000000000003,88.44
2020,6,3,3,30,0,0,3.4000000000000004,25.700000000000003,88.44
2020,6,3,3,45,0,0,3.4000000000000004,25.700000000000003,87.84
2020,6,3,4,0,0,0,3.4000000000000004,25.700000000000003,87.84
2020,6,3,4,15,0,0,3.4000000000000004,25.700000000000003,87.84
2020,6,3,4,30,0,0,3.4000000000000004,25.700000000000003,87.84
2020,6,3,4,45,0,0,3.4000000000000004,25.700000000000003,87.25
2020,6,3,5,0,0,0,3.4000000000000004,25.6,87.77
2020,6,3,5,15,0,0,3.4000000000000004,25.8,86.83
2020,6,3,5,30,0,0,3.5,25.900000000000002,86.32000000000001
2020,6,3,5,45,0,0,3.5,26,85.83
2020,6,3,6,0,19,80,3.5,26.1,85.32000000000001
2020,6,3,6,15,32,14,3.6,26.3,84.32000000000001
2020,6,3,6,30,71,133,3.7,26.5,83.34
2020,6,3,6,45,111,190,3.8000000000000003,26.700000000000003,81.4
2020,6,3,7,0,143,177,3.9000000000000004,26.900000000000002,80.53
2020,6,3,7,15,188,218,4,27.1,79.60000000000001
2020,6,3,7,30,224,210,4,27.3,78.67
2020,6,3,7,45,280,265,4.1000000000000005,27.5,76.39
2020,6,3,8,0,240,84,4.2,27.700000000000003,75.51
2020,6,3,8,15,326,181,4.2,27.900000000000002,74.63
2020,6,3,8,30,318,107,4.3,28.1,73.77
2020,6,3,8,45,594,781,4.3,28.200000000000003,72.58
2020,6,3,9,0,399,131,4.4,28.400000000000002,71.74
2020,6,3,9,15,555,350,4.4,28.5,71.33
2020,6,3,9,30,741,831,4.5,28.700000000000003,70.51
2020,6,3,9,45,784,838,4.5,28.8,69.55
2020,6,3,10,0,824,848,4.6000000000000005,29,68.75
2020,6,3,10,15,862,859,4.6000000000000005,29.1,68.35000000000001
2020,6,3,10,30,896,867,4.6000000000000005,29.200000000000003,67.96000000000001
2020,6,3,10,45,927,879,4.6000000000000005,29.3,67.04
2020,6,3,11,0,952,884,4.7,29.400000000000002,66.58
2020,6,3,11,15,975,890,4.7,29.5,66.2
2020,6,3,11,30,993,894,4.7,29.5,66.2
2020,6,3,11,45,1006,896,4.7,29.6,64.97
2020,6,3,12,0,1014,898,4.7,29.700000000000003,64.6
2020,6,3,12,15,1020,900,4.7,29.700000000000003,64.6
2020,6,3,12,30,1020,900,4.7,29.700000000000003,64.54
2020,6,3,12,45,1015,899,4.7,29.8,63.06
2020,6,3,13,0,1006,897,4.7,29.8,63.06
2020,6,3,13,15,993,894,4.7,29.8,63.06
2020,6,3,13,30,975,891,4.7,29.8,63.06
2020,6,3,13,45,954,883,4.7,29.8,62.42
2020,6,3,14,0,589,143,4.7,29.700000000000003,62.72
2020,6,3,14,15,898,871,4.7,29.700000000000003,62.72
2020,6,3,14,30,864,863,4.7,29.6,63.08
2020,6,3,14,45,827,853,4.7,29.5,63.68
2020,6,3,15,0,786,842,4.800000000000001,29.5,63.68
2020,6,3,15,15,743,830,4.800000000000001,29.400000000000002,64.05
2020,6,3,15,30,303,32,4.800000000000001,29.200000000000003,64.79
2020,6,3,15,45,646,798,4.9,29.1,66.31
2020,6,3,16,0,594,779,4.9,29,66.69
2020,6,3,16,15,540,757,4.9,28.900000000000002,67.08
2020,6,3,16,30,484,730,4.9,28.700000000000003,67.85
2020,6,3,16,45,427,697,5,28.6,69.88
2020,6,3,17,0,369,661,5,28.400000000000002,70.69
2020,6,3,17,15,312,619,5,28.200000000000003,71.52
2020,6,3,17,30,70,0,5,28,72.35000000000001
2020,6,3,17,45,197,495,4.9,27.8,75.21000000000001
2020,6,3,18,0,143,415,4.9,27.6,76.17
2020,6,3,18,15,93,315,4.9,27.5,76.62
2020,6,3,18,30,50,189,4.800000000000001,27.3,77.51
2020,6,3,18,45,17,51,4.800000000000001,27.200000000000003,80.38
2020,6,3,19,0,0,0,4.7,27,81.33
2020,6,3,19,15,0,0,4.7,27,81.33
2020,6,3,19,30,0,0,4.7,27,81.33
2020,6,3,19,45,0,0,4.7,27,81.33
2020,6,3,20,0,0,0,4.7,26.8,83.73
2020,6,3,20,15,0,0,4.7,26.700000000000003,84.22
2020,6,3,20,30,0,0,4.7,26.700000000000003,84.22
2020,6,3,20,45,0,0,4.7,26.6,84.83
2020,6,3,21,0,0,0,4.7,26.6,84.83
2020,6,3,21,15,0,0,4.7,26.6,84.83
2020,6,3,21,30,0,0,4.7,26.5,85.33
2020,6,3,21,45,0,0,4.6000000000000005,26.5,85.19
2020,6,3,22,0,0,0,4.6000000000000005,26.5,85.19
2020,6,3,22,15,0,0,4.6000000000000005,26.400000000000002,85.69
2020,6,3,22,30,0,0,4.6000000000000005,26.400000000000002,85.69
2020,6,3,22,45,0,0,4.5,26.400000000000002,85.55
2020,6,3,23,0,0,0,4.5,26.3,86.05
2020,6,3,23,15,0,0,4.5,26.3,86.05
2020,6,3,23,30,0,0,4.5,26.3,86.05
2020,6,3,23,45,0,0,4.4,26.3,85.7
2020,6,4,0,0,0,0,4.4,26.3,85.7
2020,6,4,0,15,0,0,4.4,26.200000000000003,86.21000000000001
2020,6,4,0,30,0,0,4.4,26.200000000000003,86.21000000000001
2020,6,4,0,45,0,0,4.3,26.1,85.99
2020,6,4,1,0,0,0,4.3,26.1,85.99
2020,6,4,1,15,0,0,4.3,26.1,85.99
2020,6,4,1,30,0,0,4.3,26.1,85.99
2020,6,4,1,45,0,0,4.3,26.1,85.26
2020,6,4,2,0,0,0,4.3,26.1,85.26
2020,6,4,2,15,0,0,4.3,26.1,85.26
2020,6,4,2,30,0,0,4.3,26.1,85.26
2020,6,4,2,45,0,0,4.3,26.1,84.12
2020,6,4,3,0,0,0,4.4,26.1,84.12
2020,6,4,3,15,0,0,4.4,26.1,84.12
2020,6,4,3,30,0,0,4.3,26.1,84.12
2020,6,4,3,45,0,0,4.3,26,84.24
2020,6,4,4,0,0,0,4.3,26,84.24
2020,6,4,4,15,0,0,4.3,26,84.24
2020,6,4,4,30,0,0,4.3,26,84.33
2020,6,4,4,45,0,0,4.3,26,84.14
2020,6,4,5,0,0,0,4.3,26,84.14
2020,6,4,5,15,0,0,4.3,26.1,83.65
2020,6,4,5,30,0,0,4.4,26.200000000000003,83.16
2020,6,4,5,45,0,0,4.4,26.3,82.42
2020,6,4,6,0,17,36,4.5,26.400000000000002,81.94
2020,6,4,6,15,50,153,4.6000000000000005,26.5,81.46000000000001
2020,6,4,6,30,93,273,4.7,26.700000000000003,80.59
2020,6,4,6,45,141,359,4.800000000000001,26.900000000000002,78.49
2020,6,4,7,0,194,440,4.800000000000001,27,78.03
2020,6,4,7,15,250,506,4.9,27.200000000000003,77.12
2020,6,4,7,30,306,561,5,27.400000000000002,76.23
2020,6,4,7,45,362,597,5.1000000000000005,27.5,74.21000000000001
2020,6,4,8,0,419,636,5.1000000000000005,27.700000000000003,73.35000000000001
2020,6,4,8,15,475,669,5.2,27.900000000000002,72.51
2020,6,4,8,30,530,697,5.2,28,72.09
2020,6,4,8,45,583,718,5.2,28.200000000000003,69.9
2020,6,4,9,0,635,741,5.300000000000001,28.400000000000002,69.09
2020,6,4,9,15,684,759,5.300000000000001,28.5,68.69
2020,6,4,9,30,731,775,5.300000000000001,28.700000000000003,67.91
2020,6,4,9,45,774,789,5.300000000000001,28.900000000000002,66.37
2020,6,4,10,0,815,801,5.300000000000001,29,65.99
2020,6,4,10,15,852,811,5.4,29.1,65.61
2020,6,4,10,30,885,820,5.4,29.3,64.86
2020,6,4,10,45,924,865,5.4,29.400000000000002,64.22
2020,6,4,11,0,951,873,5.4,29.5,63.85
2020,6,4,11,15,973,877,5.4,29.6,63.49
2020,6,4,11,30,627,138,5.5,29.6,63.49
2020,6,4,11,45,1004,884,5.5,29.700000000000003,63.230000000000004
2020,6,4,12,0,1012,885,5.5,29.8,62.870000000000005
2020,6,4,12,15,1017,886,5.6000000000000005,29.8,62.870000000000005
2020,6,4,12,30,1017,886,5.6000000000000005,29.8,62.870000000000005
2020,6,4,12,45,1011,881,5.6000000000000005,29.900000000000002,62.690000000000005
2020,6,4,13,0,1002,879,5.6000000000000005,29.900000000000002,62.690000000000005
2020,6,4,13,15,989,876,5.7,29.900000000000002,62.690000000000005
2020,6,4,13,30,971,872,5.7,29.900000000000002,62.690000000000005
2020,6,4,13,45,948,863,5.7,29.900000000000002,62.89
2020,6,4,14,0,921,856,5.7,29.8,63.26
2020,6,4,14,15,891,849,5.7,29.8,63.26
2020,6,4,14,30,857,841,5.7,29.700000000000003,63.620000000000005
2020,6,4,14,45,819,825,5.7,29.6,64.27
2020,6,4,15,0,778,814,5.7,29.5,64.64
2020,6,4,15,15,735,801,5.7,29.5,64.64
2020,6,4,15,30,688,785,5.6000000000000005,29.400000000000002,65.01
2020,6,4,15,45,639,766,5.6000000000000005,29.3,65.51
2020,6,4,16,0,587,746,5.6000000000000005,29.200000000000003,65.89
2020,6,4,16,15,534,722,5.6000000000000005,29.1,66.27
2020,6,4,16,30,478,694,5.6000000000000005,28.900000000000002,67.04
2020,6,4,16,45,421,658,5.6000000000000005,28.8,67.4
2020,6,4,17,0,364,620,5.5,28.700000000000003,67.79
2020,6,4,17,15,306,575,5.5,28.5,68.58
2020,6,4,17,30,249,521,5.4,28.3,69.37
2020,6,4,17,45,194,457,5.300000000000001,28.1,70.93
2020,6,4,18,0,141,376,5.2,28,71.34
2020,6,4,18,15,91,275,5.1000000000000005,27.8,72.18
2020,6,4,18,30,48,153,5,27.6,73.02
2020,6,4,18,45,17,36,4.9,27.5,75.48
2020,6,4,19,0,0,0,4.7,27.3,76.37
2020,6,4,19,15,0,0,4.7,27.3,76.37
2020,6,4,19,30,0,0,4.7,27.3,76.37
2020,6,4,19,45,0,0,4.7,27.3,76.37
2020,6,4,20,0,0,0,4.7,27,79.15
2020,6,4,20,15,0,0,4.7,27,79.15
2020,6,4,20,30,0,0,4.7,26.900000000000002,79.69
2020,6,4,20,45,0,0,4.7,26.900000000000002,80.45
2020,6,4,21,0,0,0,4.7,26.8,80.92
2020,6,4,21,15,0,0,4.7,26.8,80.92
2020,6,4,21,30,0,0,4.6000000000000005,26.700000000000003,81.4
2020,6,4,21,45,0,0,4.6000000000000005,26.700000000000003,81.89
2020,6,4,22,0,0,0,4.6000000000000005,26.700000000000003,81.89
2020,6,4,22,15,0,0,4.6000000000000005,26.6,82.37
2020,6,4,22,30,0,0,4.6000000000000005,26.6,82.37
2020,6,4,22,45,0,0,4.5,26.5,83.17
2020,6,4,23,0,0,0,4.5,26.5,83.17
2020,6,4,23,15,0,0,4.4,26.400000000000002,83.66
2020,6,4,23,30,0,0,4.3,26.400000000000002,83.66
2020,6,4,23,45,0,0,4.3,26.3,84.26
2020,6,5,0,0,0,0,4.2,26.3,84.26
2020,6,5,0,15,0,0,4.2,26.200000000000003,84.76
2020,6,5,0,30,0,0,4.2,26.200000000000003,84.76
2020,6,5,0,45,0,0,4.1000000000000005,26.1,85.02
2020,6,5,1,0,0,0,4.1000000000000005,26.1,85.02
2020,6,5,1,15,0,0,4.1000000000000005,26.1,85.02
2020,6,5,1,30,0,0,4.1000000000000005,26,85.52
2020,6,5,1,45,0,0,4.1000000000000005,26,85.13
2020,6,5,2,0,0,0,4.1000000000000005,26,85.04
2020,6,5,2,15,0,0,4.1000000000000005,25.900000000000002,85.55
2020,6,5,2,30,0,0,4.1000000000000005,25.900000000000002,85.55
2020,6,5,2,45,0,0,4.1000000000000005,25.900000000000002,85.23
2020,6,5,3,0,0,0,4.1000000000000005,25.900000000000002,85.23
2020,6,5,3,15,0,0,4.1000000000000005,25.8,85.74
2020,6,5,3,30,0,0,4.1000000000000005,25.8,85.82000000000001
2020,6,5,3,45,0,0,4.1000000000000005,25.8,85.55
2020,6,5,4,0,0,0,4.1000000000000005,25.8,85.55
2020,6,5,4,15,0,0,4.1000000000000005,25.8,85.55
2020,6,5,4,30,0,0,4.1000000000000005,25.8,85.55
2020,6,5,4,45,0,0,4.1000000000000005,25.8,85.62
2020,6,5,5,0,0,0,4.1000000000000005,25.8,85.62
2020,6,5,5,15,0,0,4.2,25.900000000000002,85.12
2020,6,5,5,30,0,0,4.3,26,84.62
2020,6,5,5,45,0,0,4.4,26.1,84.51
2020,6,5,6,0,18,49,4.5,26.3,83.52
2020,6,5,6,15,51,181,4.7,26.5,82.54
2020,6,5,6,30,95,305,4.9,26.700000000000003,81.58
2020,6,5,6,45,144,396,5.1000000000000005,26.900000000000002,78.44
2020,6,5,7,0,198,476,5.300000000000001,27.1,77.53
2020,6,5,7,15,254,541,5.4,27.3,76.63
2020,6,5,7,30,311,594,5.5,27.5,75.74
2020,6,5,7,45,367,626,5.6000000000000005,27.700000000000003,73.5
2020,6,5,8,0,424,664,5.7,27.8,73.07000000000001
2020,6,5,8,15,115,0,5.7,28,72.23
2020,6,5,8,30,536,722,5.800000000000001,28.1,71.81
2020,6,5,8,45,587,737,5.800000000000001,28.3,70.60000000000001
2020,6,5,9,0,639,758,5.800000000000001,28.400000000000002,70.19
2020,6,5,9,15,688,776,5.9,28.5,69.78
2020,6,5,9,30,735,791,5.9,28.6,69.38
2020,6,5,9,45,776,795,5.9,28.700000000000003,69.05
2020,6,5,10,0,817,807,6,28.900000000000002,68.26
2020,6,5,10,15,854,817,6,28.900000000000002,68.26
2020,6,5,10,30,887,826,6,29,67.87
2020,6,5,10,45,927,876,6,29.1,67.42
2020,6,5,11,0,953,882,6.1000000000000005,29.200000000000003,67.03
2020,6,5,11,15,975,887,6,29.200000000000003,66.97
2020,6,5,11,30,992,890,6,29.3,66.58
2020,6,5,11,45,682,184,6,29.3,66.72
2020,6,5,12,0,544,71,6,29.400000000000002,66.34
2020,6,5,12,15,1018,891,5.9,29.400000000000002,66.34
2020,6,5,12,30,620,118,5.9,29.400000000000002,66.34
2020,6,5,12,45,537,68,5.9,29.400000000000002,66.65
2020,6,5,13,0,1001,882,5.800000000000001,29.400000000000002,66.65
2020,6,5,13,15,988,879,5.800000000000001,29.400000000000002,66.65
2020,6,5,13,30,971,875,5.7,29.400000000000002,66.65
2020,6,5,13,45,947,861,5.7,29.3,67.47
2020,6,5,14,0,921,855,5.7,29.3,67.47
2020,6,5,14,15,890,847,5.6000000000000005,29.200000000000003,67.86
2020,6,5,14,30,856,838,5.6000000000000005,29.1,68.18
2020,6,5,14,45,819,828,5.5,29.1,68.74
2020,6,5,15,0,779,817,5.5,29,69.13
2020,6,5,15,15,735,804,5.4,28.900000000000002,69.53
2020,6,5,15,30,688,788,5.4,28.8,69.93
2020,6,5,15,45,638,769,5.4,28.700000000000003,71.06
2020,6,5,16,0,587,749,5.300000000000001,28.6,71.47
2020,6,5,16,15,534,726,5.300000000000001,28.5,71.88
2020,6,5,16,30,479,699,5.300000000000001,28.400000000000002,72.3
2020,6,5,16,45,423,671,5.300000000000001,28.200000000000003,73.65
2020,6,5,17,0,366,633,5.2,28.1,74.08
2020,6,5,17,15,308,589,5.2,28,74.59
2020,6,5,17,30,251,536,5.1000000000000005,27.8,75.46000000000001
2020,6,5,17,45,197,483,5,27.6,76.88
2020,6,5,18,0,143,403,5,27.5,77.33
2020,6,5,18,15,94,303,4.9,27.3,78.24
2020,6,5,18,30,50,179,4.800000000000001,27.200000000000003,78.7
2020,6,5,18,45,19,59,4.7,27.1,80.36
2020,6,5,19,0,0,0,4.6000000000000005,26.900000000000002,81.31
2020,6,5,19,15,0,0,4.6000000000000005,26.900000000000002,81.31
2020,6,5,19,30,0,0,4.6000000000000005,26.900000000000002,81.31
2020,6,5,19,45,0,0,4.6000000000000005,26.900000000000002,81.31
2020,6,5,20,0,0,0,4.5,26.6,83.67
2020,6,5,20,15,0,0,4.5,26.5,84.16
2020,6,5,20,30,0,0,4.5,26.400000000000002,84.66
2020,6,5,20,45,0,0,4.5,26.3,85.73
2020,6,5,21,0,0,0,4.5,26.3,85.73
2020,6,5,21,15,0,0,4.5,26.200000000000003,86.23
2020,6,5,21,30,0,0,4.5,26.1,86.74
2020,6,5,21,45,0,0,4.5,26.1,86.92
2020,6,5,22,0,0,0,4.5,26,87.43
2020,6,5,22,15,0,0,4.5,26,87.34
2020,6,5,22,30,0,0,4.4,26,87.34
2020,6,5,22,45,0,0,4.4,25.900000000000002,87.58
2020,6,5,23,0,0,0,4.4,25.900000000000002,87.58
2020,6,5,23,15,0,0,4.3,25.8,88.10000000000001
2020,6,5,23,30,0,0,4.3,25.8,88.10000000000001
2020,6,5,23,45,0,0,4.3,25.700000000000003,88.3
2020,6,6,0,0,0,0,4.2,25.700000000000003,88.21000000000001
2020,6,6,0,15,0,0,4.2,25.700000000000003,88.21000000000001
2020,6,6,0,30,0,0,4.1000000000000005,25.6,88.74
2020,6,6,0,45,0,0,4.1000000000000005,25.6,87.81
2020,6,6,1,0,0,0,4.1000000000000005,25.6,87.81
2020,6,6,1,15,0,0,4,25.5,88.33
2020,6,6,1,30,0,0,4,25.5,88.33
2020,6,6,1,45,0,0,4,25.5,87.58
2020,6,6,2,0,0,0,4,25.5,87.58
2020,6,6,2,15,0,0,4,25.5,87.58
2020,6,6,2,30,0,0,4,25.5,87.58
2020,6,6,2,45,0,0,4,25.5,86.99
2020,6,6,3,0,0,0,4.1000000000000005,25.400000000000002,87.51
2020,6,6,3,15,0,0,4.1000000000000005,25.400000000000002,87.51
2020,6,6,3,30,0,0,4.1000000000000005,25.400000000000002,87.51
2020,6,6,3,45,0,0,4.1000000000000005,25.400000000000002,87.08
2020,6,6,4,0,0,0,4.1000000000000005,25.400000000000002,87.08
2020,6,6,4,15,0,0,4.1000000000000005,25.400000000000002,87.08
2020,6,6,4,30,0,0,4.1000000000000005,25.400000000000002,87.08
2020,6,6,4,45,0,0,4.1000000000000005,25.400000000000002,87.55
2020,6,6,5,0,0,0,4.1000000000000005,25.400000000000002,87.55
2020,6,6,5,15,0,0,4.2,25.400000000000002,87.55
2020,6,6,5,30,0,0,4.3,25.5,87.03
2020,6,6,5,45,0,0,4.3,25.6,87.11
2020,6,6,6,0,19,78,4.4,25.700000000000003,86.68
2020,6,6,6,15,53,229,4.5,25.8,86.17
2020,6,6,6,30,97,355,4.6000000000000005,26,85.16
2020,6,6,6,45,148,456,4.7,26.1,84.10000000000001
2020,6,6,7,0,202,532,4.800000000000001,26.3,83.12
2020,6,6,7,15,258,593,4.9,26.5,82.15
2020,6,6,7,30,316,643,4.9,26.700000000000003,81.19
2020,6,6,7,45,373,682,5,26.900000000000002,78.89
2020,6,6,8,0,429,714,5.1000000000000005,27.1,77.97
2020,6,6,8,15,486,743,5.1000000000000005,27.3,77.07000000000001
2020,6,6,8,30,541,767,5.1000000000000005,27.5,76.17
2020,6,6,8,45,593,784,5.1000000000000005,27.700000000000003,74.74
2020,6,6,9,0,645,803,5.1000000000000005,27.900000000000002,73.88
2020,6,6,9,15,692,817,5.1000000000000005,28,73.45
2020,6,6,9,30,739,831,5.2,28.1,73.03
2020,6,6,9,45,782,841,5.2,28.3,72.06
2020,6,6,10,0,822,852,5.2,28.400000000000002,71.64
2020,6,6,10,15,859,861,5.2,28.5,71.23
2020,6,6,10,30,892,869,5.2,28.6,70.82000000000001
2020,6,6,10,45,918,861,5.300000000000001,28.700000000000003,70.36
2020,6,6,11,0,944,867,5.300000000000001,28.8,69.95
2020,6,6,11,15,965,871,5.300000000000001,28.900000000000002,69.55
2020,6,6,11,30,983,875,5.300000000000001,28.900000000000002,69.55
2020,6,6,11,45,747,264,5.4,29,69
2020,6,6,12,0,1005,880,5.4,29.1,68.61
2020,6,6,12,15,1009,881,5.4,29.1,68.61
2020,6,6,12,30,1009,881,5.4,29.1,68.61
2020,6,6,12,45,1007,883,5.4,29.1,68.55
2020,6,6,13,0,998,881,5.4,29.200000000000003,68.16
2020,6,6,13,15,609,123,5.4,29.1,68.48
2020,6,6,13,30,967,875,5.4,29.1,68.48
2020,6,6,13,45,946,871,5.300000000000001,29.1,68.4
2020,6,6,14,0,920,865,5.300000000000001,29.1,68.4
2020,6,6,14,15,892,859,5.300000000000001,29,68.79
2020,6,6,14,30,288,16,5.300000000000001,29,68.79
2020,6,6,14,45,821,838,5.2,28.900000000000002,69.18
2020,6,6,15,0,781,827,5.2,28.8,69.58
2020,6,6,15,15,435,106,5.2,28.700000000000003,69.98
2020,6,6,15,30,239,13,5.2,28.6,70.39
2020,6,6,15,45,367,94,5.2,28.5,70.86
2020,6,6,16,0,590,760,5.2,28.400000000000002,71.27
2020,6,6,16,15,308,94,5.1000000000000005,28.3,71.68
2020,6,6,16,30,482,711,5.1000000000000005,28.1,72.52
2020,6,6,16,45,307,228,5.1000000000000005,28,73.2
2020,6,6,17,0,295,320,5.1000000000000005,27.8,74.06
2020,6,6,17,15,285,476,5,27.6,74.92
2020,6,6,17,30,224,393,4.9,27.5,75.36
2020,6,6,17,45,149,204,4.9,27.3,77.36
2020,6,6,18,0,102,133,4.800000000000001,27.1,78.27
2020,6,6,18,15,70,123,4.7,26.900000000000002,79.27
2020,6,6,18,30,42,115,4.6000000000000005,26.700000000000003,80.2
2020,6,6,18,45,15,0,4.6000000000000005,26.6,82.28
2020,6,6,19,0,0,0,4.5,26.400000000000002,83.25
2020,6,6,19,15,0,0,4.5,26.400000000000002,83.25
2020,6,6,19,30,0,0,4.5,26.400000000000002,83.25
2020,6,6,19,45,0,0,4.5,26.400000000000002,83.25
2020,6,6,20,0,0,0,4.4,26.1,85.69
2020,6,6,20,15,0,0,4.4,26.1,85.69
2020,6,6,20,30,0,0,4.3,26.1,85.69
2020,6,6,20,45,0,0,4.3,26,86.17
2020,6,6,21,0,0,0,4.3,26,86.17
2020,6,6,21,15,0,0,4.2,25.900000000000002,86.77
2020,6,6,21,30,0,0,4.2,25.900000000000002,86.77
2020,6,6,21,45,0,0,4.2,25.900000000000002,86.2
2020,6,6,22,0,0,0,4.1000000000000005,25.8,86.71000000000001
2020,6,6,22,15,0,0,4.1000000000000005,25.8,86.71000000000001
2020,6,6,22,30,0,0,4,25.8,86.71000000000001
2020,6,6,22,45,0,0,4,25.700000000000003,86.75
2020,6,6,23,0,0,0,3.9000000000000004,25.700000000000003,86.75
2020,6,6,23,15,0,0,3.9000000000000004,25.6,87.26
2020,6,6,23,30,0,0,3.9000000000000004,25.6,87.17
2020,6,6,23,45,0,0,3.8000000000000003,25.6,86.38
2020,6,7,0,0,0,0,3.8000000000000003,25.5,86.89
2020,6,7,0,15,0,0,3.8000000000000003,25.5,86.89
2020,6,7,0,30,0,0,3.8000000000000003,25.5,86.89
2020,6,7,0,45,0,0,3.8000000000000003,25.400000000000002,86.44
2020,6,7,1,0,0,0,3.7,25.400000000000002,86.44
2020,6,7,1,15,0,0,3.7,25.400000000000002,86.44
2020,6,7,1,30,0,0,3.7,25.3,86.95
2020,6,7,1,45,0,0,3.7,25.3,86.15
2020,6,7,2,0,0,0,3.7,25.3,86.15
2020,6,7,2,15,0,0,3.7,25.3,86.15
2020,6,7,2,30,0,0,3.7,25.200000000000003,86.67
2020,6,7,2,45,0,0,3.7,25.200000000000003,86.09
2020,6,7,3,0,0,0,3.7,25.200000000000003,86.09
2020,6,7,3,15,0,0,3.7,25.200000000000003,86.09
2020,6,7,3,30,0,0,3.7,25.200000000000003,86.09
2020,6,7,3,45,0,0,3.7,25.200000000000003,85.64
2020,6,7,4,0,0,0,3.7,25.200000000000003,85.64
2020,6,7,4,15,0,0,3.7,25.200000000000003,85.64
2020,6,7,4,30,0,0,3.7,25.200000000000003,85.64
2020,6,7,4,45,0,0,3.7,25.200000000000003,85.73
2020,6,7,5,0,0,0,3.7,25.200000000000003,85.73
2020,6,7,5,15,0,0,3.8000000000000003,25.3,85.23
2020,6,7,5,30,0,0,3.8000000000000003,25.400000000000002,84.73
2020,6,7,5,45,0,0,3.8000000000000003,25.5,85
2020,6,7,6,0,19,73,3.9000000000000004,25.6,84.49
2020,6,7,6,15,52,218,4,25.8,83.5
2020,6,7,6,30,96,344,4.1000000000000005,26,82.61
2020,6,7,6,45,148,453,4.2,26.200000000000003,80.9
2020,6,7,7,0,202,529,4.3,26.400000000000002,79.96000000000001
2020,6,7,7,15,259,590,4.3,26.6,79.02
2020,6,7,7,30,316,640,4.4,26.8,78.10000000000001
2020,6,7,7,45,374,684,4.4,27.1,75.31
2020,6,7,8,0,432,718,4.5,27.3,74.44
2020,6,7,8,15,488,747,4.5,27.5,73.58
2020,6,7,8,30,544,771,4.5,27.700000000000003,72.72
2020,6,7,8,45,597,794,4.5,27.900000000000002,71.36
2020,6,7,9,0,649,812,4.6000000000000005,28.1,70.54
2020,6,7,9,15,698,828,4.6000000000000005,28.3,69.72
2020,6,7,9,30,745,842,4.6000000000000005,28.400000000000002,69.32000000000001
2020,6,7,9,45,788,852,4.6000000000000005,28.6,68.26
2020,6,7,10,0,828,863,4.6000000000000005,28.8,67.47
2020,6,7,10,15,460,71,4.6000000000000005,28.900000000000002,67.09
2020,6,7,10,30,898,878,4.6000000000000005,29,66.7
2020,6,7,10,45,926,879,4.6000000000000005,29.200000000000003,65.88
2020,6,7,11,0,952,884,4.7,29.3,65.5
2020,6,7,11,15,974,889,4.7,29.400000000000002,65.13
2020,6,7,11,30,991,892,4.7,29.400000000000002,65.13
2020,6,7,11,45,1003,891,4.7,29.5,65.23
2020,6,7,12,0,1012,893,4.7,29.6,64.79
2020,6,7,12,15,1015,892,4.7,29.6,64.79
2020,6,7,12,30,1015,892,4.7,29.6,64.79
2020,6,7,12,45,1010,890,4.7,29.6,65.22
2020,6,7,13,0,1002,888,4.7,29.6,65.22
2020,6,7,13,15,527,69,4.6000000000000005,29.6,65.22
2020,6,7,13,30,970,880,4.6000000000000005,29.6,65.15
2020,6,7,13,45,949,877,4.5,29.5,65.9
2020,6,7,14,0,923,872,4.5,29.5,65.9
2020,6,7,14,15,892,864,4.4,29.5,65.9
2020,6,7,14,30,859,856,4.4,29.400000000000002,66.28
2020,6,7,14,45,822,844,4.3,29.400000000000002,66.57000000000001
2020,6,7,15,0,780,832,4.3,29.3,66.95
2020,6,7,15,15,737,819,4.2,29.200000000000003,67.34
2020,6,7,15,30,691,805,4.2,29.1,67.73
2020,6,7,15,45,642,790,4.1000000000000005,29,68.27
2020,6,7,16,0,591,771,4,28.900000000000002,68.60000000000001
2020,6,7,16,15,538,749,4,28.8,69.06
2020,6,7,16,30,483,724,4,28.6,69.87
2020,6,7,16,45,297,200,3.9000000000000004,28.5,70.55
2020,6,7,17,0,370,658,3.9000000000000004,28.400000000000002,70.96000000000001
2020,6,7,17,15,313,617,3.8000000000000003,28.200000000000003,71.79
2020,6,7,17,30,256,567,3.7,28,72.62
2020,6,7,17,45,201,512,3.7,27.8,74.56
2020,6,7,18,0,147,436,3.6,27.6,75.43
2020,6,7,18,15,97,339,3.5,27.400000000000002,76.31
2020,6,7,18,30,27,0,3.4000000000000004,27.200000000000003,77.21000000000001
2020,6,7,18,45,20,79,3.4000000000000004,27,80.69
2020,6,7,19,0,0,0,3.3000000000000003,26.8,81.64
2020,6,7,19,15,0,0,3.3000000000000003,26.8,81.64
2020,6,7,19,30,0,0,3.3000000000000003,26.8,81.64
2020,6,7,19,45,0,0,3.3000000000000003,26.8,81.64
2020,6,7,20,0,0,0,3.4000000000000004,26.5,84.63
2020,6,7,20,15,0,0,3.4000000000000004,26.400000000000002,85.13
2020,6,7,20,30,0,0,3.4000000000000004,26.400000000000002,85.13
2020,6,7,20,45,0,0,3.5,26.3,86.27
2020,6,7,21,0,0,0,3.5,26.3,86.35000000000001
2020,6,7,21,15,0,0,3.5,26.200000000000003,86.86
2020,6,7,21,30,0,0,3.5,26.200000000000003,86.86
2020,6,7,21,45,0,0,3.5,26.1,87.81
2020,6,7,22,0,0,0,3.5,26.1,87.81
2020,6,7,22,15,0,0,3.5,26,88.33
2020,6,7,22,30,0,0,3.4000000000000004,26,88.33
2020,6,7,22,45,0,0,3.4000000000000004,25.900000000000002,88.67
2020,6,7,23,0,0,0,3.3000000000000003,25.8,89.19
2020,6,7,23,15,0,0,3.2,25.8,89.19
2020,6,7,23,30,0,0,3.2,25.700000000000003,89.72
2020,6,7,23,45,0,0,3.1,25.700000000000003,89.15
2020,6,8,0,0,0,0,3.1,25.6,89.68
2020,6,8,0,15,0,0,3,25.6,89.68
2020,6,8,0,30,0,0,3,25.6,89.68
2020,6,8,0,45,0,0,2.9000000000000004,25.5,89.35000000000001
2020,6,8,1,0,0,0,2.9000000000000004,25.5,89.35000000000001
2020,6,8,1,15,0,0,2.9000000000000004,25.5,89.35000000000001
2020,6,8,1,30,0,0,2.8000000000000003,25.400000000000002,89.88
2020,6,8,1,45,0,0,2.8000000000000003,25.400000000000002,88.98
2020,6,8,2,0,0,0,2.8000000000000003,25.400000000000002,88.98
2020,6,8,2,15,0,0,2.7,25.3,89.5
2020,6,8,2,30,0,0,2.7,25.3,89.5
2020,6,8,2,45,0,0,2.7,25.3,88.78
2020,6,8,3,0,0,0,2.7,25.3,88.78
2020,6,8,3,15,0,0,2.6,25.3,88.78
2020,6,8,3,30,0,0,2.6,25.3,88.78
2020,6,8,3,45,0,0,2.6,25.3,88.13
2020,6,8,4,0,0,0,2.6,25.200000000000003,88.65
2020,6,8,4,15,0,0,2.6,25.3,88.13
2020,6,8,4,30,0,0,2.6,25.3,88.13
2020,6,8,4,45,0,0,2.6,25.3,87.49
2020,6,8,5,0,0,0,2.6,25.3,87.49
2020,6,8,5,15,0,0,2.6,25.400000000000002,86.98
2020,6,8,5,30,0,0,2.6,25.6,85.95
2020,6,8,5,45,0,0,2.7,25.700000000000003,86.04
2020,6,8,6,0,11,0,2.7,25.900000000000002,85.03
2020,6,8,6,15,55,282,2.8000000000000003,26.1,84.03
2020,6,8,6,30,100,406,2.9000000000000004,26.3,83.05
2020,6,8,6,45,152,507,2.9000000000000004,26.5,80.64
2020,6,8,7,0,206,579,3,26.700000000000003,79.7
2020,6,8,7,15,263,636,3,26.900000000000002,78.77
2020,6,8,7,30,320,681,3.1,27.1,77.94
2020,6,8,7,45,378,722,3.1,27.400000000000002,75.01
2020,6,8,8,0,435,753,3.1,27.6,74.14
2020,6,8,8,15,491,779,3.2,27.8,73.28
2020,6,8,8,30,546,802,3.3000000000000003,28,72.43
2020,6,8,8,45,598,817,3.3000000000000003,28.3,70.21000000000001
2020,6,8,9,0,398,132,3.4000000000000004,28.5,69.41
2020,6,8,9,15,698,849,3.5,28.700000000000003,68.61
2020,6,8,9,30,743,860,3.5,28.8,68.21000000000001
2020,6,8,9,45,786,867,3.6,29,66.55
2020,6,8,10,0,826,876,3.7,29.200000000000003,65.79
2020,6,8,10,15,862,883,3.7,29.3,65.41
2020,6,8,10,30,895,891,3.7,29.400000000000002,65.03
2020,6,8,10,45,921,883,3.8000000000000003,29.5,64.73
2020,6,8,11,0,945,887,3.8000000000000003,29.6,64.36
2020,6,8,11,15,967,892,3.7,29.6,64.36
2020,6,8,11,30,984,895,3.7,29.6,64.36
2020,6,8,11,45,995,890,3.6,29.6,65.01
2020,6,8,12,0,1003,892,3.6,29.6,65.01
2020,6,8,12,15,1007,891,3.5,29.6,65.01
2020,6,8,12,30,1007,892,3.4000000000000004,29.5,65.39
2020,6,8,12,45,1001,884,3.3000000000000003,29.5,65.82000000000001
2020,6,8,13,0,991,881,3.2,29.400000000000002,66.2
2020,6,8,13,15,978,879,3.1,29.3,66.58
2020,6,8,13,30,960,874,3,29.3,66.58
2020,6,8,13,45,525,80,3,29.200000000000003,67.14
2020,6,8,14,0,782,439,2.9000000000000004,29.200000000000003,67.14
2020,6,8,14,15,701,322,2.8000000000000003,29.1,67.52
2020,6,8,14,30,557,153,2.8000000000000003,29.1,67.52
2020,6,8,14,45,308,20,2.7,29,67.9
2020,6,8,15,0,63,0,2.7,29,67.9
2020,6,8,15,15,218,9,2.6,28.900000000000002,68.29
2020,6,8,15,30,496,230,2.6,28.8,68.68
2020,6,8,15,45,509,332,2.6,28.700000000000003,69.38
2020,6,8,16,0,312,66,2.6,28.6,69.78
2020,6,8,16,15,382,219,2.6,28.5,70.18
2020,6,8,16,30,427,470,2.6,28.400000000000002,70.59
2020,6,8,16,45,419,661,2.6,28.200000000000003,72.24
2020,6,8,17,0,363,624,2.6,28.1,72.66
2020,6,8,17,15,307,581,2.6,27.900000000000002,73.51
2020,6,8,17,30,129,35,2.5,27.700000000000003,74.37
2020,6,8,17,45,121,81,2.5,27.6,76.97
2020,6,8,18,0,86,51,2.5,27.400000000000002,77.87
2020,6,8,18,15,54,18,2.5,27.200000000000003,78.79
2020,6,8,18,30,44,120,2.5,27.1,79.25
2020,6,8,18,45,16,0,2.5,26.900000000000002,82.84
2020,6,8,19,0,0,0,2.6,26.8,83.32000000000001
2020,6,8,19,15,0,0,2.6,26.8,83.32000000000001
2020,6,8,19,30,0,0,2.6,26.8,83.32000000000001
2020,6,8,19,45,0,0,2.6,26.8,83.32000000000001
2020,6,8,20,0,0,0,2.7,26.5,85.87
2020,6,8,20,15,0,0,2.7,26.400000000000002,86.37
2020,6,8,20,30,0,0,2.7,26.400000000000002,86.37
2020,6,8,20,45,0,0,2.7,26.3,87.33
2020,6,8,21,0,0,0,2.7,26.3,87.33
2020,6,8,21,15,0,0,2.7,26.3,87.33
2020,6,8,21,30,0,0,2.7,26.200000000000003,87.85000000000001
2020,6,8,21,45,0,0,2.7,26.200000000000003,87.9
2020,6,8,22,0,0,0,2.7,26.1,88.42
2020,6,8,22,15,0,0,2.7,26.1,88.42
2020,6,8,22,30,0,0,2.7,26,88.94
2020,6,8,22,45,0,0,2.7,26,88.59
2020,6,8,23,0,0,0,2.6,25.900000000000002,89.12
2020,6,8,23,15,0,0,2.6,25.900000000000002,89.12
2020,6,8,23,30,0,0,2.6,25.8,89.64
2020,6,8,23,45,0,0,2.5,25.8,89.22
2020,6,9,0,0,0,0,2.5,25.8,89.13
2020,6,9,0,15,0,0,2.5,25.700000000000003,89.66
2020,6,9,0,30,0,0,2.4000000000000004,25.700000000000003,89.66
2020,6,9,0,45,0,0,2.4000000000000004,25.6,89.64
2020,6,9,1,0,0,0,2.4000000000000004,25.6,89.64
2020,6,9,1,15,0,0,2.3000000000000003,25.6,89.64
2020,6,9,1,30,0,0,2.3000000000000003,25.5,90.17
2020,6,9,1,45,0,0,2.3000000000000003,25.5,89.7
2020,6,9,2,0,0,0,2.3000000000000003,25.5,89.7
2020,6,9,2,15,0,0,2.2,25.5,89.7
2020,6,9,2,30,0,0,2.2,25.5,89.7
2020,6,9,2,45,0,0,2.2,25.400000000000002,89.64
2020,6,9,3,0,0,0,2.2,25.400000000000002,89.64
2020,6,9,3,15,0,0,2.2,25.400000000000002,89.64
2020,6,9,3,30,0,0,2.2,25.400000000000002,89.64
2020,6,9,3,45,0,0,2.1,25.400000000000002,89.24
2020,6,9,4,0,0,0,2.1,25.400000000000002,89.24
2020,6,9,4,15,0,0,2.1,25.3,89.77
2020,6,9,4,30,0,0,2.1,25.3,89.77
2020,6,9,4,45,0,0,2.2,25.3,89.47
2020,6,9,5,0,0,0,2.2,25.3,89.47
2020,6,9,5,15,0,0,2.2,25.400000000000002,88.94
2020,6,9,5,30,0,0,2.2,25.5,88.42
2020,6,9,5,45,0,0,2.3000000000000003,25.700000000000003,88.5
2020,6,9,6,0,14,0,2.3000000000000003,25.8,87.98
2020,6,9,6,15,36,54,2.4000000000000004,25.900000000000002,87.47
2020,6,9,6,30,76,181,2.5,26.1,86.44
2020,6,9,6,45,150,503,2.5,26.3,84.4
2020,6,9,7,0,204,575,2.6,26.400000000000002,83.91
2020,6,9,7,15,261,631,2.6,26.700000000000003,82.44
2020,6,9,7,30,318,677,2.5,26.900000000000002,81.48
2020,6,9,7,45,375,718,2.5,27.1,77.82000000000001
2020,6,9,8,0,432,749,2.5,27.3,76.92
2020,6,9,8,15,488,775,2.4000000000000004,27.5,76.02
2020,6,9,8,30,543,798,2.4000000000000004,27.700000000000003,75.14
2020,6,9,8,45,596,818,2.3000000000000003,28,71.68
2020,6,9,9,0,647,834,2.3000000000000003,28.200000000000003,70.85000000000001
2020,6,9,9,15,696,849,2.3000000000000003,28.400000000000002,70.03
2020,6,9,9,30,742,861,2.2,28.6,69.23
2020,6,9,9,45,678,489,2.2,28.900000000000002,66.13
2020,6,9,10,0,825,882,2.2,29.1,65.37
2020,6,9,10,15,687,345,2.2,29.200000000000003,65
2020,6,9,10,30,733,404,2.3000000000000003,29.400000000000002,64.26
2020,6,9,10,45,759,406,2.3000000000000003,29.5,63.17
2020,6,9,11,0,763,368,2.3000000000000003,29.700000000000003,62.45
2020,6,9,11,15,792,393,2.4000000000000004,29.8,62.1
2020,6,9,11,30,831,423,2.4000000000000004,29.900000000000002,61.68
2020,6,9,11,45,814,386,2.5,30,61.550000000000004
2020,6,9,12,0,874,439,2.5,30.1,61.19
2020,6,9,12,15,894,454,2.5,30.1,61.19
2020,6,9,12,30,886,445,2.6,30.1,61.19
2020,6,9,12,45,848,416,2.6,30.1,61.480000000000004
2020,6,9,13,0,795,343,2.7,30.200000000000003,61.13
2020,6,9,13,15,834,425,2.7,30.1,61.480000000000004
2020,6,9,13,30,806,413,2.7,30.1,61.480000000000004
2020,6,9,13,45,716,275,2.8000000000000003,30,62.120000000000005
2020,6,9,14,0,696,275,2.8000000000000003,30,62.120000000000005
2020,6,9,14,15,470,66,2.8000000000000003,29.900000000000002,62.480000000000004
2020,6,9,14,30,485,87,2.8000000000000003,29.8,62.84
2020,6,9,14,45,448,76,2.8000000000000003,29.700000000000003,63.56
2020,6,9,15,0,313,24,2.8000000000000003,29.6,63.93
2020,6,9,15,15,208,8,2.8000000000000003,29.400000000000002,64.67
2020,6,9,15,30,209,8,2.9000000000000004,29.3,65.04
2020,6,9,15,45,360,85,2.9000000000000004,29.200000000000003,66.04
2020,6,9,16,0,79,0,2.9000000000000004,29,66.81
2020,6,9,16,15,62,0,2.9000000000000004,28.900000000000002,67.19
2020,6,9,16,30,24,0,2.9000000000000004,28.700000000000003,67.97
2020,6,9,16,45,88,0,2.9000000000000004,28.5,69.33
2020,6,9,17,0,57,0,2.9000000000000004,28.400000000000002,69.74
2020,6,9,17,15,120,0,2.8000000000000003,28.200000000000003,70.55
2020,6,9,17,30,101,0,2.8000000000000003,28,71.37
2020,6,9,17,45,67,0,2.7,27.8,73.2
2020,6,9,18,0,89,62,2.7,27.700000000000003,73.7
2020,6,9,18,15,68,93,2.7,27.5,74.57000000000001
2020,6,9,18,30,53,187,2.6,27.3,75.44
2020,6,9,18,45,20,59,2.6,27.1,78.72
2020,6,9,19,0,0,0,2.5,26.900000000000002,79.65
2020,6,9,19,15,0,0,2.5,26.900000000000002,79.65
2020,6,9,19,30,0,0,2.5,26.900000000000002,79.65
2020,6,9,19,45,0,0,2.5,26.900000000000002,79.65
2020,6,9,20,0,0,0,2.5,26.6,81.91
2020,6,9,20,15,0,0,2.5,26.6,81.91
2020,6,9,20,30,0,0,2.5,26.5,82.4
2020,6,9,20,45,0,0,2.5,26.5,82.64
2020,6,9,21,0,0,0,2.5,26.400000000000002,83.12
2020,6,9,21,15,0,0,2.4000000000000004,26.3,83.61
2020,6,9,21,30,0,0,2.4000000000000004,26.3,83.61
2020,6,9,21,45,0,0,2.4000000000000004,26.200000000000003,83.96000000000001
2020,6,9,22,0,0,0,2.3000000000000003,26.200000000000003,83.96000000000001
2020,6,9,22,15,0,0,2.3000000000000003,26.1,84.45
2020,6,9,22,30,0,0,2.2,26.1,84.45
2020,6,9,22,45,0,0,2.2,26,84.75
2020,6,9,23,0,0,0,2.1,26,84.75
2020,6,9,23,15,0,0,2.1,25.900000000000002,85.25
2020,6,9,23,30,0,0,2.1,25.900000000000002,85.25
2020,6,9,23,45,0,0,2,25.900000000000002,84.98
2020,6,10,0,0,0,0,2,25.8,85.49
2020,6,10,0,15,0,0,2,25.8,85.49
2020,6,10,0,30,0,0,1.9000000000000001,25.8,85.49
2020,6,10,0,45,0,0,1.9000000000000001,25.700000000000003,85.33
2020,6,10,1,0,0,0,1.9000000000000001,25.700000000000003,85.33
2020,6,10,1,15,0,0,1.9000000000000001,25.700000000000003,85.33
2020,6,10,1,30,0,0,1.8,25.6,85.84
2020,6,10,1,45,0,0,1.8,25.6,84.96000000000001
2020,6,10,2,0,0,0,1.8,25.6,84.96000000000001
2020,6,10,2,15,0,0,1.8,25.6,84.96000000000001
2020,6,10,2,30,0,0,1.8,25.6,84.96000000000001
2020,6,10,2,45,0,0,1.8,25.6,84.24
2020,6,10,3,0,0,0,1.8,25.5,84.73
2020,6,10,3,15,0,0,1.8,25.5,84.73
2020,6,10,3,30,0,0,1.9000000000000001,25.5,84.73
2020,6,10,3,45,0,0,1.9000000000000001,25.5,84.31
2020,6,10,4,0,0,0,1.9000000000000001,25.400000000000002,84.81
2020,6,10,4,15,0,0,2,25.400000000000002,84.81
2020,6,10,4,30,0,0,2,25.400000000000002,84.81
2020,6,10,4,45,0,0,2,25.400000000000002,84.53
2020,6,10,5,0,0,0,2,25.400000000000002,84.53
2020,6,10,5,15,0,0,2.1,25.5,84.03
2020,6,10,5,30,0,0,2.1,25.6,83.62
2020,6,10,5,45,0,0,2.1,25.8,83.65
2020,6,10,6,0,18,66,2.1,25.900000000000002,83.16
2020,6,10,6,15,50,201,2.2,26.1,82.18
2020,6,10,6,30,94,323,2.3000000000000003,26.3,81.22
2020,6,10,6,45,144,426,2.4000000000000004,26.400000000000002,79.34
2020,6,10,7,0,197,501,2.4000000000000004,26.6,78.42
2020,6,10,7,15,252,563,2.4000000000000004,26.8,77.5
2020,6,10,7,30,290,515,2.4000000000000004,26.900000000000002,77.05
2020,6,10,7,45,366,659,2.4000000000000004,27.1,74.25
2020,6,10,8,0,380,486,2.4000000000000004,27.3,73.38
2020,6,10,8,15,478,723,2.3000000000000003,27.400000000000002,72.96000000000001
2020,6,10,8,30,533,748,2.3000000000000003,27.6,72.11
2020,6,10,8,45,389,170,2.3000000000000003,27.8,70.32000000000001
2020,6,10,9,0,392,126,2.2,28,69.5
2020,6,10,9,15,401,102,2.2,28.200000000000003,68.7
2020,6,10,9,30,422,96,2.2,28.3,68.31
2020,6,10,9,45,309,23,2.2,28.5,66.66
2020,6,10,10,0,541,166,2.2,28.700000000000003,65.89
2020,6,10,10,15,644,274,2.2,28.900000000000002,65.07000000000001
2020,6,10,10,30,449,56,2.2,29.1,64.32000000000001
2020,6,10,10,45,443,47,2.2,29.200000000000003,64.07000000000001
2020,6,10,11,0,375,25,2.2,29.400000000000002,63.33
2020,6,10,11,15,572,104,2.3000000000000003,29.5,62.97
2020,6,10,11,30,573,97,2.3000000000000003,29.6,62.61
2020,6,10,11,45,693,196,2.3000000000000003,29.700000000000003,63.11
2020,6,10,12,0,998,882,2.4000000000000004,29.8,62.75
2020,6,10,12,15,1002,883,2.4000000000000004,29.8,62.75
2020,6,10,12,30,1002,882,2.4000000000000004,29.8,62.75
2020,6,10,12,45,997,877,2.4000000000000004,29.900000000000002,63.28
2020,6,10,13,0,988,875,2.4000000000000004,29.900000000000002,63.22
2020,6,10,13,15,976,873,2.4000000000000004,29.900000000000002,63.22
2020,6,10,13,30,958,868,2.3000000000000003,29.900000000000002,63.22
2020,6,10,13,45,935,856,2.3000000000000003,29.900000000000002,63.690000000000005
2020,6,10,14,0,799,459,2.3000000000000003,29.900000000000002,63.690000000000005
2020,6,10,14,15,686,296,2.3000000000000003,29.8,64.06
2020,6,10,14,30,612,220,2.3000000000000003,29.700000000000003,64.43
2020,6,10,14,45,368,35,2.3000000000000003,29.6,64.95
2020,6,10,15,0,211,8,2.3000000000000003,29.6,64.95
2020,6,10,15,15,98,0,2.3000000000000003,29.400000000000002,65.7
2020,6,10,15,30,76,0,2.3000000000000003,29.3,66.08
2020,6,10,15,45,74,0,2.3000000000000003,29.200000000000003,66.82000000000001
2020,6,10,16,0,87,0,2.3000000000000003,29.1,67.21000000000001
2020,6,10,16,15,94,0,2.3000000000000003,29,67.59
2020,6,10,16,30,136,0,2.3000000000000003,28.900000000000002,67.99
2020,6,10,16,45,107,0,2.3000000000000003,28.700000000000003,69.18
2020,6,10,17,0,73,0,2.2,28.6,69.58
2020,6,10,17,15,89,0,2.2,28.400000000000002,70.39
2020,6,10,17,30,82,0,2.2,28.200000000000003,71.21000000000001
2020,6,10,17,45,88,0,2.1,28,73.23
2020,6,10,18,0,69,0,2.1,27.8,74.09
2020,6,10,18,15,47,0,2.1,27.700000000000003,74.52
2020,6,10,18,30,32,6,2,27.5,75.39
2020,6,10,18,45,16,0,2,27.3,79.07000000000001
2020,6,10,19,0,0,0,1.9000000000000001,27.1,80
2020,6,10,19,15,0,0,1.9000000000000001,27.1,80
2020,6,10,19,30,0,0,1.9000000000000001,27.1,80
2020,6,10,19,45,0,0,1.9000000000000001,27.1,80
2020,6,10,20,0,0,0,2,26.8,82.44
2020,6,10,20,15,0,0,2,26.700000000000003,82.92
2020,6,10,20,30,0,0,2,26.700000000000003,82.92
2020,6,10,20,45,0,0,2,26.6,84.08
2020,6,10,21,0,0,0,2,26.5,84.58
2020,6,10,21,15,0,0,2,26.5,84.58
2020,6,10,21,30,0,0,2,26.400000000000002,85.08
2020,6,10,21,45,0,0,2,26.400000000000002,85.24
2020,6,10,22,0,0,0,2,26.3,85.74
2020,6,10,22,15,0,0,2,26.3,85.74
2020,6,10,22,30,0,0,2,26.200000000000003,86.25
2020,6,10,22,45,0,0,2,26.200000000000003,86.16
2020,6,10,23,0,0,0,2,26.1,86.67
2020,6,10,23,15,0,0,2,26.1,86.67
2020,6,10,23,30,0,0,2,26.1,86.67
2020,6,10,23,45,0,0,2,26,87.01
2020,6,11,0,0,0,0,2,26,87.01
2020,6,11,0,15,0,0,2,25.900000000000002,87.43
2020,6,11,0,30,0,0,2,25.900000000000002,87.43
2020,6,11,0,45,0,0,2,25.900000000000002,87.24
2020,6,11,1,0,0,0,2,25.900000000000002,87.24
2020,6,11,1,15,0,0,1.9000000000000001,25.8,87.75
2020,6,11,1,30,0,0,1.9000000000000001,25.8,87.75
2020,6,11,1,45,0,0,1.9000000000000001,25.8,87.19
2020,6,11,2,0,0,0,1.9000000000000001,25.8,87.19
2020,6,11,2,15,0,0,1.9000000000000001,25.8,87.19
2020,6,11,2,30,0,0,1.9000000000000001,25.8,87.19
2020,6,11,2,45,0,0,1.9000000000000001,25.700000000000003,87.16
2020,6,11,3,0,0,0,1.9000000000000001,25.700000000000003,87.16
2020,6,11,3,15,0,0,1.9000000000000001,25.700000000000003,87.16
2020,6,11,3,30,0,0,1.9000000000000001,25.700000000000003,87.16
2020,6,11,3,45,0,0,1.9000000000000001,25.6,87.19
2020,6,11,4,0,0,0,1.9000000000000001,25.6,87.19
2020,6,11,4,15,0,0,1.9000000000000001,25.6,87.19
2020,6,11,4,30,0,0,1.9000000000000001,25.6,87.19
2020,6,11,4,45,0,0,1.9000000000000001,25.6,86.81
2020,6,11,5,0,0,0,1.9000000000000001,25.6,86.81
2020,6,11,5,15,0,0,1.9000000000000001,25.700000000000003,86.3
2020,6,11,5,30,0,0,1.9000000000000001,25.8,85.79
2020,6,11,5,45,0,0,2,25.900000000000002,87.05
2020,6,11,6,0,18,91,2,26,86.54
2020,6,11,6,15,51,237,2.1,26.1,86.03
2020,6,11,6,30,95,359,2.1,26.3,85.03
2020,6,11,6,45,145,459,2.2,26.400000000000002,84.68
2020,6,11,7,0,199,533,2.3000000000000003,26.6,83.77
2020,6,11,7,15,254,593,2.3000000000000003,26.700000000000003,83.28
2020,6,11,7,30,311,641,2.4000000000000004,26.8,82.8
2020,6,11,7,45,368,682,2.4000000000000004,26.900000000000002,79.58
2020,6,11,8,0,424,715,2.5,27,79.11
2020,6,11,8,15,480,743,2.5,27.1,78.65
2020,6,11,8,30,534,767,2.5,27.3,77.74
2020,6,11,8,45,587,786,2.5,27.5,75.59
2020,6,11,9,0,638,804,2.6,27.6,75.15
2020,6,11,9,15,686,819,2.6,27.8,74.28
2020,6,11,9,30,443,117,2.6,28,73.42
2020,6,11,9,45,775,844,2.6,28.1,72.08
2020,6,11,10,0,815,854,2.6,28.3,71.25
2020,6,11,10,15,852,863,2.6,28.5,70.36
2020,6,11,10,30,885,871,2.6,28.6,69.95
2020,6,11,10,45,910,859,2.6,28.8,68.96000000000001
2020,6,11,11,0,935,864,2.7,29,68.17
2020,6,11,11,15,957,869,2.7,29.1,67.78
2020,6,11,11,30,974,873,2.7,29.200000000000003,67.39
2020,6,11,11,45,988,878,2.8000000000000003,29.400000000000002,67.07000000000001
2020,6,11,12,0,997,880,2.8000000000000003,29.5,66.69
2020,6,11,12,15,1002,880,2.8000000000000003,29.5,66.69
2020,6,11,12,30,816,370,2.8000000000000003,29.6,66.31
2020,6,11,12,45,726,228,2.8000000000000003,29.6,67.23
2020,6,11,13,0,670,172,2.8000000000000003,29.6,67.23
2020,6,11,13,15,710,228,2.8000000000000003,29.6,67.23
2020,6,11,13,30,667,191,2.9000000000000004,29.6,67.23
2020,6,11,13,45,558,102,2.9000000000000004,29.6,67.95
2020,6,11,14,0,485,65,2.9000000000000004,29.5,68.34
2020,6,11,14,15,427,46,2.9000000000000004,29.5,68.34
2020,6,11,14,30,399,41,2.9000000000000004,29.400000000000002,68.74
2020,6,11,14,45,479,99,2.9000000000000004,29.3,69.56
2020,6,11,15,0,435,82,2.9000000000000004,29.3,69.49
2020,6,11,15,15,443,112,2.9000000000000004,29.200000000000003,69.89
2020,6,11,15,30,442,145,2.9000000000000004,29.1,70.3
2020,6,11,15,45,417,154,2.8000000000000003,29,71.09
2020,6,11,16,0,390,164,2.8000000000000003,28.900000000000002,71.5
2020,6,11,16,15,386,225,2.8000000000000003,28.700000000000003,72.33
2020,6,11,16,30,299,124,2.8000000000000003,28.6,72.75
2020,6,11,16,45,293,182,2.8000000000000003,28.400000000000002,73.79
2020,6,11,17,0,235,131,2.7,28.3,74.22
2020,6,11,17,15,197,117,2.7,28.1,75.08
2020,6,11,17,30,137,47,2.6,27.900000000000002,76.04
2020,6,11,17,45,60,0,2.5,27.700000000000003,78.66
2020,6,11,18,0,87,53,2.5,27.5,79.58
2020,6,11,18,15,54,14,2.4000000000000004,27.3,80.51
2020,6,11,18,30,44,108,2.4000000000000004,27.1,81.46000000000001
2020,6,11,18,45,17,0,2.4000000000000004,26.900000000000002,84.98
2020,6,11,19,0,0,0,2.3000000000000003,26.8,85.47
2020,6,11,19,15,0,0,2.3000000000000003,26.8,85.47
2020,6,11,19,30,0,0,2.3000000000000003,26.8,85.47
2020,6,11,19,45,0,0,2.3000000000000003,26.8,85.47
2020,6,11,20,0,0,0,2.3000000000000003,26.5,87.67
2020,6,11,20,15,0,0,2.3000000000000003,26.5,87.67
2020,6,11,20,30,0,0,2.3000000000000003,26.400000000000002,88.28
2020,6,11,20,45,0,0,2.3000000000000003,26.400000000000002,88.2
2020,6,11,21,0,0,0,2.2,26.3,88.72
2020,6,11,21,15,0,0,2.2,26.3,88.72
2020,6,11,21,30,0,0,2.2,26.3,88.72
2020,6,11,21,45,0,0,2.1,26.200000000000003,89.02
2020,6,11,22,0,0,0,2.1,26.200000000000003,89.02
2020,6,11,22,15,0,0,2,26.1,89.54
2020,6,11,22,30,0,0,2,26.1,89.54
2020,6,11,22,45,0,0,2,26.1,89.2
2020,6,11,23,0,0,0,1.9000000000000001,26.1,89.2
2020,6,11,23,15,0,0,1.9000000000000001,26,89.73
2020,6,11,23,30,0,0,1.9000000000000001,26,89.73
2020,6,11,23,45,0,0,1.8,26,89.28
2020,6,12,0,0,0,0,1.8,26,89.19
2020,6,12,0,15,0,0,1.8,25.900000000000002,89.72
2020,6,12,0,30,0,0,1.8,25.900000000000002,89.72
2020,6,12,0,45,0,0,1.7000000000000002,25.900000000000002,89.22
2020,6,12,1,0,0,0,1.7000000000000002,25.900000000000002,89.22
2020,6,12,1,15,0,0,1.7000000000000002,25.900000000000002,89.22
2020,6,12,1,30,0,0,1.7000000000000002,25.900000000000002,89.22
2020,6,12,1,45,0,0,1.7000000000000002,25.8,89.32000000000001
2020,6,12,2,0,0,0,1.7000000000000002,25.8,89.32000000000001
2020,6,12,2,15,0,0,1.7000000000000002,25.8,89.32000000000001
2020,6,12,2,30,0,0,1.7000000000000002,25.8,89.32000000000001
2020,6,12,2,45,0,0,1.7000000000000002,25.8,89.05
2020,6,12,3,0,0,0,1.7000000000000002,25.8,89.05
2020,6,12,3,15,0,0,1.7000000000000002,25.8,89.05
2020,6,12,3,30,0,0,1.7000000000000002,25.700000000000003,89.58
2020,6,12,3,45,0,0,1.7000000000000002,25.700000000000003,89.27
2020,6,12,4,0,0,0,1.8,25.700000000000003,89.27
2020,6,12,4,15,0,0,1.8,25.700000000000003,89.27
2020,6,12,4,30,0,0,1.8,25.700000000000003,89.27
2020,6,12,4,45,0,0,1.8,25.700000000000003,89.23
2020,6,12,5,0,0,0,1.9000000000000001,25.6,89.76
2020,6,12,5,15,0,0,1.9000000000000001,25.700000000000003,89.23
2020,6,12,5,30,0,0,1.9000000000000001,25.8,88.7
2020,6,12,5,45,0,0,1.9000000000000001,25.900000000000002,90.47
2020,6,12,6,0,18,91,1.9000000000000001,26,89.94
2020,6,12,6,15,51,236,2,26.1,89.41
2020,6,12,6,30,95,357,2.1,26.3,88.36
2020,6,12,6,45,145,456,2.1,26.5,88.09
2020,6,12,7,0,198,530,2.2,26.6,87.57000000000001
2020,6,12,7,15,253,590,2.2,26.8,86.64
2020,6,12,7,30,310,638,2.3000000000000003,26.900000000000002,86.13
2020,6,12,7,45,367,680,2.3000000000000003,27.1,81.84
2020,6,12,8,0,423,713,2.3000000000000003,27.200000000000003,81.37
2020,6,12,8,15,479,741,2.4000000000000004,27.400000000000002,80.42
2020,6,12,8,30,533,765,2.4000000000000004,27.700000000000003,79.03
2020,6,12,8,45,585,783,2.4000000000000004,27.900000000000002,75.79
2020,6,12,9,0,636,801,2.4000000000000004,28.1,74.92
2020,6,12,9,15,684,816,2.4000000000000004,28.3,74.06
2020,6,12,9,30,730,830,2.5,28.5,73.2
2020,6,12,9,45,771,836,2.5,28.700000000000003,71.10000000000001
2020,6,12,10,0,811,847,2.5,28.900000000000002,70.28
2020,6,12,10,15,848,855,2.6,29,69.88
2020,6,12,10,30,881,863,2.6,29.1,69.48
2020,6,12,10,45,908,859,2.7,29.200000000000003,69.15
2020,6,12,11,0,933,865,2.7,29.3,68.75
2020,6,12,11,15,955,869,2.7,29.400000000000002,68.36
2020,6,12,11,30,972,873,2.8000000000000003,29.400000000000002,68.36
2020,6,12,11,45,984,871,2.8000000000000003,29.400000000000002,69.5
2020,6,12,12,0,993,872,2.8000000000000003,29.400000000000002,69.5
2020,6,12,12,15,625,123,2.9000000000000004,29.400000000000002,69.5
2020,6,12,12,30,604,107,2.9000000000000004,29.400000000000002,69.5
2020,6,12,12,45,555,77,2.9000000000000004,29.400000000000002,70.14
2020,6,12,13,0,984,865,2.9000000000000004,29.400000000000002,70.07000000000001
2020,6,12,13,15,485,50,2.9000000000000004,29.3,70.47
2020,6,12,13,30,851,460,2.9000000000000004,29.3,70.47
2020,6,12,13,45,137,1,2.9000000000000004,29.200000000000003,71.19
2020,6,12,14,0,81,0,2.9000000000000004,29.200000000000003,71.19
2020,6,12,14,15,67,0,3,29.1,71.61
2020,6,12,14,30,193,8,3,29.1,71.61
2020,6,12,14,45,80,0,3,29,71.99
2020,6,12,15,0,96,0,3,29,71.99
2020,6,12,15,15,73,0,3,28.900000000000002,72.4
2020,6,12,15,30,21,0,2.9000000000000004,28.8,72.82000000000001
2020,6,12,15,45,18,0,2.9000000000000004,28.700000000000003,73.15
2020,6,12,16,0,20,0,2.9000000000000004,28.6,73.57000000000001
2020,6,12,16,15,81,0,2.9000000000000004,28.5,74
2020,6,12,16,30,70,0,2.8000000000000003,28.3,74.86
2020,6,12,16,45,59,0,2.8000000000000003,28.200000000000003,75.27
2020,6,12,17,0,56,0,2.7,28.1,75.71000000000001
2020,6,12,17,15,183,84,2.6,27.900000000000002,76.59
2020,6,12,17,30,229,396,2.5,27.700000000000003,77.49
2020,6,12,17,45,139,141,2.4000000000000004,27.6,78.45
2020,6,12,18,0,133,310,2.3000000000000003,27.400000000000002,79.45
2020,6,12,18,15,74,127,2.2,27.200000000000003,80.38
2020,6,12,18,30,37,39,2.1,27,81.32000000000001
2020,6,12,18,45,22,103,2,26.8,84.54
2020,6,12,19,0,0,0,1.9000000000000001,26.6,85.53
2020,6,12,19,15,0,0,1.9000000000000001,26.6,85.53
2020,6,12,19,30,0,0,1.9000000000000001,26.6,85.53
2020,6,12,19,45,0,0,1.9000000000000001,26.6,85.53
2020,6,12,20,0,0,0,1.8,26.3,87.25
2020,6,12,20,15,0,0,1.7000000000000002,26.200000000000003,87.76
2020,6,12,20,30,0,0,1.7000000000000002,26.1,88.28
2020,6,12,20,45,0,0,1.7000000000000002,26.1,88.07000000000001
2020,6,12,21,0,0,0,1.7000000000000002,26,88.59
2020,6,12,21,15,0,0,1.7000000000000002,25.900000000000002,89.12
2020,6,12,21,30,0,0,1.7000000000000002,25.900000000000002,89.12
2020,6,12,21,45,0,0,1.7000000000000002,25.8,89.56
2020,6,12,22,0,0,0,1.7000000000000002,25.8,89.56
2020,6,12,22,15,0,0,1.7000000000000002,25.8,89.56
2020,6,12,22,30,0,0,1.7000000000000002,25.700000000000003,90.09
2020,6,12,22,45,0,0,1.7000000000000002,25.700000000000003,90.02
2020,6,12,23,0,0,0,1.8,25.6,90.55
2020,6,12,23,15,0,0,1.8,25.6,90.55
2020,6,12,23,30,0,0,1.8,25.6,90.46000000000001
2020,6,12,23,45,0,0,1.9000000000000001,25.5,90.98
2020,6,13,0,0,0,0,1.9000000000000001,25.5,90.98
2020,6,13,0,15,0,0,2,25.5,90.98
2020,6,13,0,30,0,0,2,25.5,90.98
2020,6,13,0,45,0,0,2,25.400000000000002,91.47
2020,6,13,1,0,0,0,2.1,25.400000000000002,91.37
2020,6,13,1,15,0,0,2.1,25.400000000000002,91.37
2020,6,13,1,30,0,0,2.1,25.3,91.92
2020,6,13,1,45,0,0,2.2,25.3,91.84
2020,6,13,2,0,0,0,2.2,25.3,91.84
2020,6,13,2,15,0,0,2.2,25.3,91.84
2020,6,13,2,30,0,0,2.2,25.3,91.84
2020,6,13,2,45,0,0,2.3000000000000003,25.3,91.78
2020,6,13,3,0,0,0,2.3000000000000003,25.3,91.78
2020,6,13,3,15,0,0,2.3000000000000003,25.3,91.78
2020,6,13,3,30,0,0,2.3000000000000003,25.3,91.78
2020,6,13,3,45,0,0,2.3000000000000003,25.3,91.73
2020,6,13,4,0,0,0,2.3000000000000003,25.3,91.73
2020,6,13,4,15,0,0,2.3000000000000003,25.400000000000002,91.19
2020,6,13,4,30,0,0,2.3000000000000003,25.400000000000002,91.19
2020,6,13,4,45,0,0,2.3000000000000003,25.400000000000002,90.98
2020,6,13,5,0,0,0,2.3000000000000003,25.400000000000002,90.98
2020,6,13,5,15,0,0,2.3000000000000003,25.6,89.91
2020,6,13,5,30,0,0,2.3000000000000003,25.8,88.85000000000001
2020,6,13,5,45,0,0,2.3000000000000003,25.900000000000002,89.09
2020,6,13,6,0,18,90,2.3000000000000003,26.1,88.14
2020,6,13,6,15,51,235,2.5,26.3,87.11
2020,6,13,6,30,95,357,2.6,26.5,86.09
2020,6,13,6,45,145,458,2.7,26.700000000000003,84.41
2020,6,13,7,0,199,533,2.8000000000000003,27,82.94
2020,6,13,7,15,255,592,2.8000000000000003,27.1,82.46000000000001
2020,6,13,7,30,311,641,2.9000000000000004,27.3,81.5
2020,6,13,7,45,369,684,2.9000000000000004,27.5,79.23
2020,6,13,8,0,425,716,3,27.700000000000003,78.32000000000001
2020,6,13,8,15,481,744,3,27.900000000000002,77.41
2020,6,13,8,30,535,768,3,28.200000000000003,76.08
2020,6,13,8,45,589,793,3.1,28.400000000000002,73.84
2020,6,13,9,0,639,810,3.1,28.6,72.99
2020,6,13,9,15,688,825,3.1,28.8,72.15
2020,6,13,9,30,734,838,3.2,29,71.33
2020,6,13,9,45,777,849,3.2,29.3,68.64
2020,6,13,10,0,818,860,3.2,29.5,67.86
2020,6,13,10,15,853,867,3.3000000000000003,29.6,67.47
2020,6,13,10,30,886,875,3.3000000000000003,29.700000000000003,67.08
2020,6,13,10,45,908,849,3.3000000000000003,29.8,66.89
2020,6,13,11,0,933,855,3.4000000000000004,30,66.13
2020,6,13,11,15,954,858,3.4000000000000004,30,66.13
2020,6,13,11,30,972,862,3.5,30.1,65.75
2020,6,13,11,45,572,91,3.5,30.1,66.21000000000001
2020,6,13,12,0,992,861,3.6,30.200000000000003,65.83
2020,6,13,12,15,740,242,3.6,30.200000000000003,65.83
2020,6,13,12,30,997,861,3.6,30.200000000000003,65.76
2020,6,13,12,45,991,854,3.7,30.200000000000003,66.14
2020,6,13,13,0,982,851,3.7,30.200000000000003,66.14
2020,6,13,13,15,970,849,3.7,30.1,66.52
2020,6,13,13,30,953,845,3.7,30.1,66.52
2020,6,13,13,45,940,873,3.7,30,67.2
2020,6,13,14,0,914,867,3.8000000000000003,30,67.2
2020,6,13,14,15,886,861,3.8000000000000003,29.900000000000002,67.59
2020,6,13,14,30,853,853,3.8000000000000003,29.8,67.97
2020,6,13,14,45,813,830,3.8000000000000003,29.700000000000003,68.61
2020,6,13,15,0,666,451,3.8000000000000003,29.6,69
2020,6,13,15,15,171,4,3.7,29.5,69.4
2020,6,13,15,30,405,102,3.7,29.400000000000002,69.8
2020,6,13,15,45,204,8,3.7,29.200000000000003,70.81
2020,6,13,16,0,128,0,3.7,29.1,71.22
2020,6,13,16,15,377,204,3.6,29,71.63
2020,6,13,16,30,312,146,3.6,28.8,72.46000000000001
2020,6,13,16,45,25,0,3.5,28.700000000000003,73.36
2020,6,13,17,0,218,93,3.5,28.6,73.79
2020,6,13,17,15,49,0,3.4000000000000004,28.400000000000002,74.65
2020,6,13,17,30,230,398,3.3000000000000003,28.200000000000003,75.52
2020,6,13,17,45,180,354,3.2,28.1,77.27
2020,6,13,18,0,108,144,3.1,27.900000000000002,78.26
2020,6,13,18,15,99,304,3,27.700000000000003,79.17
2020,6,13,18,30,36,27,3,27.6,79.63
2020,6,13,18,45,15,0,2.9000000000000004,27.400000000000002,82.47
2020,6,13,19,0,0,0,2.8000000000000003,27.200000000000003,83.43
2020,6,13,19,15,0,0,2.8000000000000003,27.200000000000003,83.43
2020,6,13,19,30,0,0,2.8000000000000003,27.200000000000003,83.43
2020,6,13,19,45,0,0,2.8000000000000003,27.200000000000003,83.43
2020,6,13,20,0,0,0,2.9000000000000004,27,85.33
2020,6,13,20,15,0,0,2.9000000000000004,27,85.33
2020,6,13,20,30,0,0,2.9000000000000004,26.900000000000002,85.83
2020,6,13,20,45,0,0,2.9000000000000004,26.900000000000002,86.39
2020,6,13,21,0,0,0,3,26.900000000000002,86.39
2020,6,13,21,15,0,0,3,26.900000000000002,86.39
2020,6,13,21,30,0,0,3,26.8,86.9
2020,6,13,21,45,0,0,3,26.8,87.10000000000001
2020,6,13,22,0,0,0,3,26.8,87.19
2020,6,13,22,15,0,0,3.1,26.8,87.19
2020,6,13,22,30,0,0,3.1,26.700000000000003,87.61
2020,6,13,22,45,0,0,3.1,26.700000000000003,87.5
2020,6,13,23,0,0,0,3.1,26.700000000000003,87.5
2020,6,13,23,15,0,0,3.1,26.6,88.01
2020,6,13,23,30,0,0,3.1,26.6,88.01
2020,6,13,23,45,0,0,3.1,26.6,87.56
2020,6,14,0,0,0,0,3.1,26.6,87.56
2020,6,14,0,15,0,0,3.1,26.5,88.08
2020,6,14,0,30,0,0,3.1,26.5,88.08
2020,6,14,0,45,0,0,3.1,26.5,87.57000000000001
2020,6,14,1,0,0,0,3.1,26.400000000000002,88.08
2020,6,14,1,15,0,0,3.1,26.400000000000002,87.99
2020,6,14,1,30,0,0,3.2,26.400000000000002,87.99
2020,6,14,1,45,0,0,3.2,26.400000000000002,87.46000000000001
2020,6,14,2,0,0,0,3.2,26.400000000000002,87.46000000000001
2020,6,14,2,15,0,0,3.2,26.3,87.98
2020,6,14,2,30,0,0,3.2,26.3,87.98
2020,6,14,2,45,0,0,3.3000000000000003,26.3,87.39
2020,6,14,3,0,0,0,3.3000000000000003,26.3,87.39
2020,6,14,3,15,0,0,3.3000000000000003,26.3,87.39
2020,6,14,3,30,0,0,3.3000000000000003,26.3,87.39
2020,6,14,3,45,0,0,3.4000000000000004,26.3,86.82000000000001
2020,6,14,4,0,0,0,3.4000000000000004,26.200000000000003,87.33
2020,6,14,4,15,0,0,3.4000000000000004,26.200000000000003,87.33
2020,6,14,4,30,0,0,3.4000000000000004,26.200000000000003,87.33
2020,6,14,4,45,0,0,3.4000000000000004,26.200000000000003,86.77
2020,6,14,5,0,0,0,3.4000000000000004,26.200000000000003,86.86
2020,6,14,5,15,0,0,3.4000000000000004,26.3,86.35000000000001
2020,6,14,5,30,0,0,3.5,26.400000000000002,85.85000000000001
2020,6,14,5,45,0,0,3.5,26.5,85.14
2020,6,14,6,0,17,51,3.6,26.6,84.64
2020,6,14,6,15,48,179,3.7,26.700000000000003,84.14
2020,6,14,6,30,91,299,3.8000000000000003,26.900000000000002,83.16
2020,6,14,6,45,140,402,3.8000000000000003,27.1,81.12
2020,6,14,7,0,192,479,3.9000000000000004,27.200000000000003,80.72
2020,6,14,7,15,247,543,4,27.400000000000002,79.79
2020,6,14,7,30,303,594,4,27.5,79.32000000000001
2020,6,14,7,45,360,640,4,27.6,77.52
2020,6,14,8,0,417,675,4,27.8,76.63
2020,6,14,8,15,472,705,4.1000000000000005,27.900000000000002,76.18
2020,6,14,8,30,526,731,4.1000000000000005,28,75.74
2020,6,14,8,45,579,757,4.1000000000000005,28.200000000000003,74.13
2020,6,14,9,0,630,776,4.1000000000000005,28.3,73.7
2020,6,14,9,15,266,20,4.1000000000000005,28.5,72.85000000000001
2020,6,14,9,30,725,807,4.1000000000000005,28.6,72.43
2020,6,14,9,45,448,98,4.1000000000000005,28.700000000000003,71.52
2020,6,14,10,0,809,832,4.2,28.8,71.11
2020,6,14,10,15,845,841,4.2,28.900000000000002,70.7
2020,6,14,10,30,531,111,4.2,29,70.3
2020,6,14,10,45,912,872,4.3,29.1,69.78
2020,6,14,11,0,938,877,4.3,29.200000000000003,69.38
2020,6,14,11,15,960,881,4.4,29.3,68.98
2020,6,14,11,30,977,885,4.4,29.400000000000002,68.59
2020,6,14,11,45,989,883,4.4,29.400000000000002,68.71000000000001
2020,6,14,12,0,609,114,4.5,29.5,68.32000000000001
2020,6,14,12,15,1003,886,4.5,29.6,67.93
2020,6,14,12,30,616,116,4.5,29.6,67.93
2020,6,14,12,45,999,880,4.6000000000000005,29.700000000000003,67.58
2020,6,14,13,0,825,402,4.6000000000000005,29.700000000000003,67.58
2020,6,14,13,15,978,876,4.6000000000000005,29.700000000000003,67.58
2020,6,14,13,30,962,873,4.6000000000000005,29.700000000000003,67.58
2020,6,14,13,45,936,850,4.7,29.700000000000003,67.3
2020,6,14,14,0,765,412,4.7,29.700000000000003,67.3
2020,6,14,14,15,795,496,4.7,29.6,67.69
2020,6,14,14,30,622,234,4.7,29.6,67.69
2020,6,14,14,45,634,298,4.7,29.6,67.25
2020,6,14,15,0,563,230,4.7,29.5,67.64
2020,6,14,15,15,409,81,4.7,29.400000000000002,68.03
2020,6,14,15,30,315,36,4.800000000000001,29.400000000000002,68.03
2020,6,14,15,45,292,35,4.800000000000001,29.3,68.16
2020,6,14,16,0,235,18,4.800000000000001,29.200000000000003,68.55
2020,6,14,16,15,220,19,4.800000000000001,29.1,68.95
2020,6,14,16,30,239,45,4.800000000000001,29,69.35000000000001
2020,6,14,16,45,196,29,4.7,28.900000000000002,69.57000000000001
2020,6,14,17,0,142,4,4.7,28.700000000000003,70.37
2020,6,14,17,15,111,0,4.7,28.6,70.78
2020,6,14,17,30,182,171,4.6000000000000005,28.400000000000002,71.60000000000001
2020,6,14,17,45,134,118,4.5,28.200000000000003,72.61
2020,6,14,18,0,115,182,4.4,28.1,73.03
2020,6,14,18,15,73,110,4.3,27.900000000000002,73.88
2020,6,14,18,30,43,83,4.2,27.700000000000003,74.82000000000001
2020,6,14,18,45,16,0,4.1000000000000005,27.6,76.41
2020,6,14,19,0,0,0,3.9000000000000004,27.400000000000002,77.31
2020,6,14,19,15,0,0,3.9000000000000004,27.400000000000002,77.31
2020,6,14,19,30,0,0,3.9000000000000004,27.400000000000002,77.31
2020,6,14,19,45,0,0,3.9000000000000004,27.400000000000002,77.31
2020,6,14,20,0,0,0,3.9000000000000004,27.200000000000003,79.10000000000001
2020,6,14,20,15,0,0,3.8000000000000003,27.1,79.56
2020,6,14,20,30,0,0,3.8000000000000003,27.1,79.56
2020,6,14,20,45,0,0,3.8000000000000003,27,80.38
2020,6,14,21,0,0,0,3.8000000000000003,27,80.38
2020,6,14,21,15,0,0,3.8000000000000003,26.900000000000002,80.86
2020,6,14,21,30,0,0,3.8000000000000003,26.900000000000002,80.86
2020,6,14,21,45,0,0,3.8000000000000003,26.8,81.48
2020,6,14,22,0,0,0,3.8000000000000003,26.8,81.48
2020,6,14,22,15,0,0,3.8000000000000003,26.700000000000003,81.96000000000001
2020,6,14,22,30,0,0,3.8000000000000003,26.700000000000003,81.96000000000001
2020,6,14,22,45,0,0,3.8000000000000003,26.6,82.93
2020,6,14,23,0,0,0,3.8000000000000003,26.6,82.93
2020,6,14,23,15,0,0,3.8000000000000003,26.5,83.42
2020,6,14,23,30,0,0,3.8000000000000003,26.5,83.42
2020,6,14,23,45,0,0,3.9000000000000004,26.5,83.52
2020,6,15,0,0,0,0,3.9000000000000004,26.400000000000002,84.01
2020,6,15,0,15,0,0,3.9000000000000004,26.400000000000002,84.01
2020,6,15,0,30,0,0,3.9000000000000004,26.400000000000002,84.01
2020,6,15,0,45,0,0,3.9000000000000004,26.400000000000002,83.46000000000001
2020,6,15,1,0,0,0,4,26.3,83.95
2020,6,15,1,15,0,0,4,26.3,83.95
2020,6,15,1,30,0,0,4,26.3,83.95
2020,6,15,1,45,0,0,4,26.3,83.11
2020,6,15,2,0,0,0,4,26.200000000000003,83.60000000000001
2020,6,15,2,15,0,0,4,26.200000000000003,83.60000000000001
2020,6,15,2,30,0,0,4,26.200000000000003,83.60000000000001
2020,6,15,2,45,0,0,4,26.1,83.60000000000001
2020,6,15,3,0,0,0,4,26.1,83.60000000000001
2020,6,15,3,15,0,0,4,26.1,83.60000000000001
2020,6,15,3,30,0,0,3.9000000000000004,26,84.10000000000001
2020,6,15,3,45,0,0,3.9000000000000004,26,83.73
2020,6,15,4,0,0,0,3.9000000000000004,26,83.73
2020,6,15,4,15,0,0,3.9000000000000004,25.900000000000002,84.22
2020,6,15,4,30,0,0,3.9000000000000004,25.900000000000002,84.22
2020,6,15,4,45,0,0,3.9000000000000004,25.900000000000002,84.14
2020,6,15,5,0,0,0,3.9000000000000004,25.900000000000002,84.14
2020,6,15,5,15,0,0,3.9000000000000004,26,83.64
2020,6,15,5,30,0,0,3.9000000000000004,26.1,83.15
2020,6,15,5,45,0,0,4,26.200000000000003,83.04
2020,6,15,6,0,18,73,4,26.3,82.55
2020,6,15,6,15,43,157,4.1000000000000005,26.5,81.59
2020,6,15,6,30,94,348,4.2,26.700000000000003,80.64
2020,6,15,6,45,144,448,4.3,26.900000000000002,78.47
2020,6,15,7,0,198,526,4.4,27.1,77.56
2020,6,15,7,15,254,587,4.6000000000000005,27.3,76.66
2020,6,15,7,30,311,637,4.7,27.5,75.77
2020,6,15,7,45,107,0,4.800000000000001,27.700000000000003,72.85000000000001
2020,6,15,8,0,424,705,4.9,27.900000000000002,72.01
2020,6,15,8,15,480,735,4.9,28.1,71.18
2020,6,15,8,30,535,760,5,28.3,70.36
2020,6,15,8,45,586,770,5.1000000000000005,28.5,68.58
2020,6,15,9,0,483,287,5.2,28.700000000000003,67.79
2020,6,15,9,15,506,259,5.2,28.900000000000002,67.02
2020,6,15,9,30,539,257,5.300000000000001,29.1,66.25
2020,6,15,9,45,774,822,5.300000000000001,29.200000000000003,65.07000000000001
2020,6,15,10,0,336,27,5.300000000000001,29.400000000000002,64.33
2020,6,15,10,15,415,49,5.4,29.5,63.96
2020,6,15,10,30,627,216,5.4,29.6,63.6
2020,6,15,10,45,911,843,5.4,29.700000000000003,62.910000000000004
2020,6,15,11,0,937,849,5.4,29.900000000000002,62.190000000000005
2020,6,15,11,15,959,854,5.4,29.900000000000002,62.190000000000005
2020,6,15,11,30,977,858,5.4,30,61.84
2020,6,15,11,45,989,854,5.4,30.1,61.15
2020,6,15,12,0,998,856,5.4,30.1,61.15
2020,6,15,12,15,1003,857,5.4,30.1,61.15
2020,6,15,12,30,1004,857,5.4,30.200000000000003,60.74
2020,6,15,12,45,999,853,5.4,30.200000000000003,60.36
2020,6,15,13,0,991,851,5.300000000000001,30.200000000000003,60.36
2020,6,15,13,15,978,849,5.300000000000001,30.200000000000003,60.36
2020,6,15,13,30,961,845,5.300000000000001,30.200000000000003,60.36
2020,6,15,13,45,944,855,5.300000000000001,30.200000000000003,60.53
2020,6,15,14,0,919,849,5.2,30.1,60.88
2020,6,15,14,15,890,842,5.2,30.1,60.88
2020,6,15,14,30,858,834,5.2,30,61.230000000000004
2020,6,15,14,45,821,821,5.2,29.900000000000002,61.86
2020,6,15,15,0,781,810,5.2,29.900000000000002,61.86
2020,6,15,15,15,738,797,5.1000000000000005,29.8,62.21
2020,6,15,15,30,692,781,5.1000000000000005,29.6,62.93
2020,6,15,15,45,295,37,5.1000000000000005,29.5,63.74
2020,6,15,16,0,593,746,5.1000000000000005,29.400000000000002,64.11
2020,6,15,16,15,160,1,5,29.3,64.48
2020,6,15,16,30,228,36,5,29.200000000000003,64.85
2020,6,15,16,45,431,673,5,29,65.67
2020,6,15,17,0,375,638,4.9,28.900000000000002,66.05
2020,6,15,17,15,318,596,4.800000000000001,28.700000000000003,66.82000000000001
2020,6,15,17,30,262,546,4.7,28.5,67.59
2020,6,15,17,45,207,489,4.6000000000000005,28.3,69.15
2020,6,15,18,0,153,413,4.5,28.200000000000003,69.55
2020,6,15,18,15,103,319,4.3,28,70.36
2020,6,15,18,30,58,202,4.2,27.8,71.18
2020,6,15,18,45,24,77,4,27.6,74.96000000000001
2020,6,15,19,0,0,0,3.9000000000000004,27.400000000000002,75.84
2020,6,15,19,15,0,0,3.9000000000000004,27.400000000000002,75.84
2020,6,15,19,30,0,0,3.9000000000000004,27.400000000000002,75.84
2020,6,15,19,45,0,0,3.9000000000000004,27.400000000000002,75.84
2020,6,15,20,0,0,0,3.7,27.200000000000003,78.93
2020,6,15,20,15,0,0,3.6,27.200000000000003,78.93
2020,6,15,20,30,0,0,3.6,27.1,79.39
2020,6,15,20,45,0,0,3.5,27.1,80.71000000000001
2020,6,15,21,0,0,0,3.5,27,81.18
2020,6,15,21,15,0,0,3.4000000000000004,26.900000000000002,81.66
2020,6,15,21,30,0,0,3.4000000000000004,26.900000000000002,81.66
2020,6,15,21,45,0,0,3.4000000000000004,26.8,82.98
2020,6,15,22,0,0,0,3.3000000000000003,26.8,82.98
2020,6,15,22,15,0,0,3.3000000000000003,26.700000000000003,83.47
2020,6,15,22,30,0,0,3.3000000000000003,26.6,83.96000000000001
2020,6,15,22,45,0,0,3.3000000000000003,26.6,84.04
2020,6,15,23,0,0,0,3.3000000000000003,26.5,84.54
2020,6,15,23,15,0,0,3.3000000000000003,26.400000000000002,85.03
2020,6,15,23,30,0,0,3.2,26.400000000000002,85.03
2020,6,15,23,45,0,0,3.2,26.3,85.65
2020,6,16,0,0,0,0,3.2,26.3,85.65
2020,6,16,0,15,0,0,3.2,26.200000000000003,86.16
2020,6,16,0,30,0,0,3.1,26.200000000000003,86.16
2020,6,16,0,45,0,0,3.1,26.1,86.73
2020,6,16,1,0,0,0,3.1,26.1,86.73
2020,6,16,1,15,0,0,3.1,26.1,86.73
2020,6,16,1,30,0,0,3,26.1,86.73
2020,6,16,1,45,0,0,3,26,87.18
2020,6,16,2,0,0,0,3,26,87.18
2020,6,16,2,15,0,0,2.9000000000000004,26,87.18
2020,6,16,2,30,0,0,2.9000000000000004,26,87.18
2020,6,16,2,45,0,0,2.9000000000000004,26,87.17
2020,6,16,3,0,0,0,2.9000000000000004,25.900000000000002,87.69
2020,6,16,3,15,0,0,2.9000000000000004,25.900000000000002,87.69
2020,6,16,3,30,0,0,2.9000000000000004,25.900000000000002,87.69
2020,6,16,3,45,0,0,2.9000000000000004,25.900000000000002,87.92
2020,6,16,4,0,0,0,2.9000000000000004,25.900000000000002,87.92
2020,6,16,4,15,0,0,2.9000000000000004,25.900000000000002,87.92
2020,6,16,4,30,0,0,2.9000000000000004,25.8,88.44
2020,6,16,4,45,0,0,3,25.8,88.68
2020,6,16,5,0,0,0,3,25.8,88.68
2020,6,16,5,15,0,0,3.1,25.900000000000002,88.15
2020,6,16,5,30,0,0,3.2,26,87.72
2020,6,16,5,45,0,0,3.3000000000000003,26.1,87.87
2020,6,16,6,0,18,98,3.4000000000000004,26.3,86.85000000000001
2020,6,16,6,15,51,254,3.5,26.400000000000002,86.34
2020,6,16,6,30,94,380,3.6,26.5,85.83
2020,6,16,6,45,145,480,3.8000000000000003,26.700000000000003,84.5
2020,6,16,7,0,198,554,3.9000000000000004,26.8,84.01
2020,6,16,7,15,254,613,4,27,83.03
2020,6,16,7,30,310,659,4,27.1,82.55
2020,6,16,7,45,15,0,4.1000000000000005,27.3,80.53
2020,6,16,8,0,423,727,4.2,27.400000000000002,80.06
2020,6,16,8,15,101,0,4.3,27.6,79.13
2020,6,16,8,30,119,0,4.4,27.700000000000003,78.67
2020,6,16,8,45,584,792,4.4,27.900000000000002,76.83
2020,6,16,9,0,635,810,4.5,28,76.38
2020,6,16,9,15,684,825,4.6000000000000005,28.1,75.94
2020,6,16,9,30,729,838,4.6000000000000005,28.3,75.06
2020,6,16,9,45,772,847,4.7,28.400000000000002,73.83
2020,6,16,10,0,812,857,4.7,28.5,73.41
2020,6,16,10,15,849,866,4.800000000000001,28.6,72.98
2020,6,16,10,30,882,873,4.9,28.8,72.15
2020,6,16,10,45,906,859,4.9,28.900000000000002,71.45
2020,6,16,11,0,932,865,5,29,71.03
2020,6,16,11,15,954,869,5,29.1,70.63
2020,6,16,11,30,972,873,5.1000000000000005,29.200000000000003,70.22
2020,6,16,11,45,985,874,5.1000000000000005,29.3,69.77
2020,6,16,12,0,994,875,5.1000000000000005,29.400000000000002,69.37
2020,6,16,12,15,999,876,5.2,29.400000000000002,69.3
2020,6,16,12,30,1000,877,5.2,29.5,68.91
2020,6,16,12,45,995,873,5.2,29.5,68.92
2020,6,16,13,0,987,871,5.2,29.6,68.53
2020,6,16,13,15,975,869,5.2,29.6,68.53
2020,6,16,13,30,631,153,5.2,29.6,68.53
2020,6,16,13,45,939,868,5.2,29.6,68.56
2020,6,16,14,0,915,862,5.2,29.6,68.56
2020,6,16,14,15,545,119,5.1000000000000005,29.5,68.95
2020,6,16,14,30,500,98,5.1000000000000005,29.5,68.95
2020,6,16,14,45,817,835,5.1000000000000005,29.400000000000002,69.42
2020,6,16,15,0,351,35,5.1000000000000005,29.400000000000002,69.42
2020,6,16,15,15,735,812,5.1000000000000005,29.3,69.82000000000001
2020,6,16,15,30,690,798,5,29.200000000000003,70.22
2020,6,16,15,45,642,781,5,29.1,70.95
2020,6,16,16,0,592,762,5,29,71.36
2020,6,16,16,15,129,0,5,28.900000000000002,71.77
2020,6,16,16,30,81,0,5,28.8,72.19
2020,6,16,16,45,431,688,4.9,28.6,73.21000000000001
2020,6,16,17,0,53,0,4.9,28.5,73.64
2020,6,16,17,15,318,614,4.9,28.3,74.5
2020,6,16,17,30,262,565,4.800000000000001,28.200000000000003,74.93
2020,6,16,17,45,207,513,4.800000000000001,28,76.24
2020,6,16,18,0,154,440,4.7,27.8,77.13
2020,6,16,18,15,104,346,4.7,27.700000000000003,77.58
2020,6,16,18,30,59,228,4.6000000000000005,27.5,78.49
2020,6,16,18,45,24,94,4.6000000000000005,27.400000000000002,79.88
2020,6,16,19,0,0,0,4.5,27.3,80.35000000000001
2020,6,16,19,15,0,0,4.5,27.3,80.35000000000001
2020,6,16,19,30,0,0,4.5,27.3,80.35000000000001
2020,6,16,19,45,0,0,4.5,27.3,80.35000000000001
2020,6,16,20,0,0,0,4.5,27.1,81.65
2020,6,16,20,15,0,0,4.5,27.1,81.65
2020,6,16,20,30,0,0,4.5,27,82.13
2020,6,16,20,45,0,0,4.5,27,81.96000000000001
2020,6,16,21,0,0,0,4.5,27,81.96000000000001
2020,6,16,21,15,0,0,4.5,26.900000000000002,82.45
2020,6,16,21,30,0,0,4.5,26.900000000000002,82.45
2020,6,16,21,45,0,0,4.5,26.900000000000002,82.27
2020,6,16,22,0,0,0,4.5,26.8,82.75
2020,6,16,22,15,0,0,4.5,26.8,82.75
2020,6,16,22,30,0,0,4.5,26.8,82.75
2020,6,16,22,45,0,0,4.4,26.700000000000003,83.23
2020,6,16,23,0,0,0,4.4,26.700000000000003,83.23
2020,6,16,23,15,0,0,4.4,26.700000000000003,83.23
2020,6,16,23,30,0,0,4.4,26.6,83.72
2020,6,16,23,45,0,0,4.4,26.6,83.9
2020,6,17,0,0,0,0,4.4,26.5,84.4
2020,6,17,0,15,0,0,4.3,26.5,84.31
2020,6,17,0,30,0,0,4.3,26.5,84.31
2020,6,17,0,45,0,0,4.3,26.400000000000002,84.7
2020,6,17,1,0,0,0,4.3,26.400000000000002,84.7
2020,6,17,1,15,0,0,4.3,26.3,85.2
2020,6,17,1,30,0,0,4.3,26.3,85.2
2020,6,17,1,45,0,0,4.3,26.3,84.74
2020,6,17,2,0,0,0,4.3,26.200000000000003,85.24
2020,6,17,2,15,0,0,4.3,26.200000000000003,85.24
2020,6,17,2,30,0,0,4.3,26.200000000000003,85.24
2020,6,17,2,45,0,0,4.3,26.1,85.10000000000001
2020,6,17,3,0,0,0,4.3,26.1,85.10000000000001
2020,6,17,3,15,0,0,4.3,26.1,85.10000000000001
2020,6,17,3,30,0,0,4.3,26.1,85.10000000000001
2020,6,17,3,45,0,0,4.2,26.1,84.41
2020,6,17,4,0,0,0,4.2,26,84.9
2020,6,17,4,15,0,0,4.2,26,84.9
2020,6,17,4,30,0,0,4.2,26,84.9
2020,6,17,4,45,0,0,4.2,26,84.22
2020,6,17,5,0,0,0,4.2,26,84.22
2020,6,17,5,15,0,0,4.3,26.1,83.73
2020,6,17,5,30,0,0,4.3,26.200000000000003,83.23
2020,6,17,5,45,0,0,4.4,26.3,82.26
2020,6,17,6,0,17,66,4.5,26.400000000000002,81.78
2020,6,17,6,15,49,216,4.6000000000000005,26.6,80.82000000000001
2020,6,17,6,30,92,345,4.6000000000000005,26.8,79.96000000000001
2020,6,17,6,45,142,442,4.7,27,77.69
2020,6,17,7,0,195,520,4.800000000000001,27.1,77.23
2020,6,17,7,15,251,582,4.800000000000001,27.3,76.34
2020,6,17,7,30,308,633,4.800000000000001,27.5,75.45
2020,6,17,7,45,365,672,4.800000000000001,27.700000000000003,73.62
2020,6,17,8,0,422,707,4.9,27.900000000000002,72.77
2020,6,17,8,15,155,1,4.9,28,72.34
2020,6,17,8,30,532,760,4.9,28.200000000000003,71.51
2020,6,17,8,45,584,778,4.9,28.400000000000002,70.34
2020,6,17,9,0,636,796,4.9,28.5,69.93
2020,6,17,9,15,306,35,5,28.700000000000003,69.13
2020,6,17,9,30,240,12,5,28.8,68.73
2020,6,17,9,45,774,837,5,29,67.73
2020,6,17,10,0,367,36,5.1000000000000005,29.1,67.34
2020,6,17,10,15,225,10,5.1000000000000005,29.200000000000003,66.95
2020,6,17,10,30,381,31,5.1000000000000005,29.3,66.57000000000001
2020,6,17,10,45,914,869,5.2,29.400000000000002,66.39
2020,6,17,11,0,376,25,5.2,29.5,66.01
2020,6,17,11,15,961,878,5.2,29.6,65.57000000000001
2020,6,17,11,30,711,234,5.2,29.6,65.57000000000001
2020,6,17,11,45,375,22,5.2,29.700000000000003,65.63
2020,6,17,12,0,1001,883,5.2,29.700000000000003,65.63
2020,6,17,12,15,528,63,5.2,29.700000000000003,65.63
2020,6,17,12,30,398,25,5.2,29.700000000000003,65.63
2020,6,17,12,45,572,88,5.2,29.700000000000003,65.8
2020,6,17,13,0,993,878,5.2,29.700000000000003,65.8
2020,6,17,13,15,981,876,5.1000000000000005,29.700000000000003,65.8
2020,6,17,13,30,965,873,5.1000000000000005,29.700000000000003,65.73
2020,6,17,13,45,938,845,5,29.700000000000003,65.81
2020,6,17,14,0,913,839,5,29.700000000000003,65.81
2020,6,17,14,15,885,832,5,29.6,66.19
2020,6,17,14,30,397,39,4.9,29.6,66.19
2020,6,17,14,45,420,58,4.9,29.5,66.76
2020,6,17,15,0,776,803,4.800000000000001,29.400000000000002,67.15
2020,6,17,15,15,734,790,4.800000000000001,29.3,67.53
2020,6,17,15,30,688,775,4.7,29.200000000000003,67.92
2020,6,17,15,45,640,757,4.7,29.200000000000003,68.32000000000001
2020,6,17,16,0,430,233,4.6000000000000005,29.1,68.72
2020,6,17,16,15,538,715,4.6000000000000005,28.900000000000002,69.51
2020,6,17,16,30,484,689,4.5,28.8,69.92
2020,6,17,16,45,429,660,4.5,28.700000000000003,70.4
2020,6,17,17,0,373,624,4.4,28.6,70.81
2020,6,17,17,15,316,582,4.3,28.400000000000002,71.64
2020,6,17,17,30,260,531,4.2,28.3,72.05
2020,6,17,17,45,206,480,4.2,28.1,73.26
2020,6,17,18,0,153,405,4.1000000000000005,27.900000000000002,74.11
2020,6,17,18,15,89,225,4,27.8,74.55
2020,6,17,18,30,59,194,3.8000000000000003,27.6,75.42
2020,6,17,18,45,24,72,3.7,27.400000000000002,77.88
2020,6,17,19,0,0,0,3.6,27.200000000000003,78.88
2020,6,17,19,15,0,0,3.6,27.200000000000003,78.88
2020,6,17,19,30,0,0,3.6,27.200000000000003,78.88
2020,6,17,19,45,0,0,3.6,27.200000000000003,78.88
2020,6,17,20,0,0,0,3.5,26.900000000000002,81.56
2020,6,17,20,15,0,0,3.5,26.8,82.04
2020,6,17,20,30,0,0,3.5,26.8,82.04
2020,6,17,20,45,0,0,3.4000000000000004,26.700000000000003,83.13
2020,6,17,21,0,0,0,3.4000000000000004,26.700000000000003,83.21000000000001
2020,6,17,21,15,0,0,3.4000000000000004,26.6,83.7
2020,6,17,21,30,0,0,3.4000000000000004,26.6,83.7
2020,6,17,21,45,0,0,3.4000000000000004,26.6,83.94
2020,6,17,22,0,0,0,3.4000000000000004,26.5,84.44
2020,6,17,22,15,0,0,3.4000000000000004,26.5,84.44
2020,6,17,22,30,0,0,3.4000000000000004,26.5,84.44
2020,6,17,22,45,0,0,3.4000000000000004,26.400000000000002,85.08
2020,6,17,23,0,0,0,3.4000000000000004,26.400000000000002,85.08
2020,6,17,23,15,0,0,3.4000000000000004,26.400000000000002,85.08
2020,6,17,23,30,0,0,3.3000000000000003,26.3,85.59
2020,6,17,23,45,0,0,3.3000000000000003,26.3,85.48
2020,6,18,0,0,0,0,3.3000000000000003,26.200000000000003,85.98
2020,6,18,0,15,0,0,3.3000000000000003,26.200000000000003,85.98
2020,6,18,0,30,0,0,3.3000000000000003,26.200000000000003,85.98
2020,6,18,0,45,0,0,3.3000000000000003,26.1,86.37
2020,6,18,1,0,0,0,3.2,26.1,86.37
2020,6,18,1,15,0,0,3.2,26.1,86.37
2020,6,18,1,30,0,0,3.2,26.1,86.28
2020,6,18,1,45,0,0,3.2,26,86.5
2020,6,18,2,0,0,0,3.2,26,86.5
2020,6,18,2,15,0,0,3.2,26,86.5
2020,6,18,2,30,0,0,3.3000000000000003,26,86.5
2020,6,18,2,45,0,0,3.3000000000000003,26,86.18
2020,6,18,3,0,0,0,3.3000000000000003,25.900000000000002,86.68
2020,6,18,3,15,0,0,3.3000000000000003,25.900000000000002,86.68
2020,6,18,3,30,0,0,3.3000000000000003,25.900000000000002,86.68
2020,6,18,3,45,0,0,3.3000000000000003,25.900000000000002,86.35000000000001
2020,6,18,4,0,0,0,3.3000000000000003,25.900000000000002,86.35000000000001
2020,6,18,4,15,0,0,3.3000000000000003,25.900000000000002,86.35000000000001
2020,6,18,4,30,0,0,3.4000000000000004,25.900000000000002,86.35000000000001
2020,6,18,4,45,0,0,3.4000000000000004,25.900000000000002,86.07000000000001
2020,6,18,5,0,0,0,3.4000000000000004,25.900000000000002,86.07000000000001
2020,6,18,5,15,0,0,3.5,26,85.65
2020,6,18,5,30,0,0,3.5,26.1,85.14
2020,6,18,5,45,0,0,3.6,26.200000000000003,85.39
2020,6,18,6,0,16,55,3.7,26.3,84.89
2020,6,18,6,15,32,42,3.8000000000000003,26.5,83.9
2020,6,18,6,30,91,326,3.9000000000000004,26.700000000000003,82.92
2020,6,18,6,45,141,434,3.9000000000000004,26.900000000000002,80.87
2020,6,18,7,0,194,513,4,27.1,79.93
2020,6,18,7,15,250,576,4.1000000000000005,27.3,79
2020,6,18,7,30,306,627,4.2,27.5,78.09
2020,6,18,7,45,364,674,4.3,27.8,73.9
2020,6,18,8,0,422,710,4.3,28,73.05
2020,6,18,8,15,478,739,4.4,28.200000000000003,72.28
2020,6,18,8,30,203,14,4.4,28.400000000000002,71.45
2020,6,18,8,45,587,787,4.4,28.6,69.03
2020,6,18,9,0,350,82,4.5,28.8,68.24
2020,6,18,9,15,311,37,4.5,28.900000000000002,67.84
2020,6,18,9,30,733,835,4.5,29.1,67.07000000000001
2020,6,18,9,45,777,845,4.6000000000000005,29.200000000000003,66.35
2020,6,18,10,0,817,855,4.6000000000000005,29.400000000000002,65.59
2020,6,18,10,15,855,864,4.6000000000000005,29.5,65.22
2020,6,18,10,30,888,872,4.7,29.6,64.85
2020,6,18,10,45,918,878,4.7,29.700000000000003,64.84
2020,6,18,11,0,945,884,4.7,29.900000000000002,64.1
2020,6,18,11,15,967,889,4.800000000000001,29.900000000000002,64.1
2020,6,18,11,30,550,83,4.800000000000001,30,63.74
2020,6,18,11,45,996,885,4.9,30,64.51
2020,6,18,12,0,1005,887,4.9,30.1,64.14
2020,6,18,12,15,1009,887,4.9,30.1,64.14
2020,6,18,12,30,1010,887,4.9,30.1,64.14
2020,6,18,12,45,1004,878,5,30.1,64.83
2020,6,18,13,0,996,877,5,30.1,64.77
2020,6,18,13,15,984,874,5,30.1,64.77
2020,6,18,13,30,967,871,5,30.1,64.77
2020,6,18,13,45,948,871,5,30,65.62
2020,6,18,14,0,923,866,5,30,65.62
2020,6,18,14,15,893,858,5,29.900000000000002,65.99
2020,6,18,14,30,861,850,5,29.900000000000002,65.99
2020,6,18,14,45,824,839,4.9,29.8,67.05
2020,6,18,15,0,785,829,4.9,29.700000000000003,67.37
2020,6,18,15,15,742,816,4.9,29.6,67.76
2020,6,18,15,30,697,802,4.9,29.5,68.15
2020,6,18,15,45,648,784,4.9,29.5,68.98
2020,6,18,16,0,598,765,4.9,29.400000000000002,69.38
2020,6,18,16,15,545,744,4.9,29.200000000000003,70.18
2020,6,18,16,30,491,719,4.800000000000001,29.1,70.58
2020,6,18,16,45,435,685,4.800000000000001,29,71.58
2020,6,18,17,0,378,651,4.800000000000001,28.8,72.41
2020,6,18,17,15,322,610,4.7,28.700000000000003,72.83
2020,6,18,17,30,265,560,4.7,28.5,73.75
2020,6,18,17,45,210,504,4.6000000000000005,28.3,75.65
2020,6,18,18,0,156,430,4.5,28.1,76.54
2020,6,18,18,15,105,336,4.4,27.900000000000002,77.43
2020,6,18,18,30,46,102,4.3,27.700000000000003,78.33
2020,6,18,18,45,15,0,4.1000000000000005,27.5,81.49
2020,6,18,19,0,0,0,4,27.400000000000002,81.96000000000001
2020,6,18,19,15,0,0,4,27.400000000000002,81.96000000000001
2020,6,18,19,30,0,0,4,27.400000000000002,81.96000000000001
2020,6,18,19,45,0,0,4,27.400000000000002,81.96000000000001
2020,6,18,20,0,0,0,3.9000000000000004,27.1,84.68
2020,6,18,20,15,0,0,3.8000000000000003,27.1,84.68
2020,6,18,20,30,0,0,3.8000000000000003,27,85.17
2020,6,18,20,45,0,0,3.8000000000000003,27,85.28
2020,6,18,21,0,0,0,3.8000000000000003,26.900000000000002,85.78
2020,6,18,21,15,0,0,3.8000000000000003,26.900000000000002,85.87
2020,6,18,21,30,0,0,3.8000000000000003,26.8,86.37
2020,6,18,21,45,0,0,3.8000000000000003,26.8,86.37
2020,6,18,22,0,0,0,3.7,26.8,86.37
2020,6,18,22,15,0,0,3.7,26.700000000000003,86.88
2020,6,18,22,30,0,0,3.7,26.700000000000003,86.88
2020,6,18,22,45,0,0,3.7,26.6,87.08
2020,6,18,23,0,0,0,3.7,26.6,87.08
2020,6,18,23,15,0,0,3.7,26.6,86.99
2020,6,18,23,30,0,0,3.7,26.5,87.5
2020,6,18,23,45,0,0,3.6,26.5,86.75
2020,6,19,0,0,0,0,3.6,26.400000000000002,87.27
2020,6,19,0,15,0,0,3.6,26.400000000000002,87.27
2020,6,19,0,30,0,0,3.6,26.400000000000002,87.27
2020,6,19,0,45,0,0,3.6,26.3,86.91
2020,6,19,1,0,0,0,3.6,26.3,86.91
2020,6,19,1,15,0,0,3.6,26.3,86.91
2020,6,19,1,30,0,0,3.6,26.3,86.82000000000001
2020,6,19,1,45,0,0,3.6,26.200000000000003,86.36
2020,6,19,2,0,0,0,3.6,26.200000000000003,86.36
2020,6,19,2,15,0,0,3.6,26.200000000000003,86.36
2020,6,19,2,30,0,0,3.6,26.200000000000003,86.36
2020,6,19,2,45,0,0,3.6,26.200000000000003,84.99
2020,6,19,3,0,0,0,3.7,26.200000000000003,84.99
2020,6,19,3,15,0,0,3.7,26.1,85.49
2020,6,19,3,30,0,0,3.7,26.1,85.49
2020,6,19,3,45,0,0,3.7,26.1,84.04
2020,6,19,4,0,0,0,3.7,26,84.62
2020,6,19,4,15,0,0,3.7,26,84.62
2020,6,19,4,30,0,0,3.7,26,84.62
2020,6,19,4,45,0,0,3.7,26,84.10000000000001
2020,6,19,5,0,0,0,3.7,25.900000000000002,84.59
2020,6,19,5,15,0,0,3.7,26,84.10000000000001
2020,6,19,5,30,0,0,3.7,26.200000000000003,83.11
2020,6,19,5,45,0,0,3.7,26.3,82.99
2020,6,19,6,0,16,34,3.8000000000000003,26.400000000000002,82.51
2020,6,19,6,15,47,160,3.9000000000000004,26.700000000000003,81.15
2020,6,19,6,30,89,286,4,26.900000000000002,80.2
2020,6,19,6,45,138,386,4.1000000000000005,27.1,78.22
2020,6,19,7,0,192,468,4.2,27.400000000000002,76.86
2020,6,19,7,15,247,535,4.2,27.6,75.97
2020,6,19,7,30,304,589,4.3,27.8,75.09
2020,6,19,7,45,361,632,4.3,28,73.54
2020,6,19,8,0,418,669,4.4,28.200000000000003,72.69
2020,6,19,8,15,474,701,4.4,28.400000000000002,71.86
2020,6,19,8,30,530,729,4.4,28.6,71.03
2020,6,19,8,45,582,748,4.5,28.8,69.79
2020,6,19,9,0,633,768,4.5,29,68.99
2020,6,19,9,15,683,786,4.6000000000000005,29.200000000000003,68.2
2020,6,19,9,30,729,801,4.6000000000000005,29.400000000000002,67.42
2020,6,19,9,45,772,810,4.6000000000000005,29.6,66.33
2020,6,19,10,0,812,820,4.7,29.8,65.57000000000001
2020,6,19,10,15,849,831,4.7,29.900000000000002,65.2
2020,6,19,10,30,883,839,4.7,30,64.83
2020,6,19,10,45,915,852,4.7,30.1,64.46000000000001
2020,6,19,11,0,941,858,4.800000000000001,30.200000000000003,64.09
2020,6,19,11,15,963,863,4.800000000000001,30.3,63.730000000000004
2020,6,19,11,30,980,866,4.800000000000001,30.400000000000002,63.370000000000005
2020,6,19,11,45,993,865,4.800000000000001,30.400000000000002,63.33
2020,6,19,12,0,1002,867,4.800000000000001,30.5,62.97
2020,6,19,12,15,1007,868,4.800000000000001,30.5,62.97
2020,6,19,12,30,1008,869,4.800000000000001,30.5,62.97
2020,6,19,12,45,1004,865,4.800000000000001,30.5,62.910000000000004
2020,6,19,13,0,996,863,4.800000000000001,30.5,62.910000000000004
2020,6,19,13,15,984,860,4.7,30.5,62.910000000000004
2020,6,19,13,30,967,857,4.7,30.5,62.910000000000004
2020,6,19,13,45,946,849,4.7,30.400000000000002,63.26
2020,6,19,14,0,921,844,4.7,30.400000000000002,63.26
2020,6,19,14,15,892,837,4.7,30.3,63.620000000000005
2020,6,19,14,30,860,828,4.7,30.3,63.620000000000005
2020,6,19,14,45,824,819,4.6000000000000005,30.200000000000003,63.84
2020,6,19,15,0,784,808,4.6000000000000005,30.1,64.14
2020,6,19,15,15,742,795,4.6000000000000005,30,64.51
2020,6,19,15,30,696,780,4.6000000000000005,29.900000000000002,64.88
2020,6,19,15,45,649,764,4.6000000000000005,29.8,65.09
2020,6,19,16,0,598,745,4.6000000000000005,29.700000000000003,65.46000000000001
2020,6,19,16,15,546,722,4.6000000000000005,29.6,65.84
2020,6,19,16,30,491,695,4.6000000000000005,29.400000000000002,66.6
2020,6,19,16,45,435,665,4.6000000000000005,29.3,67.25
2020,6,19,17,0,379,629,4.6000000000000005,29.1,68.03
2020,6,19,17,15,322,586,4.6000000000000005,28.900000000000002,68.82000000000001
2020,6,19,17,30,265,535,4.6000000000000005,28.700000000000003,69.62
2020,6,19,17,45,209,473,4.6000000000000005,28.5,71.65
2020,6,19,18,0,156,398,4.6000000000000005,28.3,72.49
2020,6,19,18,15,105,303,4.5,28.1,73.33
2020,6,19,18,30,60,187,4.5,27.900000000000002,74.19
2020,6,19,18,45,25,62,4.4,27.8,76.79
2020,6,19,19,0,0,0,4.4,27.6,77.69
2020,6,19,19,15,0,0,4.4,27.6,77.69
2020,6,19,19,30,0,0,4.4,27.6,77.69
2020,6,19,19,45,0,0,4.4,27.6,77.69
2020,6,19,20,0,0,0,4.4,27.200000000000003,81.32000000000001
2020,6,19,20,15,0,0,4.4,27.200000000000003,81.32000000000001
2020,6,19,20,30,0,0,4.3,27.1,81.8
2020,6,19,20,45,0,0,4.3,27,83.76
2020,6,19,21,0,0,0,4.3,27,83.76
2020,6,19,21,15,0,0,4.3,26.900000000000002,84.25
2020,6,19,21,30,0,0,4.2,26.8,84.74
2020,6,19,21,45,0,0,4.2,26.8,86.01
2020,6,19,22,0,0,0,4.2,26.700000000000003,86.52
2020,6,19,22,15,0,0,4.2,26.700000000000003,86.52
2020,6,19,22,30,0,0,4.2,26.700000000000003,86.52
2020,6,19,22,45,0,0,4.3,26.6,86.73
2020,6,19,23,0,0,0,4.3,26.6,86.73
2020,6,19,23,15,0,0,4.3,26.6,86.73
2020,6,19,23,30,0,0,4.2,26.5,87.25
2020,6,19,23,45,0,0,4.2,26.5,86.53
2020,6,20,0,0,0,0,4.2,26.5,86.53
2020,6,20,0,15,0,0,4.2,26.400000000000002,86.95
2020,6,20,0,30,0,0,4.1000000000000005,26.400000000000002,86.95
2020,6,20,0,45,0,0,4.1000000000000005,26.400000000000002,86.5
2020,6,20,1,0,0,0,4.1000000000000005,26.3,87.01
2020,6,20,1,15,0,0,4.1000000000000005,26.3,87.01
2020,6,20,1,30,0,0,4.1000000000000005,26.3,87.01
2020,6,20,1,45,0,0,4,26.200000000000003,87.27
2020,6,20,2,0,0,0,4,26.200000000000003,87.27
2020,6,20,2,15,0,0,4,26.200000000000003,87.27
2020,6,20,2,30,0,0,4,26.1,87.79
2020,6,20,2,45,0,0,4,26.1,87.64
2020,6,20,3,0,0,0,4,26.1,87.64
2020,6,20,3,15,0,0,4,26.1,87.64
2020,6,20,3,30,0,0,4,26,88.16
2020,6,20,3,45,0,0,4,26,87.73
2020,6,20,4,0,0,0,4,26,87.73
2020,6,20,4,15,0,0,4,26,87.73
2020,6,20,4,30,0,0,4,26,87.73
2020,6,20,4,45,0,0,4,25.900000000000002,88.38
2020,6,20,5,0,0,0,4,25.900000000000002,88.38
2020,6,20,5,15,0,0,4,26,87.86
2020,6,20,5,30,0,0,4.1000000000000005,26.1,87.34
2020,6,20,5,45,0,0,4.1000000000000005,26.200000000000003,87.63
2020,6,20,6,0,11,4,4.2,26.3,87.11
2020,6,20,6,15,40,65,4.2,26.400000000000002,86.60000000000001
2020,6,20,6,30,80,162,4.3,26.6,85.59
2020,6,20,6,45,123,202,4.4,26.8,83.87
2020,6,20,7,0,173,281,4.5,27,82.98
2020,6,20,7,15,226,350,4.6000000000000005,27.200000000000003,82.02
2020,6,20,7,30,281,410,4.7,27.400000000000002,81.06
2020,6,20,7,45,327,404,4.7,27.6,77.96000000000001
2020,6,20,8,0,382,449,4.800000000000001,27.900000000000002,76.62
2020,6,20,8,15,437,488,4.800000000000001,28.1,75.73
2020,6,20,8,30,491,523,4.800000000000001,28.3,74.86
2020,6,20,8,45,534,508,4.800000000000001,28.5,73.32000000000001
2020,6,20,9,0,584,535,4.800000000000001,28.700000000000003,72.48
2020,6,20,9,15,633,559,4.800000000000001,28.8,72.06
2020,6,20,9,30,678,580,4.800000000000001,29,71.24
2020,6,20,9,45,715,571,4.800000000000001,29.1,71.03
2020,6,20,10,0,755,588,4.800000000000001,29.3,70.22
2020,6,20,10,15,795,602,4.800000000000001,29.400000000000002,69.82000000000001
2020,6,20,10,30,827,614,4.800000000000001,29.5,69.42
2020,6,20,10,45,894,784,4.800000000000001,29.6,69.9
2020,6,20,11,0,918,789,4.800000000000001,29.700000000000003,69.5
2020,6,20,11,15,941,795,4.800000000000001,29.8,69.04
2020,6,20,11,30,957,799,4.800000000000001,29.900000000000002,68.64
2020,6,20,11,45,965,782,4.800000000000001,30,69.18
2020,6,20,12,0,974,784,4.800000000000001,30,69.18
2020,6,20,12,15,978,784,4.800000000000001,30.1,68.79
2020,6,20,12,30,978,783,4.800000000000001,30.1,68.79
2020,6,20,12,45,529,64,4.800000000000001,30.1,69.46000000000001
2020,6,20,13,0,393,25,4.800000000000001,30.1,69.46000000000001
2020,6,20,13,15,500,56,4.800000000000001,30.1,69.39
2020,6,20,13,30,515,67,4.800000000000001,30,69.79
2020,6,20,13,45,205,9,4.800000000000001,30,70.45
2020,6,20,14,0,300,16,4.800000000000001,30,70.45
2020,6,20,14,15,851,708,4.800000000000001,29.900000000000002,70.86
2020,6,20,14,30,309,18,4.800000000000001,29.8,71.26
2020,6,20,14,45,229,10,4.7,29.700000000000003,72.32000000000001
2020,6,20,15,0,366,41,4.7,29.700000000000003,72.32000000000001
2020,6,20,15,15,379,58,4.7,29.6,72.74
2020,6,20,15,30,660,646,4.7,29.5,73.09
2020,6,20,15,45,123,0,4.7,29.400000000000002,74.14
2020,6,20,16,0,566,616,4.6000000000000005,29.3,74.57000000000001
2020,6,20,16,15,160,1,4.6000000000000005,29.1,75.43
2020,6,20,16,30,461,559,4.5,29,75.87
2020,6,20,16,45,18,0,4.5,28.900000000000002,76.77
2020,6,20,17,0,211,75,4.4,28.700000000000003,77.66
2020,6,20,17,15,300,457,4.3,28.6,78.19
2020,6,20,17,30,10,0,4.2,28.400000000000002,79.10000000000001
2020,6,20,17,45,195,361,4.1000000000000005,28.200000000000003,81.3
2020,6,20,18,0,143,285,4,28,82.25
2020,6,20,18,15,96,195,3.9000000000000004,27.8,83.21000000000001
2020,6,20,18,30,54,99,3.8000000000000003,27.700000000000003,83.7
2020,6,20,18,45,22,28,3.8000000000000003,27.5,87.08
2020,6,20,19,0,0,0,3.7,27.3,88.10000000000001
2020,6,20,19,15,0,0,3.7,27.3,88.10000000000001
2020,6,20,19,30,0,0,3.7,27.3,88.10000000000001
2020,6,20,19,45,0,0,3.7,27.3,88.10000000000001
2020,6,20,20,0,0,0,3.7,27.1,90.63
2020,6,20,20,15,0,0,3.8000000000000003,27,91.16
2020,6,20,20,30,0,0,3.8000000000000003,27,91.16
2020,6,20,20,45,0,0,3.8000000000000003,27,91.84
2020,6,20,21,0,0,0,3.9000000000000004,26.900000000000002,92.38
2020,6,20,21,15,0,0,3.9000000000000004,26.900000000000002,92.38
2020,6,20,21,30,0,0,3.9000000000000004,26.900000000000002,92.38
2020,6,20,21,45,0,0,3.9000000000000004,26.900000000000002,92.69
2020,6,20,22,0,0,0,3.9000000000000004,26.8,93.23
2020,6,20,22,15,0,0,3.9000000000000004,26.8,93.23
2020,6,20,22,30,0,0,3.9000000000000004,26.8,93.23
2020,6,20,22,45,0,0,3.9000000000000004,26.8,93.23
2020,6,20,23,0,0,0,3.9000000000000004,26.700000000000003,93.78
2020,6,20,23,15,0,0,3.9000000000000004,26.700000000000003,93.78
2020,6,20,23,30,0,0,3.9000000000000004,26.700000000000003,93.78
2020,6,20,23,45,0,0,3.9000000000000004,26.700000000000003,93.59
2020,6,21,0,0,0,0,3.8000000000000003,26.6,94.05
2020,6,21,0,15,0,0,3.8000000000000003,26.6,94.05
2020,6,21,0,30,0,0,3.8000000000000003,26.6,94.05
2020,6,21,0,45,0,0,3.8000000000000003,26.6,93.74
2020,6,21,1,0,0,0,3.8000000000000003,26.5,94.29
2020,6,21,1,15,0,0,3.8000000000000003,26.5,94.29
2020,6,21,1,30,0,0,3.8000000000000003,26.5,94.29
2020,6,21,1,45,0,0,3.8000000000000003,26.5,94.04
2020,6,21,2,0,0,0,3.8000000000000003,26.5,94.04
2020,6,21,2,15,0,0,3.8000000000000003,26.5,94.04
2020,6,21,2,30,0,0,3.8000000000000003,26.5,94.04
2020,6,21,2,45,0,0,3.8000000000000003,26.400000000000002,94.27
2020,6,21,3,0,0,0,3.8000000000000003,26.400000000000002,94.27
2020,6,21,3,15,0,0,3.8000000000000003,26.400000000000002,94.27
2020,6,21,3,30,0,0,3.8000000000000003,26.400000000000002,94.27
2020,6,21,3,45,0,0,3.8000000000000003,26.400000000000002,93.88
2020,6,21,4,0,0,0,3.8000000000000003,26.400000000000002,93.88
2020,6,21,4,15,0,0,3.9000000000000004,26.400000000000002,93.88
2020,6,21,4,30,0,0,3.9000000000000004,26.400000000000002,93.88
2020,6,21,4,45,0,0,3.9000000000000004,26.400000000000002,93.60000000000001
2020,6,21,5,0,0,0,3.9000000000000004,26.400000000000002,93.60000000000001
2020,6,21,5,15,0,0,4,26.5,93.05
2020,6,21,5,30,0,0,4.1000000000000005,26.5,93.05
2020,6,21,5,45,0,0,4.1000000000000005,26.6,92.75
2020,6,21,6,0,14,28,4.2,26.6,92.75
2020,6,21,6,15,44,146,4.3,26.8,91.67
2020,6,21,6,30,84,267,4.4,26.900000000000002,91.13
2020,6,21,6,45,133,376,4.4,27,90.27
2020,6,21,7,0,185,457,4.5,27.1,89.74
2020,6,21,7,15,239,522,4.6000000000000005,27.3,88.7
2020,6,21,7,30,295,577,4.7,27.400000000000002,88.27
2020,6,21,7,45,350,615,4.800000000000001,27.6,85.2
2020,6,21,8,0,406,653,4.9,27.700000000000003,84.71000000000001
2020,6,21,8,15,462,685,4.9,27.900000000000002,83.73
2020,6,21,8,30,516,712,5,28.1,82.76
2020,6,21,8,45,569,732,5,28.3,80
2020,6,21,9,0,619,752,5,28.400000000000002,79.54
2020,6,21,9,15,668,770,5,28.6,78.62
2020,6,21,9,30,179,5,5,28.700000000000003,78.17
2020,6,21,9,45,757,793,5,28.900000000000002,76.38
2020,6,21,10,0,797,805,5,29.1,75.5
2020,6,21,10,15,835,816,5,29.200000000000003,75.07000000000001
2020,6,21,10,30,868,825,5,29.3,74.64
2020,6,21,10,45,869,713,5,29.400000000000002,74.07000000000001
2020,6,21,11,0,895,721,4.9,29.5,73.64
2020,6,21,11,15,917,728,4.9,29.6,73.22
2020,6,21,11,30,935,733,4.800000000000001,29.700000000000003,72.8
2020,6,21,11,45,934,678,4.800000000000001,29.8,72.68
2020,6,21,12,0,945,682,4.7,29.900000000000002,72.2
2020,6,21,12,15,950,683,4.6000000000000005,30,71.78
2020,6,21,12,30,951,684,4.5,30,71.78
2020,6,21,12,45,932,610,4.5,30.1,71.82000000000001
2020,6,21,13,0,920,608,4.4,30.1,71.82000000000001
2020,6,21,13,15,909,604,4.3,30.1,71.82000000000001
2020,6,21,13,30,894,599,4.3,30.1,71.82000000000001
2020,6,21,13,45,847,475,4.2,30.1,71.92
2020,6,21,14,0,823,466,4.1000000000000005,30.1,71.92
2020,6,21,14,15,797,455,4.1000000000000005,30,72.33
2020,6,21,14,30,766,443,4.1000000000000005,30,72.33
2020,6,21,14,45,715,348,4,29.900000000000002,72.81
2020,6,21,15,0,678,332,4,29.900000000000002,72.81
2020,6,21,15,15,638,313,4,29.8,73.22
2020,6,21,15,30,595,293,4,29.700000000000003,73.64
2020,6,21,15,45,536,210,4,29.6,74.46000000000001
2020,6,21,16,0,490,188,4,29.5,74.89
2020,6,21,16,15,441,164,4,29.400000000000002,75.32000000000001
2020,6,21,16,30,390,139,4.1000000000000005,29.3,75.75
2020,6,21,16,45,326,83,4.1000000000000005,29.1,77.08
2020,6,21,17,0,273,62,4.1000000000000005,29,77.53
2020,6,21,17,15,220,42,4.1000000000000005,28.8,78.42
2020,6,21,17,30,167,25,4.1000000000000005,28.700000000000003,78.88
2020,6,21,17,45,107,8,4.1000000000000005,28.5,80.76
2020,6,21,18,0,62,3,4.1000000000000005,28.3,81.7
2020,6,21,18,15,26,0,4,28.200000000000003,82.18
2020,6,21,18,30,5,0,4,28,83.22
2020,6,21,18,45,0,0,4,27.8,85.66
2020,6,21,19,0,0,0,4,27.700000000000003,86.16
2020,6,21,19,15,0,0,4,27.700000000000003,86.16
2020,6,21,19,30,0,0,4,27.700000000000003,86.16
2020,6,21,19,45,0,0,4,27.700000000000003,86.16
2020,6,21,20,0,0,0,4.2,27.400000000000002,88.63
2020,6,21,20,15,0,0,4.2,27.400000000000002,88.63
2020,6,21,20,30,0,0,4.2,27.3,89.15
2020,6,21,20,45,0,0,4.3,27.3,89.41
2020,6,21,21,0,0,0,4.3,27.3,89.41
2020,6,21,21,15,0,0,4.3,27.200000000000003,89.93
2020,6,21,21,30,0,0,4.4,27.200000000000003,89.93
2020,6,21,21,45,0,0,4.4,27.200000000000003,89.62
2020,6,21,22,0,0,0,4.4,27.200000000000003,89.62
2020,6,21,22,15,0,0,4.4,27.1,90.15
2020,6,21,22,30,0,0,4.4,27.1,90.15
2020,6,21,22,45,0,0,4.4,27.1,89.96000000000001
2020,6,21,23,0,0,0,4.5,27.1,89.96000000000001
2020,6,21,23,15,0,0,4.4,27.1,89.96000000000001
2020,6,21,23,30,0,0,4.4,27,90.49
2020,6,21,23,45,0,0,4.4,27,90.66
2020,6,22,0,0,0,0,4.4,27,90.57000000000001
2020,6,22,0,15,0,0,4.3,27,90.57000000000001
2020,6,22,0,30,0,0,4.3,27,90.57000000000001
2020,6,22,0,45,0,0,4.3,26.900000000000002,91.07000000000001
2020,6,22,1,0,0,0,4.2,26.900000000000002,91.07000000000001
2020,6,22,1,15,0,0,4.2,26.900000000000002,91.07000000000001
2020,6,22,1,30,0,0,4.2,26.900000000000002,91.07000000000001
2020,6,22,1,45,0,0,4.2,26.900000000000002,90.44
2020,6,22,2,0,0,0,4.2,26.900000000000002,90.44
2020,6,22,2,15,0,0,4.2,26.900000000000002,90.44
2020,6,22,2,30,0,0,4.2,26.900000000000002,90.44
2020,6,22,2,45,0,0,4.2,26.900000000000002,89.57000000000001
2020,6,22,3,0,0,0,4.2,26.900000000000002,89.57000000000001
2020,6,22,3,15,0,0,4.2,26.900000000000002,89.57000000000001
2020,6,22,3,30,0,0,4.1000000000000005,26.900000000000002,89.57000000000001
2020,6,22,3,45,0,0,4.1000000000000005,26.900000000000002,89.10000000000001
2020,6,22,4,0,0,0,4.1000000000000005,26.900000000000002,89.10000000000001
2020,6,22,4,15,0,0,4.1000000000000005,26.900000000000002,89.10000000000001
2020,6,22,4,30,0,0,4.1000000000000005,26.900000000000002,89.10000000000001
2020,6,22,4,45,0,0,4.1000000000000005,26.900000000000002,88.57000000000001
2020,6,22,5,0,0,0,4.1000000000000005,26.900000000000002,88.57000000000001
2020,6,22,5,15,0,0,4.1000000000000005,27,88.05
2020,6,22,5,30,0,0,4.2,27,88.05
2020,6,22,5,45,0,0,4.2,27.1,86.94
2020,6,22,6,0,0,0,4.3,27.1,86.94
2020,6,22,6,15,2,0,4.4,27.3,85.93
2020,6,22,6,30,15,0,4.5,27.400000000000002,85.43
2020,6,22,6,45,47,2,4.6000000000000005,27.5,83.3
2020,6,22,7,0,90,6,4.7,27.700000000000003,82.33
2020,6,22,7,15,139,15,4.800000000000001,27.8,81.86
2020,6,22,7,30,191,29,4.9,27.900000000000002,81.38
2020,6,22,7,45,248,49,4.9,28.1,78.54
2020,6,22,8,0,301,69,5,28.200000000000003,78.08
2020,6,22,8,15,353,90,5,28.400000000000002,77.18
2020,6,22,8,30,405,112,5,28.5,76.74
2020,6,22,8,45,458,140,5,28.700000000000003,75.11
2020,6,22,9,0,506,160,5,28.8,74.68
2020,6,22,9,15,553,180,5,29,73.82000000000001
2020,6,22,9,30,596,198,5,29.1,73.4
2020,6,22,9,45,638,220,5,29.3,72.28
2020,6,22,10,0,677,236,4.9,29.400000000000002,71.87
2020,6,22,10,15,712,250,4.9,29.5,71.45
2020,6,22,10,30,430,49,4.9,29.6,71.05
2020,6,22,10,45,756,215,4.9,29.700000000000003,70.68
2020,6,22,11,0,781,224,4.800000000000001,29.8,70.28
2020,6,22,11,15,802,231,4.800000000000001,29.8,70.28
2020,6,22,11,30,819,237,4.800000000000001,29.900000000000002,69.88
2020,6,22,11,45,832,242,4.800000000000001,29.900000000000002,70.18
2020,6,22,12,0,842,245,4.7,30,69.78
2020,6,22,12,15,847,246,4.7,30,69.71000000000001
2020,6,22,12,30,848,247,4.7,30,69.71000000000001
2020,6,22,12,45,844,246,4.7,30,70.26
2020,6,22,13,0,837,243,4.7,30,70.26
2020,6,22,13,15,826,239,4.7,30,70.26
2020,6,22,13,30,810,234,4.6000000000000005,29.900000000000002,70.66
2020,6,22,13,45,791,228,4.6000000000000005,29.900000000000002,71.26
2020,6,22,14,0,768,220,4.6000000000000005,29.900000000000002,71.26
2020,6,22,14,15,741,211,4.6000000000000005,29.8,71.60000000000001
2020,6,22,14,30,711,200,4.6000000000000005,29.8,71.60000000000001
2020,6,22,14,45,677,187,4.5,29.700000000000003,72.48
2020,6,22,15,0,639,174,4.5,29.700000000000003,72.48
2020,6,22,15,15,599,159,4.5,29.6,72.89
2020,6,22,15,30,557,144,4.5,29.5,73.31
2020,6,22,15,45,511,127,4.5,29.400000000000002,74.44
2020,6,22,16,0,464,109,4.5,29.3,74.87
2020,6,22,16,15,414,92,4.5,29.200000000000003,75.31
2020,6,22,16,30,362,74,4.4,29.1,75.74
2020,6,22,16,45,310,56,4.4,29,76.73
2020,6,22,17,0,257,40,4.4,28.8,77.62
2020,6,22,17,15,203,26,4.3,28.700000000000003,78.07000000000001
2020,6,22,17,30,151,14,4.3,28.6,78.53
2020,6,22,17,45,102,6,4.2,28.400000000000002,80.2
2020,6,22,18,0,57,2,4.1000000000000005,28.3,80.67
2020,6,22,18,15,23,0,4.1000000000000005,28.200000000000003,81.14
2020,6,22,18,30,5,0,4,28.1,81.61
2020,6,22,18,45,0,0,4,27.900000000000002,83.83
2020,6,22,19,0,0,0,3.9000000000000004,27.8,84.32000000000001
2020,6,22,19,15,0,0,3.9000000000000004,27.8,84.32000000000001
2020,6,22,19,30,0,0,3.9000000000000004,27.8,84.32000000000001
2020,6,22,19,45,0,0,3.9000000000000004,27.8,84.32000000000001
2020,6,22,20,0,0,0,3.9000000000000004,27.6,86.11
2020,6,22,20,15,0,0,3.9000000000000004,27.5,86.61
2020,6,22,20,30,0,0,3.8000000000000003,27.5,86.61
2020,6,22,20,45,0,0,3.8000000000000003,27.400000000000002,87.56
2020,6,22,21,0,0,0,3.8000000000000003,27.400000000000002,87.56
2020,6,22,21,15,0,0,3.8000000000000003,27.3,88.08
2020,6,22,21,30,0,0,3.8000000000000003,27.3,88.08
2020,6,22,21,45,0,0,3.8000000000000003,27.200000000000003,88.68
2020,6,22,22,0,0,0,3.8000000000000003,27.200000000000003,88.77
2020,6,22,22,15,0,0,3.8000000000000003,27.1,89.2
2020,6,22,22,30,0,0,3.8000000000000003,27.1,89.2
2020,6,22,22,45,0,0,3.8000000000000003,27,89.51
2020,6,22,23,0,0,0,3.8000000000000003,27,89.51
2020,6,22,23,15,0,0,3.8000000000000003,27,89.51
2020,6,22,23,30,0,0,3.9000000000000004,27,89.51
2020,6,22,23,45,0,0,3.9000000000000004,27,88.32000000000001
2020,6,23,0,0,0,0,3.9000000000000004,27,88.32000000000001
2020,6,23,0,15,0,0,3.9000000000000004,26.900000000000002,88.84
2020,6,23,0,30,0,0,3.9000000000000004,26.900000000000002,88.84
2020,6,23,0,45,0,0,3.9000000000000004,26.900000000000002,87.58
2020,6,23,1,0,0,0,3.9000000000000004,26.900000000000002,87.58
2020,6,23,1,15,0,0,3.9000000000000004,26.900000000000002,87.58
2020,6,23,1,30,0,0,3.9000000000000004,26.8,88.10000000000001
2020,6,23,1,45,0,0,3.9000000000000004,26.8,87.49
2020,6,23,2,0,0,0,3.8000000000000003,26.8,87.49
2020,6,23,2,15,0,0,3.8000000000000003,26.8,87.49
2020,6,23,2,30,0,0,3.8000000000000003,26.700000000000003,88
2020,6,23,2,45,0,0,3.8000000000000003,26.700000000000003,87.5
2020,6,23,3,0,0,0,3.7,26.700000000000003,87.5
2020,6,23,3,15,0,0,3.7,26.700000000000003,87.5
2020,6,23,3,30,0,0,3.7,26.700000000000003,87.5
2020,6,23,3,45,0,0,3.7,26.6,87.53
2020,6,23,4,0,0,0,3.7,26.6,87.53
2020,6,23,4,15,0,0,3.6,26.6,87.53
2020,6,23,4,30,0,0,3.6,26.6,87.53
2020,6,23,4,45,0,0,3.6,26.5,87.78
2020,6,23,5,0,0,0,3.6,26.5,87.78
2020,6,23,5,15,0,0,3.7,26.6,87.27
2020,6,23,5,30,0,0,3.7,26.6,87.27
2020,6,23,5,45,0,0,3.8000000000000003,26.700000000000003,86.63
2020,6,23,6,0,0,0,3.9000000000000004,26.700000000000003,86.63
2020,6,23,6,15,2,0,3.9000000000000004,26.900000000000002,85.62
2020,6,23,6,30,18,0,4,27,85.12
2020,6,23,6,45,52,2,4.1000000000000005,27.1,83.5
2020,6,23,7,0,96,9,4.2,27.200000000000003,83.01
2020,6,23,7,15,146,20,4.2,27.400000000000002,82.05
2020,6,23,7,30,198,36,4.3,27.5,81.57000000000001
2020,6,23,7,45,252,57,4.4,27.6,79.41
2020,6,23,8,0,305,79,4.4,27.8,78.49
2020,6,23,8,15,358,101,4.5,28,77.59
2020,6,23,8,30,409,124,4.5,28.1,77.14
2020,6,23,8,45,461,150,4.5,28.3,75.06
2020,6,23,9,0,509,172,4.5,28.5,74.2
2020,6,23,9,15,556,192,4.6000000000000005,28.6,73.77
2020,6,23,9,30,599,211,4.6000000000000005,28.8,72.93
2020,6,23,9,45,642,234,4.6000000000000005,28.900000000000002,71.53
2020,6,23,10,0,680,250,4.6000000000000005,29.1,70.71000000000001
2020,6,23,10,15,715,264,4.6000000000000005,29.200000000000003,70.31
2020,6,23,10,30,747,277,4.5,29.3,69.91
2020,6,23,10,45,781,307,4.5,29.5,68.38
2020,6,23,11,0,806,317,4.5,29.6,67.99
2020,6,23,11,15,827,325,4.5,29.700000000000003,67.6
2020,6,23,11,30,844,331,4.5,29.8,67.22
2020,6,23,11,45,863,359,4.4,29.900000000000002,66.39
2020,6,23,12,0,873,362,4.4,29.900000000000002,66.39
2020,6,23,12,15,465,39,4.4,30,65.94
2020,6,23,12,30,879,364,4.3,30,65.94
2020,6,23,12,45,881,389,4.3,30.1,65.23
2020,6,23,13,0,873,386,4.3,30.1,65.23
2020,6,23,13,15,862,382,4.2,30.1,65.23
2020,6,23,13,30,846,376,4.2,30.1,65.23
2020,6,23,13,45,826,364,4.2,30.1,65.05
2020,6,23,14,0,803,355,4.1000000000000005,30.1,65.05
2020,6,23,14,15,776,344,4.1000000000000005,30,65.42
2020,6,23,14,30,745,332,4,30,65.42
2020,6,23,14,45,719,352,4,29.900000000000002,65.75
2020,6,23,15,0,681,335,4,29.900000000000002,65.75
2020,6,23,15,15,641,317,3.9000000000000004,29.8,66.13
2020,6,23,15,30,597,296,3.9000000000000004,29.700000000000003,66.51
2020,6,23,15,45,560,312,3.9000000000000004,29.6,66.84
2020,6,23,16,0,513,287,3.8000000000000003,29.5,67.22
2020,6,23,16,15,463,258,3.8000000000000003,29.400000000000002,67.61
2020,6,23,16,30,413,228,3.8000000000000003,29.3,68
2020,6,23,16,45,369,237,3.8000000000000003,29.1,68.93
2020,6,23,17,0,316,199,3.8000000000000003,29,69.32000000000001
2020,6,23,17,15,263,159,3.7,28.8,70.13
2020,6,23,17,30,211,118,3.7,28.700000000000003,70.53
2020,6,23,17,45,167,108,3.7,28.5,72.38
2020,6,23,18,0,118,64,3.7,28.3,73.23
2020,6,23,18,15,73,27,3.6,28.200000000000003,73.65
2020,6,23,18,30,33,5,3.6,28,74.51
2020,6,23,18,45,9,0,3.5,27.900000000000002,77.2
2020,6,23,19,0,0,0,3.5,27.700000000000003,78.10000000000001
2020,6,23,19,15,0,0,3.5,27.700000000000003,78.10000000000001
2020,6,23,19,30,0,0,3.5,27.700000000000003,78.10000000000001
2020,6,23,19,45,0,0,3.5,27.700000000000003,78.10000000000001
2020,6,23,20,0,0,0,3.4000000000000004,27.3,81.86
2020,6,23,20,15,0,0,3.4000000000000004,27.200000000000003,82.34
2020,6,23,20,30,0,0,3.4000000000000004,27.1,82.82000000000001
2020,6,23,20,45,0,0,3.5,27.1,84.22
2020,6,23,21,0,0,0,3.5,27,84.71000000000001
2020,6,23,21,15,0,0,3.5,26.900000000000002,85.21000000000001
2020,6,23,21,30,0,0,3.5,26.900000000000002,85.3
2020,6,23,21,45,0,0,3.5,26.8,86.8
2020,6,23,22,0,0,0,3.5,26.8,86.8
2020,6,23,22,15,0,0,3.5,26.700000000000003,87.22
2020,6,23,22,30,0,0,3.5,26.6,87.74
2020,6,23,22,45,0,0,3.5,26.6,88.52
2020,6,23,23,0,0,0,3.5,26.5,89.05
2020,6,23,23,15,0,0,3.5,26.5,89.05
2020,6,23,23,30,0,0,3.5,26.400000000000002,89.57000000000001
2020,6,23,23,45,0,0,3.5,26.400000000000002,89.85000000000001
2020,6,24,0,0,0,0,3.4000000000000004,26.3,90.29
2020,6,24,0,15,0,0,3.4000000000000004,26.3,90.29
2020,6,24,0,30,0,0,3.4000000000000004,26.3,90.29
2020,6,24,0,45,0,0,3.4000000000000004,26.200000000000003,90.56
2020,6,24,1,0,0,0,3.4000000000000004,26.200000000000003,90.56
2020,6,24,1,15,0,0,3.4000000000000004,26.200000000000003,90.56
2020,6,24,1,30,0,0,3.4000000000000004,26.1,91.09
2020,6,24,1,45,0,0,3.4000000000000004,26.1,90.78
2020,6,24,2,0,0,0,3.3000000000000003,26.1,90.78
2020,6,24,2,15,0,0,3.3000000000000003,26.1,90.78
2020,6,24,2,30,0,0,3.3000000000000003,26,91.32000000000001
2020,6,24,2,45,0,0,3.2,26,90.95
2020,6,24,3,0,0,0,3.2,26,90.95
2020,6,24,3,15,0,0,3.2,26,90.95
2020,6,24,3,30,0,0,3.2,26,90.95
2020,6,24,3,45,0,0,3.1,26,90.7
2020,6,24,4,0,0,0,3.1,26,90.7
2020,6,24,4,15,0,0,3.1,26,90.7
2020,6,24,4,30,0,0,3.1,26,90.7
2020,6,24,4,45,0,0,3,26,90.29
2020,6,24,5,0,0,0,3,26,90.29
2020,6,24,5,15,0,0,3,26,90.29
2020,6,24,5,30,0,0,3,26.1,89.85000000000001
2020,6,24,5,45,0,0,3,26.200000000000003,89.77
2020,6,24,6,0,9,2,3.1,26.3,89.25
2020,6,24,6,15,36,44,3.1,26.400000000000002,88.72
2020,6,24,6,30,74,128,3.2,26.5,88.2
2020,6,24,6,45,118,212,3.3000000000000003,26.6,87.36
2020,6,24,7,0,168,292,3.3000000000000003,26.700000000000003,86.85000000000001
2020,6,24,7,15,165,157,3.4000000000000004,26.8,86.34
2020,6,24,7,30,274,421,3.4000000000000004,27,85.42
2020,6,24,7,45,328,463,3.4000000000000004,27.1,83.24
2020,6,24,8,0,381,506,3.5,27.200000000000003,82.75
2020,6,24,8,15,435,544,3.5,27.400000000000002,81.79
2020,6,24,8,30,489,577,3.5,27.5,81.32000000000001
2020,6,24,8,45,539,597,3.5,27.700000000000003,78.97
2020,6,24,9,0,423,182,3.5,27.8,78.51
2020,6,24,9,15,470,203,3.5,28,77.60000000000001
2020,6,24,9,30,683,662,3.5,28.1,77.16
2020,6,24,9,45,572,265,3.5,28.3,75.24
2020,6,24,10,0,764,684,3.5,28.400000000000002,74.8
2020,6,24,10,15,801,697,3.5,28.5,74.37
2020,6,24,10,30,834,708,3.5,28.6,73.94
2020,6,24,10,45,855,680,3.6,28.700000000000003,72.97
2020,6,24,11,0,765,388,3.6,28.8,72.55
2020,6,24,11,15,809,426,3.7,28.8,72.55
2020,6,24,11,30,789,368,3.7,28.8,72.55
2020,6,24,11,45,934,700,3.8000000000000003,28.900000000000002,72.11
2020,6,24,12,0,943,703,3.8000000000000003,28.900000000000002,72.11
2020,6,24,12,15,856,422,3.9000000000000004,28.900000000000002,72.11
2020,6,24,12,30,868,431,3.9000000000000004,28.900000000000002,72.11
2020,6,24,12,45,550,75,4,28.900000000000002,72.42
2020,6,24,13,0,938,700,4,28.900000000000002,72.35000000000001
2020,6,24,13,15,483,49,4.1000000000000005,28.900000000000002,72.35000000000001
2020,6,24,13,30,911,692,4.1000000000000005,28.900000000000002,72.35000000000001
2020,6,24,13,45,893,685,4.2,28.8,73.26
2020,6,24,14,0,869,677,4.2,28.8,73.26
2020,6,24,14,15,841,668,4.3,28.8,73.26
2020,6,24,14,30,427,51,4.3,28.700000000000003,73.69
2020,6,24,14,45,351,29,4.4,28.6,74.59
2020,6,24,15,0,274,15,4.4,28.6,74.59
2020,6,24,15,15,27,0,4.5,28.5,75.02
2020,6,24,15,30,22,0,4.5,28.400000000000002,75.46000000000001
2020,6,24,15,45,98,0,4.6000000000000005,28.3,76.4
2020,6,24,16,0,143,0,4.6000000000000005,28.3,76.4
2020,6,24,16,15,147,0,4.6000000000000005,28.200000000000003,76.84
2020,6,24,16,30,425,427,4.6000000000000005,28.1,77.29
2020,6,24,16,45,369,388,4.7,28,78.10000000000001
2020,6,24,17,0,319,367,4.7,27.900000000000002,78.55
2020,6,24,17,15,218,158,4.7,27.8,79.01
2020,6,24,17,30,152,68,4.6000000000000005,27.700000000000003,79.55
2020,6,24,17,45,187,266,4.6000000000000005,27.5,81.06
2020,6,24,18,0,137,196,4.6000000000000005,27.400000000000002,81.53
2020,6,24,18,15,91,121,4.6000000000000005,27.3,82.01
2020,6,24,18,30,51,50,4.5,27.3,82.01
2020,6,24,18,45,18,6,4.5,27.200000000000003,83.59
2020,6,24,19,0,0,0,4.4,27.1,84.08
2020,6,24,19,15,0,0,4.4,27.1,84.08
2020,6,24,19,30,0,0,4.4,27.1,84.08
2020,6,24,19,45,0,0,4.4,27.1,84.08
2020,6,24,20,0,0,0,4.4,26.900000000000002,85.84
2020,6,24,20,15,0,0,4.4,26.900000000000002,85.93
2020,6,24,20,30,0,0,4.4,26.900000000000002,85.93
2020,6,24,20,45,0,0,4.4,26.900000000000002,86.25
2020,6,24,21,0,0,0,4.4,26.8,86.76
2020,6,24,21,15,0,0,4.4,26.8,86.76
2020,6,24,21,30,0,0,4.4,26.8,86.76
2020,6,24,21,45,0,0,4.4,26.8,86.78
2020,6,24,22,0,0,0,4.4,26.8,86.78
2020,6,24,22,15,0,0,4.4,26.700000000000003,87.29
2020,6,24,22,30,0,0,4.4,26.700000000000003,87.29
2020,6,24,22,45,0,0,4.4,26.700000000000003,87.15
2020,6,24,23,0,0,0,4.4,26.700000000000003,87.15
2020,6,24,23,15,0,0,4.4,26.6,87.66
2020,6,24,23,30,0,0,4.4,26.6,87.66
2020,6,24,23,45,0,0,4.4,26.6,87.2
2020,6,25,0,0,0,0,4.3,26.5,87.72
2020,6,25,0,15,0,0,4.3,26.5,87.72
2020,6,25,0,30,0,0,4.3,26.5,87.72
2020,6,25,0,45,0,0,4.3,26.400000000000002,87.84
2020,6,25,1,0,0,0,4.3,26.400000000000002,87.75
2020,6,25,1,15,0,0,4.3,26.400000000000002,87.75
2020,6,25,1,30,0,0,4.3,26.400000000000002,87.75
2020,6,25,1,45,0,0,4.3,26.3,87.74
2020,6,25,2,0,0,0,4.3,26.3,87.74
2020,6,25,2,15,0,0,4.3,26.3,87.74
2020,6,25,2,30,0,0,4.3,26.3,87.74
2020,6,25,2,45,0,0,4.3,26.200000000000003,87.99
2020,6,25,3,0,0,0,4.3,26.200000000000003,87.99
2020,6,25,3,15,0,0,4.3,26.200000000000003,87.99
2020,6,25,3,30,0,0,4.3,26.200000000000003,87.99
2020,6,25,3,45,0,0,4.3,26.200000000000003,87.77
2020,6,25,4,0,0,0,4.3,26.200000000000003,87.77
2020,6,25,4,15,0,0,4.4,26.200000000000003,87.77
2020,6,25,4,30,0,0,4.4,26.200000000000003,87.77
2020,6,25,4,45,0,0,4.4,26.200000000000003,87.42
2020,6,25,5,0,0,0,4.4,26.200000000000003,87.42
2020,6,25,5,15,0,0,4.5,26.200000000000003,87.42
2020,6,25,5,30,0,0,4.5,26.3,87
2020,6,25,5,45,0,0,4.6000000000000005,26.400000000000002,86.49
2020,6,25,6,0,8,1,4.6000000000000005,26.400000000000002,86.49
2020,6,25,6,15,36,43,4.7,26.6,85.48
2020,6,25,6,30,74,127,4.800000000000001,26.700000000000003,84.98
2020,6,25,6,45,120,227,5,26.8,83.35000000000001
2020,6,25,7,0,171,310,5.1000000000000005,27,82.38
2020,6,25,7,15,224,381,5.2,27.1,81.9
2020,6,25,7,30,278,440,5.300000000000001,27.3,80.95
2020,6,25,7,45,333,483,5.4,27.5,77.33
2020,6,25,8,0,389,526,5.5,27.700000000000003,76.51
2020,6,25,8,15,444,564,5.5,27.900000000000002,75.63
2020,6,25,8,30,498,596,5.6000000000000005,28.1,74.76
2020,6,25,8,45,551,626,5.6000000000000005,28.3,71.92
2020,6,25,9,0,246,19,5.6000000000000005,28.5,71.09
2020,6,25,9,15,249,16,5.7,28.700000000000003,70.28
2020,6,25,9,30,166,3,5.7,28.8,69.87
2020,6,25,9,45,379,52,5.7,29,68.23
2020,6,25,10,0,523,153,5.7,29.200000000000003,67.45
2020,6,25,10,15,820,740,5.800000000000001,29.3,67.06
2020,6,25,10,30,854,750,5.800000000000001,29.400000000000002,66.68
2020,6,25,10,45,891,789,5.800000000000001,29.5,66.52
2020,6,25,11,0,918,796,5.800000000000001,29.5,66.52
2020,6,25,11,15,527,77,5.800000000000001,29.6,66.14
2020,6,25,11,30,618,135,5.800000000000001,29.6,66.14
2020,6,25,11,45,976,823,5.800000000000001,29.6,67.1
2020,6,25,12,0,986,826,5.800000000000001,29.6,67.1
2020,6,25,12,15,991,827,5.800000000000001,29.6,67.1
2020,6,25,12,30,992,827,5.800000000000001,29.5,67.41
2020,6,25,12,45,992,840,5.800000000000001,29.5,68.34
2020,6,25,13,0,984,839,5.800000000000001,29.5,68.34
2020,6,25,13,15,612,126,5.800000000000001,29.400000000000002,68.74
2020,6,25,13,30,956,832,5.800000000000001,29.400000000000002,68.74
2020,6,25,13,45,942,852,5.800000000000001,29.3,69.64
2020,6,25,14,0,918,846,5.7,29.3,69.64
2020,6,25,14,15,890,839,5.7,29.200000000000003,70.04
2020,6,25,14,30,858,831,5.7,29.1,70.45
2020,6,25,14,45,822,819,5.7,29.1,70.78
2020,6,25,15,0,783,808,5.7,29,71.19
2020,6,25,15,15,741,795,5.7,28.900000000000002,71.60000000000001
2020,6,25,15,30,696,781,5.6000000000000005,28.8,72.01
2020,6,25,15,45,645,750,5.6000000000000005,28.700000000000003,72.83
2020,6,25,16,0,596,732,5.6000000000000005,28.6,73.26
2020,6,25,16,15,544,709,5.6000000000000005,28.5,73.68
2020,6,25,16,30,490,683,5.6000000000000005,28.400000000000002,74.11
2020,6,25,16,45,431,628,5.5,28.3,74.82000000000001
2020,6,25,17,0,376,592,5.5,28.200000000000003,75.26
2020,6,25,17,15,319,548,5.4,28.1,75.69
2020,6,25,17,30,31,0,5.4,28,76.13
2020,6,25,17,45,103,17,5.300000000000001,27.8,77.59
2020,6,25,18,0,153,332,5.300000000000001,27.700000000000003,78.04
2020,6,25,18,15,104,240,5.2,27.6,78.49
2020,6,25,18,30,60,135,5.2,27.5,78.95
2020,6,25,18,45,24,26,5.1000000000000005,27.400000000000002,80.05
2020,6,25,19,0,0,0,5,27.3,80.51
2020,6,25,19,15,0,0,5,27.3,80.51
2020,6,25,19,30,0,0,5,27.3,80.51
2020,6,25,19,45,0,0,5,27.3,80.51
2020,6,25,20,0,0,0,5.1000000000000005,27.200000000000003,81.08
2020,6,25,20,15,0,0,5.1000000000000005,27.200000000000003,81.08
2020,6,25,20,30,0,0,5.1000000000000005,27.1,81.55
2020,6,25,20,45,0,0,5.1000000000000005,27.1,81.83
2020,6,25,21,0,0,0,5.1000000000000005,27.1,81.83
2020,6,25,21,15,0,0,5,27,82.31
2020,6,25,21,30,0,0,5,27,82.31
2020,6,25,21,45,0,0,4.9,26.900000000000002,83.21000000000001
2020,6,25,22,0,0,0,4.9,26.900000000000002,83.21000000000001
2020,6,25,22,15,0,0,4.9,26.900000000000002,83.21000000000001
2020,6,25,22,30,0,0,4.9,26.900000000000002,83.21000000000001
2020,6,25,22,45,0,0,4.800000000000001,26.8,83.66
2020,6,25,23,0,0,0,4.800000000000001,26.8,83.66
2020,6,25,23,15,0,0,4.800000000000001,26.8,83.66
2020,6,25,23,30,0,0,4.7,26.700000000000003,84.16
2020,6,25,23,45,0,0,4.7,26.700000000000003,84.4
2020,6,26,0,0,0,0,4.6000000000000005,26.700000000000003,84.4
2020,6,26,0,15,0,0,4.5,26.6,84.89
2020,6,26,0,30,0,0,4.5,26.6,84.89
2020,6,26,0,45,0,0,4.4,26.5,86.86
2020,6,26,1,0,0,0,4.3,26.5,86.86
2020,6,26,1,15,0,0,4.3,26.400000000000002,87.37
2020,6,26,1,30,0,0,4.2,26.400000000000002,87.37
2020,6,26,1,45,0,0,4.2,26.3,89.29
2020,6,26,2,0,0,0,4.2,26.3,89.29
2020,6,26,2,15,0,0,4.2,26.200000000000003,89.82000000000001
2020,6,26,2,30,0,0,4.2,26.200000000000003,89.82000000000001
2020,6,26,2,45,0,0,4.2,26.200000000000003,91
2020,6,26,3,0,0,0,4.2,26.1,91.54
2020,6,26,3,15,0,0,4.2,26.1,91.54
2020,6,26,3,30,0,0,4.2,26.1,91.54
2020,6,26,3,45,0,0,4.2,26.1,92.42
2020,6,26,4,0,0,0,4.3,26.1,92.42
2020,6,26,4,15,0,0,4.3,26.1,92.42
2020,6,26,4,30,0,0,4.2,26.1,92.42
2020,6,26,4,45,0,0,4.2,26.1,93.24
2020,6,26,5,0,0,0,4.2,26.1,93.24
2020,6,26,5,15,0,0,4.3,26.200000000000003,92.7
2020,6,26,5,30,0,0,4.3,26.200000000000003,92.7
2020,6,26,5,45,0,0,4.3,26.3,93.21000000000001
2020,6,26,6,0,2,0,4.4,26.400000000000002,92.66
2020,6,26,6,15,22,3,4.5,26.400000000000002,92.66
2020,6,26,6,30,58,26,4.5,26.5,92.12
2020,6,26,6,45,79,54,4.6000000000000005,26.6,92.18
2020,6,26,7,0,85,6,4.7,26.700000000000003,91.64
2020,6,26,7,15,197,168,4.800000000000001,26.8,91.11
2020,6,26,7,30,104,0,4.9,26.900000000000002,90.58
2020,6,26,7,45,98,0,5,27.1,88.82000000000001
2020,6,26,8,0,17,0,5.1000000000000005,27.200000000000003,88.3
2020,6,26,8,15,207,27,5.2,27.3,87.79
2020,6,26,8,30,460,393,5.2,27.5,86.77
2020,6,26,8,45,512,434,5.300000000000001,27.6,85.32000000000001
2020,6,26,9,0,292,40,5.4,27.8,84.33
2020,6,26,9,15,485,231,5.4,27.900000000000002,83.84
2020,6,26,9,30,654,510,5.5,28.1,82.87
2020,6,26,9,45,698,533,5.5,28.200000000000003,81.43
2020,6,26,10,0,737,550,5.6000000000000005,28.400000000000002,80.49
2020,6,26,10,15,441,64,5.5,28.5,80.03
2020,6,26,10,30,281,15,5.5,28.6,79.57000000000001
2020,6,26,10,45,474,63,5.5,28.700000000000003,78.4
2020,6,26,11,0,849,554,5.5,28.8,77.95
2020,6,26,11,15,486,56,5.5,28.900000000000002,77.5
2020,6,26,11,30,377,23,5.5,28.900000000000002,77.5
2020,6,26,11,45,323,17,5.4,29,76.76
2020,6,26,12,0,466,41,5.4,29.1,76.32000000000001
2020,6,26,12,15,740,245,5.4,29.1,76.32000000000001
2020,6,26,12,30,633,131,5.300000000000001,29.200000000000003,75.88
2020,6,26,12,45,661,158,5.300000000000001,29.200000000000003,75.66
2020,6,26,13,0,710,216,5.300000000000001,29.3,75.23
2020,6,26,13,15,698,212,5.300000000000001,29.3,75.23
2020,6,26,13,30,684,209,5.300000000000001,29.3,75.23
2020,6,26,13,45,724,284,5.2,29.3,75.09
2020,6,26,14,0,698,273,5.2,29.3,75.09
2020,6,26,14,15,695,304,5.2,29.200000000000003,75.52
2020,6,26,14,30,668,301,5.2,29.200000000000003,75.52
2020,6,26,14,45,641,303,5.2,29.200000000000003,75.69
2020,6,26,15,0,561,220,5.2,29.1,76.13
2020,6,26,15,15,560,270,5.2,29.1,76.13
2020,6,26,15,30,494,213,5.2,29,76.57000000000001
2020,6,26,15,45,571,375,5.2,28.900000000000002,77.42
2020,6,26,16,0,471,314,5.2,28.900000000000002,77.42
2020,6,26,16,15,416,277,5.2,28.8,77.87
2020,6,26,16,30,423,288,5.1000000000000005,28.700000000000003,78.32000000000001
2020,6,26,16,45,320,233,5.1000000000000005,28.5,79.81
2020,6,26,17,0,323,218,5.1000000000000005,28.400000000000002,80.27
2020,6,26,17,15,271,177,5,28.3,80.73
2020,6,26,17,30,219,134,4.9,28.200000000000003,81.2
2020,6,26,17,45,169,96,4.800000000000001,28,83.19
2020,6,26,18,0,120,55,4.7,27.900000000000002,83.76
2020,6,26,18,15,73,22,4.7,27.8,84.25
2020,6,26,18,30,33,4,4.7,27.700000000000003,84.74
2020,6,26,18,45,7,0,4.7,27.6,86.05
2020,6,26,19,0,0,0,4.7,27.400000000000002,87.06
2020,6,26,19,15,0,0,4.7,27.400000000000002,87.06
2020,6,26,19,30,0,0,4.7,27.400000000000002,87.06
2020,6,26,19,45,0,0,4.7,27.400000000000002,87.06
2020,6,26,20,0,0,0,4.7,27.3,87.65
2020,6,26,20,15,0,0,4.800000000000001,27.200000000000003,88.16
2020,6,26,20,30,0,0,4.800000000000001,27.200000000000003,88.25
2020,6,26,20,45,0,0,4.800000000000001,27.200000000000003,87.81
2020,6,26,21,0,0,0,4.800000000000001,27.200000000000003,87.81
2020,6,26,21,15,0,0,4.800000000000001,27.1,88.33
2020,6,26,21,30,0,0,4.800000000000001,27.1,88.33
2020,6,26,21,45,0,0,4.7,27.1,87.96000000000001
2020,6,26,22,0,0,0,4.7,27.1,87.96000000000001
2020,6,26,22,15,0,0,4.7,27,88.47
2020,6,26,22,30,0,0,4.7,27,88.47
2020,6,26,22,45,0,0,4.6000000000000005,27,87.96000000000001
2020,6,26,23,0,0,0,4.6000000000000005,26.900000000000002,88.48
2020,6,26,23,15,0,0,4.6000000000000005,26.900000000000002,88.48
2020,6,26,23,30,0,0,4.6000000000000005,26.900000000000002,88.39
2020,6,26,23,45,0,0,4.6000000000000005,26.900000000000002,87.44
2020,6,27,0,0,0,0,4.6000000000000005,26.8,87.96000000000001
2020,6,27,0,15,0,0,4.6000000000000005,26.8,87.96000000000001
2020,6,27,0,30,0,0,4.5,26.8,87.96000000000001
2020,6,27,0,45,0,0,4.5,26.700000000000003,88.37
2020,6,27,1,0,0,0,4.4,26.700000000000003,88.28
2020,6,27,1,15,0,0,4.4,26.6,88.8
2020,6,27,1,30,0,0,4.3,26.6,88.8
2020,6,27,1,45,0,0,4.3,26.6,89.48
2020,6,27,2,0,0,0,4.3,26.5,90.01
2020,6,27,2,15,0,0,4.3,26.5,90.01
2020,6,27,2,30,0,0,4.3,26.5,90.01
2020,6,27,2,45,0,0,4.3,26.5,90.56
2020,6,27,3,0,0,0,4.3,26.400000000000002,91.09
2020,6,27,3,15,0,0,4.3,26.400000000000002,91.09
2020,6,27,3,30,0,0,4.3,26.400000000000002,91.09
2020,6,27,3,45,0,0,4.3,26.400000000000002,91.54
2020,6,27,4,0,0,0,4.4,26.400000000000002,91.54
2020,6,27,4,15,0,0,4.4,26.400000000000002,91.54
2020,6,27,4,30,0,0,4.4,26.400000000000002,91.54
2020,6,27,4,45,0,0,4.4,26.400000000000002,92.01
2020,6,27,5,0,0,0,4.4,26.400000000000002,92.01
2020,6,27,5,15,0,0,4.4,26.5,91.47
2020,6,27,5,30,0,0,4.4,26.5,91.47
2020,6,27,5,45,0,0,4.5,26.6,91.29
2020,6,27,6,0,1,0,4.5,26.6,91.29
2020,6,27,6,15,20,2,4.6000000000000005,26.700000000000003,90.84
2020,6,27,6,30,56,20,4.7,26.8,90.31
2020,6,27,6,45,97,50,4.800000000000001,26.900000000000002,89.42
2020,6,27,7,0,145,95,4.9,27,88.9
2020,6,27,7,15,195,144,5,27.1,88.38
2020,6,27,7,30,247,193,5.1000000000000005,27.3,87.35000000000001
2020,6,27,7,45,296,218,5.300000000000001,27.400000000000002,85.31
2020,6,27,8,0,349,259,5.4,27.5,84.82000000000001
2020,6,27,8,15,402,297,5.5,27.700000000000003,83.83
2020,6,27,8,30,454,332,5.5,27.8,83.35000000000001
2020,6,27,8,45,502,348,5.6000000000000005,28,80.19
2020,6,27,9,0,551,376,5.7,28.200000000000003,79.26
2020,6,27,9,15,598,401,5.7,28.3,78.8
2020,6,27,9,30,644,424,5.7,28.400000000000002,78.35000000000001
2020,6,27,9,45,685,438,5.800000000000001,28.6,75.61
2020,6,27,10,0,425,67,5.800000000000001,28.700000000000003,75.18
2020,6,27,10,15,760,472,5.800000000000001,28.8,74.75
2020,6,27,10,30,793,485,5.800000000000001,28.900000000000002,74.32000000000001
2020,6,27,10,45,836,559,5.800000000000001,29,72.8
2020,6,27,11,0,863,569,5.800000000000001,29.200000000000003,71.89
2020,6,27,11,15,885,577,5.800000000000001,29.200000000000003,71.89
2020,6,27,11,30,568,96,5.7,29.3,71.48
2020,6,27,11,45,914,574,5.7,29.400000000000002,70.62
2020,6,27,12,0,923,577,5.7,29.5,70.21000000000001
2020,6,27,12,15,930,580,5.6000000000000005,29.5,70.21000000000001
2020,6,27,12,30,932,580,5.6000000000000005,29.6,69.81
2020,6,27,12,45,926,568,5.5,29.6,69.4
2020,6,27,13,0,919,565,5.5,29.700000000000003,69
2020,6,27,13,15,907,561,5.4,29.700000000000003,68.93
2020,6,27,13,30,893,557,5.300000000000001,29.700000000000003,68.93
2020,6,27,13,45,860,487,5.300000000000001,29.700000000000003,68.69
2020,6,27,14,0,837,478,5.2,29.700000000000003,68.69
2020,6,27,14,15,809,467,5.1000000000000005,29.6,69.08
2020,6,27,14,30,778,455,5.1000000000000005,29.6,69.08
2020,6,27,14,45,743,437,5,29.5,69.73
2020,6,27,15,0,706,420,4.9,29.5,69.73
2020,6,27,15,15,665,401,4.9,29.400000000000002,70.14
2020,6,27,15,30,622,380,4.800000000000001,29.3,70.54
2020,6,27,15,45,576,354,4.7,29.200000000000003,71.41
2020,6,27,16,0,528,327,4.7,29.200000000000003,71.41
2020,6,27,16,15,478,298,4.6000000000000005,29,72.24
2020,6,27,16,30,427,267,4.5,28.900000000000002,72.65
2020,6,27,16,45,374,231,4.4,28.8,73.60000000000001
2020,6,27,17,0,322,194,4.4,28.700000000000003,74.03
2020,6,27,17,15,269,155,4.3,28.5,74.89
2020,6,27,17,30,217,115,4.1000000000000005,28.400000000000002,75.33
2020,6,27,17,45,165,76,4,28.200000000000003,77.26
2020,6,27,18,0,116,41,3.9000000000000004,28.1,77.71000000000001
2020,6,27,18,15,69,15,3.8000000000000003,28,78.16
2020,6,27,18,30,30,2,3.7,27.8,79.07000000000001
2020,6,27,18,45,5,0,3.6,27.700000000000003,81.86
2020,6,27,19,0,0,0,3.6,27.5,82.82000000000001
2020,6,27,19,15,0,0,3.6,27.5,82.82000000000001
2020,6,27,19,30,0,0,3.6,27.5,82.82000000000001
2020,6,27,19,45,0,0,3.6,27.5,82.82000000000001
2020,6,27,20,0,0,0,3.6,27.3,85.86
2020,6,27,20,15,0,0,3.6,27.200000000000003,86.37
2020,6,27,20,30,0,0,3.6,27.200000000000003,86.37
2020,6,27,20,45,0,0,3.6,27.1,88.54
2020,6,27,21,0,0,0,3.6,27,89.15
2020,6,27,21,15,0,0,3.6,27,89.15
2020,6,27,21,30,0,0,3.6,27,89.15
2020,6,27,21,45,0,0,3.7,26.900000000000002,90.36
2020,6,27,22,0,0,0,3.7,26.900000000000002,90.36
2020,6,27,22,15,0,0,3.7,26.900000000000002,90.36
2020,6,27,22,30,0,0,3.7,26.8,90.89
2020,6,27,22,45,0,0,3.7,26.8,90.95
2020,6,27,23,0,0,0,3.7,26.8,90.95
2020,6,27,23,15,0,0,3.7,26.8,90.86
2020,6,27,23,30,0,0,3.7,26.8,90.86
2020,6,27,23,45,0,0,3.7,26.8,90.26
2020,6,28,0,0,0,0,3.7,26.8,90.26
2020,6,28,0,15,0,0,3.7,26.8,90.26
2020,6,28,0,30,0,0,3.7,26.700000000000003,90.79
2020,6,28,0,45,0,0,3.7,26.700000000000003,89.65
2020,6,28,1,0,0,0,3.7,26.700000000000003,89.56
2020,6,28,1,15,0,0,3.6,26.700000000000003,89.56
2020,6,28,1,30,0,0,3.6,26.700000000000003,89.56
2020,6,28,1,45,0,0,3.6,26.700000000000003,88.65
2020,6,28,2,0,0,0,3.5,26.700000000000003,88.65
2020,6,28,2,15,0,0,3.5,26.6,89.17
2020,6,28,2,30,0,0,3.5,26.6,89.17
2020,6,28,2,45,0,0,3.5,26.6,88.45
2020,6,28,3,0,0,0,3.4000000000000004,26.6,88.45
2020,6,28,3,15,0,0,3.4000000000000004,26.5,88.97
2020,6,28,3,30,0,0,3.4000000000000004,26.5,88.97
2020,6,28,3,45,0,0,3.3000000000000003,26.5,88.21000000000001
2020,6,28,4,0,0,0,3.3000000000000003,26.400000000000002,88.73
2020,6,28,4,15,0,0,3.3000000000000003,26.400000000000002,88.73
2020,6,28,4,30,0,0,3.2,26.400000000000002,88.73
2020,6,28,4,45,0,0,3.2,26.3,88.76
2020,6,28,5,0,0,0,3.1,26.3,88.76
2020,6,28,5,15,0,0,3.1,26.400000000000002,88.24
2020,6,28,5,30,0,0,3.1,26.400000000000002,88.24
2020,6,28,5,45,0,0,3.1,26.5,87.66
2020,6,28,6,0,1,0,3.1,26.5,87.66
2020,6,28,6,15,16,1,3.2,26.700000000000003,86.72
2020,6,28,6,30,50,13,3.3000000000000003,26.8,86.22
2020,6,28,6,45,93,47,3.4000000000000004,26.900000000000002,84.97
2020,6,28,7,0,141,91,3.6,27.1,83.98
2020,6,28,7,15,191,139,3.6,27.200000000000003,83.49
2020,6,28,7,30,243,187,3.7,27.3,83.01
2020,6,28,7,45,297,245,3.7,27.5,80.36
2020,6,28,8,0,350,288,3.8000000000000003,27.6,79.89
2020,6,28,8,15,403,327,3.8000000000000003,27.700000000000003,79.43
2020,6,28,8,30,374,232,3.9000000000000004,27.900000000000002,78.51
2020,6,28,8,45,425,261,3.9000000000000004,28,75.78
2020,6,28,9,0,459,252,4,28.1,75.34
2020,6,28,9,15,521,305,4,28.200000000000003,74.91
2020,6,28,9,30,562,315,4,28.400000000000002,74.05
2020,6,28,9,45,592,307,4,28.5,71.89
2020,6,28,10,0,652,355,4.1000000000000005,28.6,71.48
2020,6,28,10,15,657,312,4.1000000000000005,28.700000000000003,71.07000000000001
2020,6,28,10,30,693,327,4.1000000000000005,28.8,70.66
2020,6,28,10,45,730,354,4.1000000000000005,28.900000000000002,70.37
2020,6,28,11,0,766,393,4.1000000000000005,29,69.97
2020,6,28,11,15,793,407,4,29.1,69.57000000000001
2020,6,28,11,30,804,397,4,29.1,69.57000000000001
2020,6,28,11,45,830,414,4,29.200000000000003,69.97
2020,6,28,12,0,901,503,4,29.3,69.57000000000001
2020,6,28,12,15,906,505,3.9000000000000004,29.3,69.57000000000001
2020,6,28,12,30,906,505,3.9000000000000004,29.3,69.57000000000001
2020,6,28,12,45,907,517,3.9000000000000004,29.3,70.18
2020,6,28,13,0,809,376,3.9000000000000004,29.400000000000002,69.78
2020,6,28,13,15,795,367,3.8000000000000003,29.400000000000002,69.78
2020,6,28,13,30,803,404,3.8000000000000003,29.400000000000002,69.78
2020,6,28,13,45,791,414,3.8000000000000003,29.400000000000002,70.2
2020,6,28,14,0,652,208,3.7,29.400000000000002,70.2
2020,6,28,14,15,760,438,3.7,29.3,70.60000000000001
2020,6,28,14,30,549,139,3.7,29.200000000000003,71.01
2020,6,28,14,45,255,12,3.6,29.200000000000003,71.12
2020,6,28,15,0,234,11,3.6,29.1,71.46000000000001
2020,6,28,15,15,142,1,3.6,29.1,71.46000000000001
2020,6,28,15,30,169,3,3.6,29,71.87
2020,6,28,15,45,152,1,3.6,28.900000000000002,72.56
2020,6,28,16,0,124,0,3.5,28.900000000000002,72.56
2020,6,28,16,15,35,0,3.5,28.8,72.98
2020,6,28,16,30,113,0,3.5,28.6,73.83
2020,6,28,16,45,184,18,3.5,28.5,74.8
2020,6,28,17,0,91,0,3.5,28.400000000000002,75.23
2020,6,28,17,15,18,0,3.4000000000000004,28.3,75.67
2020,6,28,17,30,226,171,3.4000000000000004,28.1,76.55
2020,6,28,17,45,177,137,3.3000000000000003,27.900000000000002,79.15
2020,6,28,18,0,128,86,3.2,27.8,79.69
2020,6,28,18,15,81,41,3.2,27.6,80.62
2020,6,28,18,30,40,10,3.2,27.5,81.09
2020,6,28,18,45,11,1,3.1,27.3,84.11
2020,6,28,19,0,0,0,3.1,27.200000000000003,84.60000000000001
2020,6,28,19,15,0,0,3.1,27.200000000000003,84.60000000000001
2020,6,28,19,30,0,0,3.1,27.200000000000003,84.60000000000001
2020,6,28,19,45,0,0,3.1,27.200000000000003,84.60000000000001
2020,6,28,20,0,0,0,3.1,26.900000000000002,87.23
2020,6,28,20,15,0,0,3.1,26.900000000000002,87.31
2020,6,28,20,30,0,0,3.1,26.8,87.83
2020,6,28,20,45,0,0,3.1,26.8,88.58
2020,6,28,21,0,0,0,3.1,26.700000000000003,89.10000000000001
2020,6,28,21,15,0,0,3.1,26.700000000000003,89.10000000000001
2020,6,28,21,30,0,0,3.1,26.700000000000003,89.10000000000001
2020,6,28,21,45,0,0,3.1,26.6,89.92
2020,6,28,22,0,0,0,3.1,26.6,89.92
2020,6,28,22,15,0,0,3.1,26.6,89.92
2020,6,28,22,30,0,0,3.1,26.5,90.45
2020,6,28,22,45,0,0,3.1,26.5,90.54
2020,6,28,23,0,0,0,3.1,26.400000000000002,91.08
2020,6,28,23,15,0,0,3.1,26.400000000000002,91.08
2020,6,28,23,30,0,0,3.1,26.3,91.61
2020,6,28,23,45,0,0,3.1,26.3,91.34
2020,6,29,0,0,0,0,3.1,26.200000000000003,91.88
2020,6,29,0,15,0,0,3.1,26.200000000000003,91.88
2020,6,29,0,30,0,0,3.1,26.200000000000003,91.88
2020,6,29,0,45,0,0,3.1,26.1,91.74
2020,6,29,1,0,0,0,3.1,26.1,91.74
2020,6,29,1,15,0,0,3.1,26.1,91.74
2020,6,29,1,30,0,0,3.1,26,92.28
2020,6,29,1,45,0,0,3.1,26,91.09
2020,6,29,2,0,0,0,3.1,26,91.09
2020,6,29,2,15,0,0,3.1,26,91.09
2020,6,29,2,30,0,0,3.1,25.900000000000002,91.63
2020,6,29,2,45,0,0,3.1,25.900000000000002,90.04
2020,6,29,3,0,0,0,3.1,25.900000000000002,90.04
2020,6,29,3,15,0,0,3.1,25.900000000000002,90.04
2020,6,29,3,30,0,0,3.1,25.900000000000002,90.13
2020,6,29,3,45,0,0,3.1,25.900000000000002,88.63
2020,6,29,4,0,0,0,3.1,25.900000000000002,88.63
2020,6,29,4,15,0,0,3.1,25.8,89.16
2020,6,29,4,30,0,0,3.1,25.8,89.16
2020,6,29,4,45,0,0,3.1,25.8,87.82000000000001
2020,6,29,5,0,0,0,3.1,25.8,87.82000000000001
2020,6,29,5,15,0,0,3.1,25.900000000000002,87.31
2020,6,29,5,30,0,0,3.1,26,86.79
2020,6,29,5,45,0,0,3.2,26.1,85.99
2020,6,29,6,0,6,0,3.2,26.200000000000003,85.49
2020,6,29,6,15,37,86,3.3000000000000003,26.3,84.98
2020,6,29,6,30,76,198,3.4000000000000004,26.5,83.99
2020,6,29,6,45,114,286,3.5,26.6,82.14
2020,6,29,7,0,176,412,3.6,26.8,81.19
2020,6,29,7,15,230,481,3.6,26.900000000000002,80.71000000000001
2020,6,29,7,30,285,539,3.6,27,80.24
2020,6,29,7,45,343,599,3.6,27.1,77.91
2020,6,29,8,0,400,638,3.7,27.3,77
2020,6,29,8,15,455,671,3.7,27.400000000000002,76.56
2020,6,29,8,30,510,699,3.7,27.6,75.67
2020,6,29,8,45,564,728,3.7,27.700000000000003,74.12
2020,6,29,9,0,615,749,3.7,27.900000000000002,73.26
2020,6,29,9,15,299,33,3.7,28,72.84
2020,6,29,9,30,712,784,3.7,28.200000000000003,72
2020,6,29,9,45,548,229,3.7,28.3,70.65
2020,6,29,10,0,524,155,3.8000000000000003,28.400000000000002,70.24
2020,6,29,10,15,835,821,3.8000000000000003,28.6,69.43
2020,6,29,10,30,869,830,3.8000000000000003,28.700000000000003,68.96000000000001
2020,6,29,10,45,900,839,3.9000000000000004,28.900000000000002,67.57000000000001
2020,6,29,11,0,926,846,3.9000000000000004,29,67.18
2020,6,29,11,15,502,63,4,29.1,66.79
2020,6,29,11,30,969,856,4,29.200000000000003,66.41
2020,6,29,11,45,983,857,4,29.3,65.7
2020,6,29,12,0,993,859,4,29.400000000000002,65.32000000000001
2020,6,29,12,15,999,861,4,29.400000000000002,65.32000000000001
2020,6,29,12,30,1000,861,4,29.400000000000002,65.32000000000001
2020,6,29,12,45,568,85,4,29.5,64.58
2020,6,29,13,0,989,856,4,29.5,64.58
2020,6,29,13,15,503,57,3.9000000000000004,29.5,64.51
2020,6,29,13,30,580,107,3.9000000000000004,29.5,64.51
2020,6,29,13,45,244,12,3.9000000000000004,29.6,63.89
2020,6,29,14,0,404,33,3.8000000000000003,29.6,63.89
2020,6,29,14,15,627,202,3.8000000000000003,29.5,64.26
2020,6,29,14,30,669,300,3.8000000000000003,29.5,64.26
2020,6,29,14,45,612,253,3.7,29.5,63.97
2020,6,29,15,0,572,234,3.7,29.400000000000002,64.33
2020,6,29,15,15,600,347,3.7,29.400000000000002,64.33
2020,6,29,15,30,560,337,3.7,29.3,64.71000000000001
2020,6,29,15,45,495,278,3.6,29.200000000000003,65.12
2020,6,29,16,0,437,235,3.6,29.200000000000003,65.12
2020,6,29,16,15,398,231,3.6,29,65.87
2020,6,29,16,30,290,98,3.6,28.900000000000002,66.25
2020,6,29,16,45,206,34,3.5,28.8,66.98
2020,6,29,17,0,158,12,3.5,28.700000000000003,67.37
2020,6,29,17,15,146,18,3.5,28.5,68.15
2020,6,29,17,30,107,0,3.4000000000000004,28.3,68.95
2020,6,29,17,45,103,17,3.4000000000000004,28.1,70.97
2020,6,29,18,0,109,115,3.3000000000000003,28,71.38
2020,6,29,18,15,72,70,3.3000000000000003,27.8,72.22
2020,6,29,18,30,43,47,3.2,27.5,73.49
2020,6,29,18,45,23,46,3.2,27.3,77.01
2020,6,29,19,0,0,0,3.1,27.1,77.99
2020,6,29,19,15,0,0,3.1,27.1,77.99
2020,6,29,19,30,0,0,3.1,27.1,77.99
2020,6,29,19,45,0,0,3.1,27.1,77.99
2020,6,29,20,0,0,0,3.2,26.900000000000002,80.3
2020,6,29,20,15,0,0,3.3000000000000003,26.8,80.77
2020,6,29,20,30,0,0,3.3000000000000003,26.700000000000003,81.25
2020,6,29,20,45,0,0,3.3000000000000003,26.6,82.86
2020,6,29,21,0,0,0,3.3000000000000003,26.6,82.86
2020,6,29,21,15,0,0,3.3000000000000003,26.5,83.35000000000001
2020,6,29,21,30,0,0,3.3000000000000003,26.400000000000002,83.84
2020,6,29,21,45,0,0,3.4000000000000004,26.400000000000002,84.5
2020,6,29,22,0,0,0,3.4000000000000004,26.3,85
2020,6,29,22,15,0,0,3.4000000000000004,26.3,85
2020,6,29,22,30,0,0,3.4000000000000004,26.200000000000003,85.5
2020,6,29,22,45,0,0,3.4000000000000004,26.200000000000003,85.81
2020,6,29,23,0,0,0,3.4000000000000004,26.1,86.32000000000001
2020,6,29,23,15,0,0,3.4000000000000004,26.1,86.32000000000001
2020,6,29,23,30,0,0,3.4000000000000004,26,86.83
2020,6,29,23,45,0,0,3.4000000000000004,26,86.85000000000001
2020,6,30,0,0,0,0,3.4000000000000004,26,86.85000000000001
2020,6,30,0,15,0,0,3.4000000000000004,25.900000000000002,87.28
2020,6,30,0,30,0,0,3.4000000000000004,25.900000000000002,87.28
2020,6,30,0,45,0,0,3.4000000000000004,25.900000000000002,86.95
2020,6,30,1,0,0,0,3.4000000000000004,25.900000000000002,86.95
2020,6,30,1,15,0,0,3.4000000000000004,25.8,87.46000000000001
2020,6,30,1,30,0,0,3.3000000000000003,25.8,87.46000000000001
2020,6,30,1,45,0,0,3.3000000000000003,25.8,87.03
2020,6,30,2,0,0,0,3.3000000000000003,25.8,87.03
2020,6,30,2,15,0,0,3.3000000000000003,25.8,87.03
2020,6,30,2,30,0,0,3.3000000000000003,25.8,87.03
2020,6,30,2,45,0,0,3.3000000000000003,25.8,86.53
2020,6,30,3,0,0,0,3.3000000000000003,25.700000000000003,87.04
2020,6,30,3,15,0,0,3.3000000000000003,25.700000000000003,87.04
2020,6,30,3,30,0,0,3.3000000000000003,25.700000000000003,87.04
2020,6,30,3,45,0,0,3.3000000000000003,25.700000000000003,86.79
2020,6,30,4,0,0,0,3.3000000000000003,25.700000000000003,86.79
2020,6,30,4,15,0,0,3.3000000000000003,25.700000000000003,86.79
2020,6,30,4,30,0,0,3.4000000000000004,25.700000000000003,86.79
2020,6,30,4,45,0,0,3.4000000000000004,25.6,87.05
2020,6,30,5,0,0,0,3.4000000000000004,25.6,87.05
2020,6,30,5,15,0,0,3.5,25.700000000000003,86.54
2020,6,30,5,30,0,0,3.5,25.8,86.03
2020,6,30,5,45,0,0,3.6,25.900000000000002,86.44
2020,6,30,6,0,12,23,3.6,26,85.93
2020,6,30,6,15,39,146,3.7,26.200000000000003,85.01
2020,6,30,6,30,80,275,3.8000000000000003,26.400000000000002,84.01
2020,6,30,6,45,128,380,3.9000000000000004,26.5,83.01
2020,6,30,7,0,180,464,4,26.700000000000003,82.04
2020,6,30,7,15,234,531,4.1000000000000005,26.900000000000002,81.08
2020,6,30,7,30,291,586,4.1000000000000005,27.1,80.14
2020,6,30,7,45,347,626,4.2,27.3,77.05
2020,6,30,8,0,403,664,4.2,27.400000000000002,76.60000000000001
2020,6,30,8,15,151,0,4.3,27.6,75.71000000000001
2020,6,30,8,30,260,53,4.3,27.8,74.84
2020,6,30,8,45,566,741,4.3,28,72.66
2020,6,30,9,0,266,27,4.4,28.200000000000003,71.83
2020,6,30,9,15,667,779,4.4,28.3,71.41
2020,6,30,9,30,714,795,4.4,28.5,70.59
2020,6,30,9,45,440,96,4.4,28.6,69.68
2020,6,30,10,0,797,812,4.4,28.8,68.88
2020,6,30,10,15,237,11,4.4,28.900000000000002,68.49
2020,6,30,10,30,869,831,4.4,29,68.09
2020,6,30,10,45,900,842,4.4,29.1,67.76
2020,6,30,11,0,927,849,4.4,29.200000000000003,67.37
2020,6,30,11,15,950,854,4.4,29.3,66.99
2020,6,30,11,30,968,858,4.3,29.400000000000002,66.6
2020,6,30,11,45,981,855,4.3,29.400000000000002,66.54
2020,6,30,12,0,992,858,4.3,29.5,66.16
2020,6,30,12,15,997,859,4.2,29.6,65.78
2020,6,30,12,30,999,859,4.2,29.6,65.72
2020,6,30,12,45,994,852,4.1000000000000005,29.6,65.7
2020,6,30,13,0,987,851,4.1000000000000005,29.700000000000003,65.33
2020,6,30,13,15,976,848,4.1000000000000005,29.700000000000003,65.33
2020,6,30,13,30,960,844,4,29.700000000000003,65.33
2020,6,30,13,45,941,845,4,29.700000000000003,65.52
2020,6,30,14,0,917,839,3.9000000000000004,29.700000000000003,65.52
2020,6,30,14,15,889,832,3.9000000000000004,29.6,65.89
2020,6,30,14,30,857,825,3.9000000000000004,29.6,65.89
2020,6,30,14,45,724,480,3.8000000000000003,29.5,66.56
2020,6,30,15,0,626,329,3.8000000000000003,29.5,66.56
2020,6,30,15,15,584,313,3.8000000000000003,29.400000000000002,66.94
2020,6,30,15,30,601,454,3.7,29.3,67.33
2020,6,30,15,45,574,494,3.7,29.200000000000003,68.22
2020,6,30,16,0,595,727,3.7,29.1,68.62
2020,6,30,16,15,513,587,3.6,29,69.01
2020,6,30,16,30,412,373,3.6,28.900000000000002,69.41
2020,6,30,16,45,336,274,3.6,28.8,70.29
2020,6,30,17,0,378,604,3.6,28.700000000000003,70.69
2020,6,30,17,15,270,333,3.5,28.5,71.52
2020,6,30,17,30,216,282,3.4000000000000004,28.3,72.35000000000001
2020,6,30,17,45,76,0,3.4000000000000004,28.1,74.72
2020,6,30,18,0,57,0,3.3000000000000003,27.900000000000002,75.60000000000001
2020,6,30,18,15,48,0,3.3000000000000003,27.700000000000003,76.48
2020,6,30,18,30,41,29,3.3000000000000003,27.5,77.38
2020,6,30,18,45,19,0,3.3000000000000003,27.3,80.92
2020,6,30,19,0,0,0,3.2,27.1,81.96000000000001
2020,6,30,19,15,0,0,3.2,27.1,81.96000000000001
2020,6,30,19,30,0,0,3.2,27.1,81.96000000000001
2020,6,30,19,45,0,0,3.2,27.1,81.96000000000001
2020,6,30,20,0,0,0,3.5,27,83.41
2020,6,30,20,15,0,0,3.5,26.900000000000002,83.9
2020,6,30,20,30,0,0,3.5,26.900000000000002,83.9
2020,6,30,20,45,0,0,3.6,26.900000000000002,84.46000000000001
2020,6,30,21,0,0,0,3.6,26.8,84.95
2020,6,30,21,15,0,0,3.6,26.8,84.95
2020,6,30,21,30,0,0,3.6,26.8,84.95
2020,6,30,21,45,0,0,3.6,26.700000000000003,86.05
2020,6,30,22,0,0,0,3.7,26.700000000000003,86.05
2020,6,30,22,15,0,0,3.6,26.6,86.56
2020,6,30,22,30,0,0,3.6,26.6,86.56
2020,6,30,22,45,0,0,3.6,26.6,86.75
2020,6,30,23,0,0,0,3.6,26.5,87.26
2020,6,30,23,15,0,0,3.6,26.5,87.26
2020,6,30,23,30,0,0,3.6,26.5,87.26
2020,6,30,23,45,0,0,3.6,26.400000000000002,87.82000000000001
2020,7,1,0,0,0,0,3.5,26.400000000000002,87.73
2020,7,1,0,15,0,0,3.5,26.400000000000002,87.73
2020,7,1,0,30,0,0,3.5,26.3,88.25
2020,7,1,0,45,0,0,3.5,26.3,87.95
2020,7,1,1,0,0,0,3.5,26.3,87.95
2020,7,1,1,15,0,0,3.5,26.3,87.95
2020,7,1,1,30,0,0,3.5,26.3,87.95
2020,7,1,1,45,0,0,3.5,26.200000000000003,88.25
2020,7,1,2,0,0,0,3.5,26.200000000000003,88.25
2020,7,1,2,15,0,0,3.4000000000000004,26.200000000000003,88.25
2020,7,1,2,30,0,0,3.4000000000000004,26.200000000000003,88.25
2020,7,1,2,45,0,0,3.4000000000000004,26.200000000000003,87.86
2020,7,1,3,0,0,0,3.4000000000000004,26.200000000000003,87.86
2020,7,1,3,15,0,0,3.4000000000000004,26.200000000000003,87.86
2020,7,1,3,30,0,0,3.4000000000000004,26.200000000000003,87.86
2020,7,1,3,45,0,0,3.5,26.200000000000003,87.35000000000001
2020,7,1,4,0,0,0,3.5,26.200000000000003,87.35000000000001
2020,7,1,4,15,0,0,3.5,26.200000000000003,87.35000000000001
2020,7,1,4,30,0,0,3.5,26.200000000000003,87.35000000000001
2020,7,1,4,45,0,0,3.5,26.200000000000003,87.13
2020,7,1,5,0,0,0,3.5,26.200000000000003,87.13
2020,7,1,5,15,0,0,3.6,26.3,86.62
2020,7,1,5,30,0,0,3.6,26.5,85.61
2020,7,1,5,45,0,0,3.7,26.6,85.19
2020,7,1,6,0,10,7,3.8000000000000003,26.700000000000003,84.69
2020,7,1,6,15,37,89,3.9000000000000004,26.900000000000002,83.79
2020,7,1,6,30,76,204,4.1000000000000005,27,83.3
2020,7,1,6,45,121,287,4.2,27.200000000000003,81.12
2020,7,1,7,0,172,373,4.3,27.400000000000002,80.18
2020,7,1,7,15,225,444,4.4,27.6,79.25
2020,7,1,7,30,281,503,4.4,27.700000000000003,78.79
2020,7,1,7,45,334,528,4.5,27.900000000000002,76.85000000000001
2020,7,1,8,0,390,571,4.5,28.1,75.97
2020,7,1,8,15,445,607,4.6000000000000005,28.200000000000003,75.53
2020,7,1,8,30,500,639,4.6000000000000005,28.400000000000002,74.66
2020,7,1,8,45,549,645,4.6000000000000005,28.6,73.14
2020,7,1,9,0,601,669,4.6000000000000005,28.700000000000003,72.72
2020,7,1,9,15,650,690,4.7,28.900000000000002,71.88
2020,7,1,9,30,697,708,4.7,29,71.47
2020,7,1,9,45,736,707,4.7,29.200000000000003,70.21000000000001
2020,7,1,10,0,777,721,4.800000000000001,29.3,69.81
2020,7,1,10,15,815,734,4.800000000000001,29.400000000000002,69.41
2020,7,1,10,30,496,88,4.800000000000001,29.5,69.01
2020,7,1,10,45,889,793,4.800000000000001,29.6,68.69
2020,7,1,11,0,915,799,4.9,29.700000000000003,68.3
2020,7,1,11,15,937,804,4.9,29.8,67.91
2020,7,1,11,30,956,809,4.9,29.900000000000002,67.52
2020,7,1,11,45,968,802,4.9,30,67.47
2020,7,1,12,0,978,805,4.9,30.1,67.08
2020,7,1,12,15,984,806,4.9,30.1,67.08
2020,7,1,12,30,464,39,4.800000000000001,30.1,67.08
2020,7,1,12,45,425,30,4.800000000000001,30.1,67.66
2020,7,1,13,0,366,21,4.800000000000001,30.1,67.66
2020,7,1,13,15,961,792,4.800000000000001,30.1,67.66
2020,7,1,13,30,945,788,4.800000000000001,30.1,67.66
2020,7,1,13,45,929,799,4.7,30.1,68.37
2020,7,1,14,0,904,792,4.7,30,68.76
2020,7,1,14,15,424,43,4.7,30,68.69
2020,7,1,14,30,845,776,4.6000000000000005,29.900000000000002,69.09
2020,7,1,14,45,811,772,4.6000000000000005,29.8,69.83
2020,7,1,15,0,773,760,4.5,29.700000000000003,70.23
2020,7,1,15,15,731,747,4.5,29.700000000000003,70.23
2020,7,1,15,30,686,730,4.4,29.6,70.63
2020,7,1,15,45,640,722,4.4,29.5,71.23
2020,7,1,16,0,591,701,4.4,29.400000000000002,71.64
2020,7,1,16,15,539,678,4.3,29.3,72.05
2020,7,1,16,30,485,650,4.3,29.1,72.89
2020,7,1,16,45,431,625,4.2,29,73.7
2020,7,1,17,0,375,589,4.2,28.900000000000002,74.12
2020,7,1,17,15,290,419,4.1000000000000005,28.700000000000003,74.98
2020,7,1,17,30,146,52,4.1000000000000005,28.6,75.42
2020,7,1,17,45,31,0,4,28.400000000000002,77.7
2020,7,1,18,0,44,0,3.9000000000000004,28.3,78.15
2020,7,1,18,15,20,0,3.9000000000000004,28.1,79.06
2020,7,1,18,30,31,0,3.8000000000000003,28,79.52
2020,7,1,18,45,23,37,3.8000000000000003,27.900000000000002,82.06
2020,7,1,19,0,0,0,3.7,27.8,82.54
2020,7,1,19,15,0,0,3.7,27.8,82.54
2020,7,1,19,30,0,0,3.7,27.8,82.54
2020,7,1,19,45,0,0,3.7,27.8,82.54
2020,7,1,20,0,0,0,3.7,27.400000000000002,86.21000000000001
2020,7,1,20,15,0,0,3.7,27.400000000000002,86.21000000000001
2020,7,1,20,30,0,0,3.6,27.3,86.71000000000001
2020,7,1,20,45,0,0,3.6,27.200000000000003,88.69
2020,7,1,21,0,0,0,3.6,27.1,89.21000000000001
2020,7,1,21,15,0,0,3.6,27.1,89.21000000000001
2020,7,1,21,30,0,0,3.6,27,89.73
2020,7,1,21,45,0,0,3.6,27,90.75
2020,7,1,22,0,0,0,3.6,26.900000000000002,91.28
2020,7,1,22,15,0,0,3.6,26.900000000000002,91.28
2020,7,1,22,30,0,0,3.7,26.900000000000002,91.28
2020,7,1,22,45,0,0,3.7,26.8,92.16
2020,7,1,23,0,0,0,3.7,26.8,92.16
2020,7,1,23,15,0,0,3.7,26.8,92.06
2020,7,1,23,30,0,0,3.7,26.700000000000003,92.60000000000001
2020,7,1,23,45,0,0,3.7,26.700000000000003,92.54
2020,7,2,0,0,0,0,3.7,26.700000000000003,92.54
2020,7,2,0,15,0,0,3.7,26.6,93.08
2020,7,2,0,30,0,0,3.8000000000000003,26.6,93.08
2020,7,2,0,45,0,0,3.8000000000000003,26.6,92.68
2020,7,2,1,0,0,0,3.8000000000000003,26.6,92.59
2020,7,2,1,15,0,0,3.8000000000000003,26.6,92.59
2020,7,2,1,30,0,0,3.8000000000000003,26.6,92.59
2020,7,2,1,45,0,0,3.8000000000000003,26.6,92.09
2020,7,2,2,0,0,0,3.8000000000000003,26.6,92.09
2020,7,2,2,15,0,0,3.8000000000000003,26.6,92.09
2020,7,2,2,30,0,0,3.8000000000000003,26.6,92.09
2020,7,2,2,45,0,0,3.9000000000000004,26.6,91.26
2020,7,2,3,0,0,0,3.9000000000000004,26.6,91.26
2020,7,2,3,15,0,0,3.9000000000000004,26.6,91.26
2020,7,2,3,30,0,0,3.9000000000000004,26.6,91.26
2020,7,2,3,45,0,0,4,26.6,90.63
2020,7,2,4,0,0,0,4,26.6,90.72
2020,7,2,4,15,0,0,4,26.6,90.72
2020,7,2,4,30,0,0,4,26.6,90.72
2020,7,2,4,45,0,0,4,26.6,90.38
2020,7,2,5,0,0,0,4,26.6,90.38
2020,7,2,5,15,0,0,4,26.6,90.38
2020,7,2,5,30,0,0,4,26.700000000000003,89.85000000000001
2020,7,2,5,45,0,0,4,26.700000000000003,89.83
2020,7,2,6,0,9,6,4,26.8,89.3
2020,7,2,6,15,35,81,4,26.900000000000002,88.78
2020,7,2,6,30,73,191,4,27,88.26
2020,7,2,6,45,118,282,4,27.1,87.93
2020,7,2,7,0,169,367,4.1000000000000005,27.200000000000003,87.51
2020,7,2,7,15,222,438,4.1000000000000005,27.3,87
2020,7,2,7,30,277,497,4.2,27.400000000000002,86.49
2020,7,2,7,45,331,526,4.3,27.5,84.82000000000001
2020,7,2,8,0,386,568,4.4,27.6,84.33
2020,7,2,8,15,442,605,4.4,27.700000000000003,83.84
2020,7,2,8,30,497,636,4.5,27.8,83.35000000000001
2020,7,2,8,45,544,629,4.6000000000000005,28,80.48
2020,7,2,9,0,595,654,4.6000000000000005,28.1,80.02
2020,7,2,9,15,644,675,4.6000000000000005,28.3,79.10000000000001
2020,7,2,9,30,689,694,4.7,28.5,78.19
2020,7,2,9,45,727,681,4.7,28.700000000000003,75.52
2020,7,2,10,0,769,696,4.7,28.900000000000002,74.66
2020,7,2,10,15,806,709,4.7,29,74.23
2020,7,2,10,30,840,720,4.7,29.200000000000003,73.38
2020,7,2,10,45,864,704,4.7,29.3,72.21000000000001
2020,7,2,11,0,890,712,4.7,29.5,71.38
2020,7,2,11,15,913,719,4.7,29.6,70.97
2020,7,2,11,30,931,724,4.6000000000000005,29.700000000000003,70.57000000000001
2020,7,2,11,45,942,714,4.6000000000000005,29.8,70.31
2020,7,2,12,0,952,717,4.6000000000000005,29.900000000000002,69.91
2020,7,2,12,15,958,719,4.5,29.900000000000002,69.91
2020,7,2,12,30,960,719,4.5,29.900000000000002,69.91
2020,7,2,12,45,956,713,4.5,29.900000000000002,70.89
2020,7,2,13,0,949,711,4.5,29.900000000000002,70.89
2020,7,2,13,15,936,707,4.4,29.900000000000002,70.89
2020,7,2,13,30,921,702,4.4,29.8,71.29
2020,7,2,13,45,906,715,4.4,29.8,72.46000000000001
2020,7,2,14,0,468,55,4.4,29.700000000000003,72.87
2020,7,2,14,15,447,52,4.4,29.6,73.29
2020,7,2,14,30,823,689,4.4,29.5,73.71000000000001
2020,7,2,14,45,232,11,4.3,29.400000000000002,75.14
2020,7,2,15,0,749,664,4.3,29.400000000000002,75.14
2020,7,2,15,15,334,34,4.3,29.3,75.57000000000001
2020,7,2,15,30,664,630,4.3,29.200000000000003,76.01
2020,7,2,15,45,617,608,4.3,29,77.86
2020,7,2,16,0,247,21,4.3,28.900000000000002,78.31
2020,7,2,16,15,62,0,4.2,28.8,78.77
2020,7,2,16,30,464,526,4.2,28.700000000000003,79.3
2020,7,2,16,45,409,486,4.2,28.6,80.44
2020,7,2,17,0,355,445,4.2,28.5,80.91
2020,7,2,17,15,300,397,4.1000000000000005,28.400000000000002,81.38
2020,7,2,17,30,246,343,4.1000000000000005,28.3,81.85000000000001
2020,7,2,17,45,81,0,4,28.1,83.82000000000001
2020,7,2,18,0,142,203,3.9000000000000004,28,84.31
2020,7,2,18,15,96,127,3.9000000000000004,27.900000000000002,84.8
2020,7,2,18,30,54,55,3.8000000000000003,27.700000000000003,85.79
2020,7,2,18,45,19,6,3.8000000000000003,27.6,87.69
2020,7,2,19,0,0,0,3.8000000000000003,27.5,88.21000000000001
2020,7,2,19,15,0,0,3.8000000000000003,27.5,88.21000000000001
2020,7,2,19,30,0,0,3.8000000000000003,27.5,88.21000000000001
2020,7,2,19,45,0,0,3.8000000000000003,27.5,88.21000000000001
2020,7,2,20,0,0,0,3.8000000000000003,27.3,89.95
2020,7,2,20,15,0,0,3.8000000000000003,27.3,89.95
2020,7,2,20,30,0,0,3.8000000000000003,27.3,89.95
2020,7,2,20,45,0,0,3.9000000000000004,27.3,89.58
2020,7,2,21,0,0,0,3.9000000000000004,27.3,89.58
2020,7,2,21,15,0,0,3.9000000000000004,27.200000000000003,90.10000000000001
2020,7,2,21,30,0,0,3.9000000000000004,27.200000000000003,90.10000000000001
2020,7,2,21,45,0,0,4,27.200000000000003,88.98
2020,7,2,22,0,0,0,4,27.200000000000003,88.98
2020,7,2,22,15,0,0,4,27.200000000000003,88.98
2020,7,2,22,30,0,0,3.9000000000000004,27.1,89.5
2020,7,2,22,45,0,0,3.9000000000000004,27.1,88.76
2020,7,2,23,0,0,0,3.9000000000000004,27.1,88.76
2020,7,2,23,15,0,0,3.8000000000000003,27.1,88.76
2020,7,2,23,30,0,0,3.8000000000000003,27,89.28
2020,7,2,23,45,0,0,3.8000000000000003,27,88.3
2020,7,3,0,0,0,0,3.7,27,88.3
2020,7,3,0,15,0,0,3.7,26.900000000000002,88.81
2020,7,3,0,30,0,0,3.7,26.900000000000002,88.81
2020,7,3,0,45,0,0,3.7,26.8,88.44
2020,7,3,1,0,0,0,3.6,26.8,88.44
2020,7,3,1,15,0,0,3.6,26.8,88.44
2020,7,3,1,30,0,0,3.6,26.700000000000003,88.95
2020,7,3,1,45,0,0,3.6,26.700000000000003,88.54
2020,7,3,2,0,0,0,3.6,26.700000000000003,88.54
2020,7,3,2,15,0,0,3.6,26.6,89.06
2020,7,3,2,30,0,0,3.6,26.6,89.06
2020,7,3,2,45,0,0,3.6,26.6,88.89
2020,7,3,3,0,0,0,3.6,26.6,88.89
2020,7,3,3,15,0,0,3.5,26.5,89.41
2020,7,3,3,30,0,0,3.5,26.5,89.41
2020,7,3,3,45,0,0,3.5,26.5,89.53
2020,7,3,4,0,0,0,3.5,26.5,89.53
2020,7,3,4,15,0,0,3.5,26.5,89.53
2020,7,3,4,30,0,0,3.6,26.400000000000002,90.06
2020,7,3,4,45,0,0,3.6,26.400000000000002,90.23
2020,7,3,5,0,0,0,3.6,26.400000000000002,90.23
2020,7,3,5,15,0,0,3.6,26.5,89.7
2020,7,3,5,30,0,0,3.6,26.5,89.7
2020,7,3,5,45,0,0,3.7,26.6,89.94
2020,7,3,6,0,3,0,3.7,26.6,89.94
2020,7,3,6,15,25,9,3.8000000000000003,26.700000000000003,89.41
2020,7,3,6,30,61,53,3.9000000000000004,26.900000000000002,88.37
2020,7,3,6,45,105,122,4,27,87.19
2020,7,3,7,0,153,193,4.1000000000000005,27.1,86.68
2020,7,3,7,15,205,259,4.2,27.200000000000003,86.18
2020,7,3,7,30,258,318,4.2,27.400000000000002,85.18
2020,7,3,7,45,86,0,4.3,27.5,83.08
2020,7,3,8,0,366,412,4.4,27.700000000000003,82.12
2020,7,3,8,15,421,452,4.4,27.8,81.64
2020,7,3,8,30,474,488,4.5,28,80.7
2020,7,3,8,45,526,515,4.5,28.200000000000003,78.53
2020,7,3,9,0,577,543,4.6000000000000005,28.3,78.15
2020,7,3,9,15,625,567,4.6000000000000005,28.5,77.25
2020,7,3,9,30,671,588,4.6000000000000005,28.700000000000003,76.37
2020,7,3,9,45,715,606,4.6000000000000005,28.8,75.02
2020,7,3,10,0,755,622,4.7,29,74.16
2020,7,3,10,15,793,637,4.7,29.1,73.66
2020,7,3,10,30,827,649,4.7,29.200000000000003,73.24
2020,7,3,10,45,865,696,4.7,29.400000000000002,71.8
2020,7,3,11,0,892,704,4.7,29.5,71.39
2020,7,3,11,15,915,711,4.6000000000000005,29.6,70.98
2020,7,3,11,30,934,716,4.6000000000000005,29.700000000000003,70.57000000000001
2020,7,3,11,45,948,718,4.6000000000000005,29.8,69.87
2020,7,3,12,0,958,721,4.6000000000000005,29.900000000000002,69.47
2020,7,3,12,15,964,722,4.5,29.900000000000002,69.47
2020,7,3,12,30,966,723,4.5,29.900000000000002,69.47
2020,7,3,12,45,961,720,4.5,30,69.09
2020,7,3,13,0,954,718,4.5,30,69.02
2020,7,3,13,15,943,714,4.4,30,69.02
2020,7,3,13,30,927,710,4.4,30,69.02
2020,7,3,13,45,905,692,4.4,30,69.2
2020,7,3,14,0,881,684,4.4,30,69.2
2020,7,3,14,15,853,675,4.4,29.900000000000002,69.60000000000001
2020,7,3,14,30,822,664,4.3,29.900000000000002,69.60000000000001
2020,7,3,14,45,788,659,4.3,29.8,70.28
2020,7,3,15,0,750,645,4.3,29.8,70.28
2020,7,3,15,15,709,628,4.3,29.700000000000003,70.69
2020,7,3,15,30,664,609,4.3,29.6,71.09
2020,7,3,15,45,618,594,4.3,29.5,71.87
2020,7,3,16,0,569,570,4.3,29.5,71.8
2020,7,3,16,15,517,543,4.3,29.3,72.7
2020,7,3,16,30,465,512,4.3,29.200000000000003,73.12
2020,7,3,16,45,412,482,4.3,29.1,73.97
2020,7,3,17,0,358,441,4.3,29,74.4
2020,7,3,17,15,303,393,4.3,28.8,75.26
2020,7,3,17,30,248,339,4.2,28.6,76.14
2020,7,3,17,45,196,285,4.2,28.5,77.44
2020,7,3,18,0,145,214,4.1000000000000005,28.3,78.34
2020,7,3,18,15,97,136,4.1000000000000005,28.200000000000003,78.8
2020,7,3,18,30,55,60,4,28,79.72
2020,7,3,18,45,21,10,3.9000000000000004,27.8,82.10000000000001
2020,7,3,19,0,0,0,3.9000000000000004,27.700000000000003,82.58
2020,7,3,19,15,0,0,3.9000000000000004,27.700000000000003,82.58
2020,7,3,19,30,0,0,3.9000000000000004,27.700000000000003,82.58
2020,7,3,19,45,0,0,3.9000000000000004,27.700000000000003,82.58
2020,7,3,20,0,0,0,3.8000000000000003,27.400000000000002,84.98
2020,7,3,20,15,0,0,3.7,27.3,85.48
2020,7,3,20,30,0,0,3.6,27.200000000000003,85.98
2020,7,3,20,45,0,0,3.6,27.200000000000003,86.67
2020,7,3,21,0,0,0,3.5,27.1,87.18
2020,7,3,21,15,0,0,3.5,27,87.69
2020,7,3,21,30,0,0,3.5,27,87.69
2020,7,3,21,45,0,0,3.4000000000000004,26.900000000000002,88.52
2020,7,3,22,0,0,0,3.4000000000000004,26.900000000000002,88.52
2020,7,3,22,15,0,0,3.4000000000000004,26.8,89.04
2020,7,3,22,30,0,0,3.4000000000000004,26.8,89.04
2020,7,3,22,45,0,0,3.3000000000000003,26.8,88.82000000000001
2020,7,3,23,0,0,0,3.3000000000000003,26.700000000000003,89.34
2020,7,3,23,15,0,0,3.3000000000000003,26.700000000000003,89.34
2020,7,3,23,30,0,0,3.3000000000000003,26.700000000000003,89.34
2020,7,3,23,45,0,0,3.2,26.6,89.37
2020,7,4,0,0,0,0,3.2,26.6,89.28
2020,7,4,0,15,0,0,3.2,26.6,89.28
2020,7,4,0,30,0,0,3.2,26.6,89.28
2020,7,4,0,45,0,0,3.2,26.5,89.54
2020,7,4,1,0,0,0,3.2,26.5,89.54
2020,7,4,1,15,0,0,3.1,26.400000000000002,90.06
2020,7,4,1,30,0,0,3.1,26.400000000000002,90.06
2020,7,4,1,45,0,0,3.1,26.400000000000002,89.93
2020,7,4,2,0,0,0,3.1,26.400000000000002,89.93
2020,7,4,2,15,0,0,3.1,26.3,90.46000000000001
2020,7,4,2,30,0,0,3.1,26.3,90.46000000000001
2020,7,4,2,45,0,0,3.2,26.3,90.09
2020,7,4,3,0,0,0,3.2,26.3,90.09
2020,7,4,3,15,0,0,3.2,26.3,90.09
2020,7,4,3,30,0,0,3.2,26.3,90.09
2020,7,4,3,45,0,0,3.2,26.3,89.28
2020,7,4,4,0,0,0,3.2,26.3,89.28
2020,7,4,4,15,0,0,3.3000000000000003,26.200000000000003,89.81
2020,7,4,4,30,0,0,3.3000000000000003,26.200000000000003,89.81
2020,7,4,4,45,0,0,3.3000000000000003,26.200000000000003,89.85000000000001
2020,7,4,5,0,0,0,3.3000000000000003,26.200000000000003,89.85000000000001
2020,7,4,5,15,0,0,3.3000000000000003,26.3,89.33
2020,7,4,5,30,0,0,3.4000000000000004,26.400000000000002,88.8
2020,7,4,5,45,0,0,3.4000000000000004,26.400000000000002,89.77
2020,7,4,6,0,8,4,3.5,26.5,89.25
2020,7,4,6,15,34,79,3.5,26.6,88.72
2020,7,4,6,30,72,193,3.6,26.700000000000003,88.21000000000001
2020,7,4,6,45,119,305,3.7,26.8,87.92
2020,7,4,7,0,169,391,3.7,26.900000000000002,87.4
2020,7,4,7,15,223,463,3.8000000000000003,27,86.89
2020,7,4,7,30,278,521,3.8000000000000003,27.1,86.39
2020,7,4,7,45,335,572,3.9000000000000004,27.3,84.03
2020,7,4,8,0,391,613,3.9000000000000004,27.400000000000002,83.54
2020,7,4,8,15,447,647,3.9000000000000004,27.5,83.05
2020,7,4,8,30,501,677,4,27.700000000000003,82.09
2020,7,4,8,45,555,705,4,27.8,80.25
2020,7,4,9,0,606,726,4,28,79.32000000000001
2020,7,4,9,15,656,745,4,28.1,78.86
2020,7,4,9,30,702,762,4,28.3,77.95
2020,7,4,9,45,747,781,4,28.400000000000002,76.44
2020,7,4,10,0,788,793,4,28.6,75.57000000000001
2020,7,4,10,15,826,804,4,28.700000000000003,75.13
2020,7,4,10,30,860,813,4,28.8,74.7
2020,7,4,10,45,890,814,3.9000000000000004,28.900000000000002,73.53
2020,7,4,11,0,917,821,3.9000000000000004,29.1,72.69
2020,7,4,11,15,940,826,3.9000000000000004,29.200000000000003,72.27
2020,7,4,11,30,959,831,3.9000000000000004,29.3,71.86
2020,7,4,11,45,973,833,3.9000000000000004,29.400000000000002,71.05
2020,7,4,12,0,984,836,3.9000000000000004,29.5,70.65
2020,7,4,12,15,990,837,3.9000000000000004,29.6,70.24
2020,7,4,12,30,992,837,3.9000000000000004,29.700000000000003,69.84
2020,7,4,12,45,988,834,3.9000000000000004,29.700000000000003,69.77
2020,7,4,13,0,981,832,3.9000000000000004,29.8,69.37
2020,7,4,13,15,971,831,3.9000000000000004,29.8,69.3
2020,7,4,13,30,955,827,3.9000000000000004,29.8,69.3
2020,7,4,13,45,933,813,3.9000000000000004,29.8,69.24
2020,7,4,14,0,910,807,3.9000000000000004,29.8,69.24
2020,7,4,14,15,882,800,3.9000000000000004,29.8,69.24
2020,7,4,14,30,850,792,4,29.8,69.24
2020,7,4,14,45,815,781,4,29.700000000000003,69.43
2020,7,4,15,0,776,769,4,29.700000000000003,69.43
2020,7,4,15,15,734,756,4,29.6,69.83
2020,7,4,15,30,690,741,4.1000000000000005,29.5,70.23
2020,7,4,15,45,643,725,4.1000000000000005,29.5,70.10000000000001
2020,7,4,16,0,594,704,4.1000000000000005,29.400000000000002,70.51
2020,7,4,16,15,542,681,4.1000000000000005,29.3,70.91
2020,7,4,16,30,488,654,4.2,29.200000000000003,71.32000000000001
2020,7,4,16,45,433,622,4.2,29.1,71.69
2020,7,4,17,0,377,585,4.2,28.900000000000002,72.52
2020,7,4,17,15,321,542,4.2,28.8,72.94
2020,7,4,17,30,265,490,4.1000000000000005,28.6,73.78
2020,7,4,17,45,211,436,4.1000000000000005,28.400000000000002,75.04
2020,7,4,18,0,158,362,4.1000000000000005,28.3,75.47
2020,7,4,18,15,108,271,4,28.1,76.35000000000001
2020,7,4,18,30,63,163,3.9000000000000004,27.900000000000002,77.24
2020,7,4,18,45,27,55,3.8000000000000003,27.700000000000003,79.52
2020,7,4,19,0,0,0,3.8000000000000003,27.5,80.45
2020,7,4,19,15,0,0,3.8000000000000003,27.5,80.45
2020,7,4,19,30,0,0,3.8000000000000003,27.5,80.45
2020,7,4,19,45,0,0,3.8000000000000003,27.5,80.45
2020,7,4,20,0,0,0,3.8000000000000003,27.200000000000003,82.72
2020,7,4,20,15,0,0,3.8000000000000003,27.1,83.2
2020,7,4,20,30,0,0,3.8000000000000003,27,83.69
2020,7,4,20,45,0,0,3.8000000000000003,26.900000000000002,84.55
2020,7,4,21,0,0,0,3.8000000000000003,26.8,85.05
2020,7,4,21,15,0,0,3.8000000000000003,26.8,85.05
2020,7,4,21,30,0,0,3.8000000000000003,26.700000000000003,85.55
2020,7,4,21,45,0,0,3.7,26.700000000000003,85.34
2020,7,4,22,0,0,0,3.7,26.6,85.85000000000001
2020,7,4,22,15,0,0,3.7,26.6,85.85000000000001
2020,7,4,22,30,0,0,3.7,26.6,85.85000000000001
2020,7,4,22,45,0,0,3.7,26.5,85.56
2020,7,4,23,0,0,0,3.6,26.5,85.47
2020,7,4,23,15,0,0,3.6,26.400000000000002,85.97
2020,7,4,23,30,0,0,3.6,26.400000000000002,85.97
2020,7,4,23,45,0,0,3.6,26.400000000000002,85.41
2020,7,5,0,0,0,0,3.6,26.3,85.91
2020,7,5,0,15,0,0,3.6,26.3,85.91
2020,7,5,0,30,0,0,3.7,26.3,85.91
2020,7,5,0,45,0,0,3.7,26.3,85.68
2020,7,5,1,0,0,0,3.7,26.200000000000003,86.10000000000001
2020,7,5,1,15,0,0,3.7,26.200000000000003,86.10000000000001
2020,7,5,1,30,0,0,3.7,26.200000000000003,86.10000000000001
2020,7,5,1,45,0,0,3.7,26.200000000000003,85.86
2020,7,5,2,0,0,0,3.8000000000000003,26.200000000000003,85.86
2020,7,5,2,15,0,0,3.8000000000000003,26.200000000000003,85.86
2020,7,5,2,30,0,0,3.8000000000000003,26.200000000000003,85.86
2020,7,5,2,45,0,0,3.8000000000000003,26.200000000000003,85.98
2020,7,5,3,0,0,0,3.8000000000000003,26.200000000000003,85.98
2020,7,5,3,15,0,0,3.8000000000000003,26.200000000000003,85.98
2020,7,5,3,30,0,0,3.8000000000000003,26.1,86.49
2020,7,5,3,45,0,0,3.8000000000000003,26.1,87.08
2020,7,5,4,0,0,0,3.8000000000000003,26.1,87.08
2020,7,5,4,15,0,0,3.8000000000000003,26.1,87.17
2020,7,5,4,30,0,0,3.8000000000000003,26.1,87.17
2020,7,5,4,45,0,0,3.8000000000000003,26,88.4
2020,7,5,5,0,0,0,3.8000000000000003,26,88.4
2020,7,5,5,15,0,0,3.8000000000000003,26.1,87.88
2020,7,5,5,30,0,0,3.9000000000000004,26.200000000000003,87.36
2020,7,5,5,45,0,0,3.9000000000000004,26.200000000000003,88.16
2020,7,5,6,0,9,10,3.9000000000000004,26.3,87.64
2020,7,5,6,15,35,115,4,26.400000000000002,87.13
2020,7,5,6,30,53,76,4.1000000000000005,26.6,86.2
2020,7,5,6,45,121,356,4.1000000000000005,26.700000000000003,85.02
2020,7,5,7,0,173,442,4.2,26.8,84.53
2020,7,5,7,15,227,511,4.3,27,83.54
2020,7,5,7,30,283,567,4.3,27.1,83.05
2020,7,5,7,45,339,615,4.4,27.200000000000003,80.52
2020,7,5,8,0,396,654,4.4,27.400000000000002,79.58
2020,7,5,8,15,261,90,4.4,27.5,79.12
2020,7,5,8,30,293,92,4.4,27.6,78.66
2020,7,5,8,45,402,221,4.4,27.700000000000003,76.58
2020,7,5,9,0,611,761,4.4,27.8,76.13
2020,7,5,9,15,661,779,4.4,27.900000000000002,75.69
2020,7,5,9,30,242,13,4.4,28,75.25
2020,7,5,9,45,753,812,4.4,28.200000000000003,73.52
2020,7,5,10,0,794,824,4.4,28.3,73.10000000000001
2020,7,5,10,15,831,834,4.4,28.400000000000002,72.68
2020,7,5,10,30,866,842,4.4,28.5,72.26
2020,7,5,10,45,893,839,4.4,28.6,71.7
2020,7,5,11,0,920,845,4.4,28.700000000000003,71.29
2020,7,5,11,15,943,850,4.4,28.8,70.88
2020,7,5,11,30,741,279,4.4,28.900000000000002,70.47
2020,7,5,11,45,601,114,4.4,29,70.21000000000001
2020,7,5,12,0,759,276,4.4,29.1,69.81
2020,7,5,12,15,777,295,4.4,29.200000000000003,69.41
2020,7,5,12,30,757,266,4.4,29.200000000000003,69.41
2020,7,5,12,45,783,305,4.4,29.3,69.18
2020,7,5,13,0,779,307,4.4,29.3,69.11
2020,7,5,13,15,797,368,4.4,29.3,69.11
2020,7,5,13,30,959,859,4.4,29.3,69.11
2020,7,5,13,45,940,856,4.4,29.3,69.4
2020,7,5,14,0,787,435,4.4,29.3,69.4
2020,7,5,14,15,745,409,4.5,29.3,69.4
2020,7,5,14,30,679,315,4.5,29.3,69.4
2020,7,5,14,45,728,484,4.5,29.200000000000003,69.87
2020,7,5,15,0,606,289,4.5,29.200000000000003,69.87
2020,7,5,15,15,537,226,4.5,29.1,70.27
2020,7,5,15,30,493,205,4.5,29.1,70.2
2020,7,5,15,45,516,317,4.5,29,70.42
2020,7,5,16,0,469,298,4.5,29,70.42
2020,7,5,16,15,471,416,4.5,28.8,71.23
2020,7,5,16,30,425,411,4.5,28.700000000000003,71.64
2020,7,5,16,45,355,324,4.5,28.6,72.11
2020,7,5,17,0,317,342,4.5,28.5,72.52
2020,7,5,17,15,266,310,4.4,28.3,73.44
2020,7,5,17,30,184,151,4.4,28.1,74.3
2020,7,5,17,45,111,30,4.3,27.900000000000002,75.59
2020,7,5,18,0,109,109,4.3,27.700000000000003,76.47
2020,7,5,18,15,70,57,4.2,27.6,76.92
2020,7,5,18,30,53,121,4.1000000000000005,27.400000000000002,77.82000000000001
2020,7,5,18,45,18,0,4.1000000000000005,27.3,78.96000000000001
2020,7,5,19,0,0,0,4,27.1,79.88
2020,7,5,19,15,0,0,4,27.1,79.88
2020,7,5,19,30,0,0,4,27.1,79.88
2020,7,5,19,45,0,0,4,27.1,79.88
2020,7,5,20,0,0,0,4,26.900000000000002,80.75
2020,7,5,20,15,0,0,4,26.900000000000002,80.75
2020,7,5,20,30,0,0,4,26.8,81.22
2020,7,5,20,45,0,0,4,26.8,80.8
2020,7,5,21,0,0,0,4,26.700000000000003,81.27
2020,7,5,21,15,0,0,4,26.700000000000003,81.36
2020,7,5,21,30,0,0,4,26.6,81.84
2020,7,5,21,45,0,0,4,26.6,81.26
2020,7,5,22,0,0,0,4,26.6,81.26
2020,7,5,22,15,0,0,3.9000000000000004,26.5,81.74
2020,7,5,22,30,0,0,3.9000000000000004,26.5,81.74
2020,7,5,22,45,0,0,3.9000000000000004,26.5,81.41
2020,7,5,23,0,0,0,3.9000000000000004,26.5,81.41
2020,7,5,23,15,0,0,3.9000000000000004,26.400000000000002,81.89
2020,7,5,23,30,0,0,3.9000000000000004,26.400000000000002,81.8
2020,7,5,23,45,0,0,3.8000000000000003,26.400000000000002,81.92
2020,7,6,0,0,0,0,3.8000000000000003,26.3,82.4
2020,7,6,0,15,0,0,3.8000000000000003,26.3,82.4
2020,7,6,0,30,0,0,3.8000000000000003,26.3,82.4
2020,7,6,0,45,0,0,3.8000000000000003,26.200000000000003,83.44
2020,7,6,1,0,0,0,3.7,26.200000000000003,83.44
2020,7,6,1,15,0,0,3.7,26.1,83.94
2020,7,6,1,30,0,0,3.7,26.1,83.94
2020,7,6,1,45,0,0,3.7,26.1,84.96000000000001
2020,7,6,2,0,0,0,3.7,26.1,84.96000000000001
2020,7,6,2,15,0,0,3.7,26,85.37
2020,7,6,2,30,0,0,3.7,26,85.37
2020,7,6,2,45,0,0,3.7,26,86.59
2020,7,6,3,0,0,0,3.7,26,86.59
2020,7,6,3,15,0,0,3.7,26,86.59
2020,7,6,3,30,0,0,3.8000000000000003,26,86.59
2020,7,6,3,45,0,0,3.8000000000000003,26,87.68
2020,7,6,4,0,0,0,3.8000000000000003,26,87.68
2020,7,6,4,15,0,0,3.8000000000000003,26,87.77
2020,7,6,4,30,0,0,3.8000000000000003,26,87.77
2020,7,6,4,45,0,0,3.8000000000000003,26,88.8
2020,7,6,5,0,0,0,3.9000000000000004,26,88.8
2020,7,6,5,15,0,0,3.9000000000000004,26.1,88.28
2020,7,6,5,30,0,0,4,26.3,87.24
2020,7,6,5,45,0,0,4.1000000000000005,26.400000000000002,87.8
2020,7,6,6,0,0,0,4.1000000000000005,26.5,87.28
2020,7,6,6,15,25,24,4.2,26.700000000000003,86.27
2020,7,6,6,30,53,80,4.4,26.900000000000002,85.26
2020,7,6,6,45,100,212,4.5,27.1,84.03
2020,7,6,7,0,127,173,4.6000000000000005,27.3,83.05
2020,7,6,7,15,47,0,4.7,27.5,82.09
2020,7,6,7,30,223,273,4.7,27.700000000000003,81.22
2020,7,6,7,45,285,359,4.800000000000001,27.900000000000002,79.43
2020,7,6,8,0,391,606,4.9,28.1,78.52
2020,7,6,8,15,447,641,4.9,28.3,77.61
2020,7,6,8,30,502,672,4.9,28.5,76.72
2020,7,6,8,45,556,703,5,28.700000000000003,75.57000000000001
2020,7,6,9,0,608,725,5,28.900000000000002,74.71000000000001
2020,7,6,9,15,657,744,5,29.1,73.85000000000001
2020,7,6,9,30,703,760,5.1000000000000005,29.3,73.01
2020,7,6,9,45,748,778,5.1000000000000005,29.400000000000002,72.55
2020,7,6,10,0,789,789,5.1000000000000005,29.6,71.72
2020,7,6,10,15,544,152,5.1000000000000005,29.700000000000003,71.31
2020,7,6,10,30,471,72,5.2,29.8,70.91
2020,7,6,10,45,489,72,5.2,29.900000000000002,70.66
2020,7,6,11,0,540,95,5.2,30,70.26
2020,7,6,11,15,636,166,5.2,30.1,69.86
2020,7,6,11,30,651,168,5.2,30.1,69.86
2020,7,6,11,45,664,170,5.2,30.200000000000003,69.95
2020,7,6,12,0,446,35,5.2,30.3,69.55
2020,7,6,12,15,493,49,5.2,30.3,69.55
2020,7,6,12,30,593,99,5.2,30.3,69.55
2020,7,6,12,45,717,216,5.2,30.3,70.14
2020,7,6,13,0,499,52,5.2,30.3,70.07000000000001
2020,7,6,13,15,442,35,5.2,30.3,70.07000000000001
2020,7,6,13,30,584,109,5.2,30.3,70.07000000000001
2020,7,6,13,45,345,20,5.2,30.3,70.27
2020,7,6,14,0,391,29,5.2,30.3,70.27
2020,7,6,14,15,558,126,5.2,30.200000000000003,70.67
2020,7,6,14,30,853,802,5.2,30.1,71.07000000000001
2020,7,6,14,45,817,788,5.2,30.1,71.17
2020,7,6,15,0,778,777,5.2,30,71.58
2020,7,6,15,15,736,763,5.2,30,71.58
2020,7,6,15,30,692,748,5.2,29.900000000000002,71.99
2020,7,6,15,45,643,723,5.2,29.8,72.61
2020,7,6,16,0,593,702,5.2,29.700000000000003,73.03
2020,7,6,16,15,541,679,5.2,29.5,73.87
2020,7,6,16,30,487,652,5.2,29.400000000000002,74.3
2020,7,6,16,45,233,60,5.2,29.3,74.91
2020,7,6,17,0,376,575,5.2,29.1,75.77
2020,7,6,17,15,319,531,5.1000000000000005,29,76.21000000000001
2020,7,6,17,30,107,0,5.1000000000000005,28.8,77.09
2020,7,6,17,45,208,414,5,28.6,78.57000000000001
2020,7,6,18,0,156,339,5,28.400000000000002,79.49
2020,7,6,18,15,84,138,4.9,28.3,79.95
2020,7,6,18,30,50,94,4.800000000000001,28.1,80.88
2020,7,6,18,45,21,5,4.7,28,82.37
2020,7,6,19,0,0,0,4.6000000000000005,27.8,83.33
2020,7,6,19,15,0,0,4.6000000000000005,27.8,83.33
2020,7,6,19,30,0,0,4.6000000000000005,27.8,83.33
2020,7,6,19,45,0,0,4.6000000000000005,27.8,83.33
2020,7,6,20,0,0,0,4.6000000000000005,27.5,85.42
2020,7,6,20,15,0,0,4.5,27.5,85.42
2020,7,6,20,30,0,0,4.5,27.400000000000002,85.92
2020,7,6,20,45,0,0,4.5,27.3,86.99
2020,7,6,21,0,0,0,4.5,27.3,86.99
2020,7,6,21,15,0,0,4.5,27.200000000000003,87.5
2020,7,6,21,30,0,0,4.5,27.1,88.01
2020,7,6,21,45,0,0,4.5,27.1,88.5
2020,7,6,22,0,0,0,4.5,27,89.02
2020,7,6,22,15,0,0,4.4,27,89.02
2020,7,6,22,30,0,0,4.4,26.900000000000002,89.54
2020,7,6,22,45,0,0,4.4,26.900000000000002,89.84
2020,7,6,23,0,0,0,4.3,26.8,90.37
2020,7,6,23,15,0,0,4.3,26.700000000000003,90.9
2020,7,6,23,30,0,0,4.3,26.700000000000003,90.9
2020,7,6,23,45,0,0,4.2,26.6,91.61
2020,7,7,0,0,0,0,4.2,26.6,91.61
2020,7,7,0,15,0,0,4.2,26.5,92.06
2020,7,7,0,30,0,0,4.1000000000000005,26.5,92.06
2020,7,7,0,45,0,0,4.1000000000000005,26.400000000000002,92.35000000000001
2020,7,7,1,0,0,0,4.1000000000000005,26.400000000000002,92.35000000000001
2020,7,7,1,15,0,0,4,26.400000000000002,92.35000000000001
2020,7,7,1,30,0,0,4,26.3,92.9
2020,7,7,1,45,0,0,4,26.3,92.89
2020,7,7,2,0,0,0,3.9000000000000004,26.3,92.89
2020,7,7,2,15,0,0,3.9000000000000004,26.200000000000003,93.44
2020,7,7,2,30,0,0,3.9000000000000004,26.200000000000003,93.44
2020,7,7,2,45,0,0,3.9000000000000004,26.200000000000003,93.32000000000001
2020,7,7,3,0,0,0,3.8000000000000003,26.200000000000003,93.32000000000001
2020,7,7,3,15,0,0,3.8000000000000003,26.200000000000003,93.32000000000001
2020,7,7,3,30,0,0,3.8000000000000003,26.200000000000003,93.32000000000001
2020,7,7,3,45,0,0,3.8000000000000003,26.200000000000003,93.23
2020,7,7,4,0,0,0,3.8000000000000003,26.1,93.78
2020,7,7,4,15,0,0,3.8000000000000003,26.1,93.78
2020,7,7,4,30,0,0,3.8000000000000003,26.1,93.78
2020,7,7,4,45,0,0,3.8000000000000003,26.1,93.67
2020,7,7,5,0,0,0,3.8000000000000003,26.1,93.67
2020,7,7,5,15,0,0,3.9000000000000004,26.200000000000003,93.12
2020,7,7,5,30,0,0,3.9000000000000004,26.3,92.57000000000001
2020,7,7,5,45,0,0,4,26.400000000000002,92.89
2020,7,7,6,0,0,0,4,26.400000000000002,92.89
2020,7,7,6,15,23,2,4.1000000000000005,26.6,91.8
2020,7,7,6,30,67,152,4.2,26.700000000000003,91.27
2020,7,7,6,45,49,0,4.2,26.8,90.33
2020,7,7,7,0,164,367,4.3,26.900000000000002,89.81
2020,7,7,7,15,217,440,4.4,27.1,88.76
2020,7,7,7,30,272,500,4.5,27.3,87.73
2020,7,7,7,45,329,554,4.6000000000000005,27.5,84.61
2020,7,7,8,0,386,596,4.7,27.700000000000003,83.63
2020,7,7,8,15,441,631,4.800000000000001,27.900000000000002,82.67
2020,7,7,8,30,319,132,4.800000000000001,28.1,81.71000000000001
2020,7,7,8,45,228,19,4.9,28.3,79.47
2020,7,7,9,0,231,15,5,28.5,78.55
2020,7,7,9,15,294,32,5,28.6,78.10000000000001
2020,7,7,9,30,596,407,5,28.8,77.2
2020,7,7,9,45,142,1,5.1000000000000005,29,76.29
2020,7,7,10,0,656,381,5.1000000000000005,29.1,75.85000000000001
2020,7,7,10,15,688,387,5.1000000000000005,29.3,74.98
2020,7,7,10,30,581,167,5.1000000000000005,29.400000000000002,74.55
2020,7,7,10,45,303,16,5.1000000000000005,29.5,74.22
2020,7,7,11,0,404,32,5.1000000000000005,29.6,73.8
2020,7,7,11,15,398,28,5.1000000000000005,29.700000000000003,73.38
2020,7,7,11,30,610,129,5.1000000000000005,29.8,72.96000000000001
2020,7,7,11,45,608,119,5.1000000000000005,29.900000000000002,72.54
2020,7,7,12,0,603,110,5.1000000000000005,30,72.06
2020,7,7,12,15,539,68,5,30,72.06
2020,7,7,12,30,617,117,5,30,72.06
2020,7,7,12,45,642,138,5,30,71.60000000000001
2020,7,7,13,0,643,143,4.9,30.1,71.19
2020,7,7,13,15,639,146,4.9,30,71.60000000000001
2020,7,7,13,30,568,98,4.800000000000001,30,71.60000000000001
2020,7,7,13,45,526,78,4.800000000000001,30,71.12
2020,7,7,14,0,578,127,4.7,30,71.04
2020,7,7,14,15,570,137,4.7,30,71.04
2020,7,7,14,30,582,172,4.6000000000000005,30,71.04
2020,7,7,14,45,566,182,4.6000000000000005,29.900000000000002,71.11
2020,7,7,15,0,565,220,4.5,29.900000000000002,71.11
2020,7,7,15,15,538,226,4.5,29.8,71.52
2020,7,7,15,30,461,158,4.4,29.700000000000003,71.93
2020,7,7,15,45,449,187,4.4,29.6,72.43
2020,7,7,16,0,375,126,4.4,29.5,72.85000000000001
2020,7,7,16,15,360,153,4.3,29.3,73.69
2020,7,7,16,30,332,165,4.3,29.200000000000003,74.11
2020,7,7,16,45,311,200,4.3,29,75.41
2020,7,7,17,0,249,139,4.2,28.900000000000002,75.85000000000001
2020,7,7,17,15,178,59,4.1000000000000005,28.700000000000003,76.73
2020,7,7,17,30,150,58,4,28.5,77.62
2020,7,7,17,45,152,158,3.9000000000000004,28.3,80.19
2020,7,7,18,0,118,151,3.8000000000000003,28.1,81.12
2020,7,7,18,15,70,56,3.8000000000000003,27.900000000000002,82.07000000000001
2020,7,7,18,30,51,107,3.7,27.700000000000003,83.03
2020,7,7,18,45,23,41,3.6,27.5,87.18
2020,7,7,19,0,0,0,3.6,27.3,88.2
2020,7,7,19,15,0,0,3.6,27.3,88.2
2020,7,7,19,30,0,0,3.6,27.3,88.2
2020,7,7,19,45,0,0,3.6,27.3,88.2
2020,7,7,20,0,0,0,3.6,27,91.92
2020,7,7,20,15,0,0,3.6,26.900000000000002,92.46000000000001
2020,7,7,20,30,0,0,3.5,26.8,93
2020,7,7,20,45,0,0,3.5,26.8,94.18
2020,7,7,21,0,0,0,3.5,26.700000000000003,94.74
2020,7,7,21,15,0,0,3.5,26.6,95.29
2020,7,7,21,30,0,0,3.5,26.6,95.29
2020,7,7,21,45,0,0,3.5,26.5,96.28
2020,7,7,22,0,0,0,3.5,26.5,96.28
2020,7,7,22,15,0,0,3.5,26.5,96.28
2020,7,7,22,30,0,0,3.5,26.5,96.28
2020,7,7,22,45,0,0,3.6,26.400000000000002,96.98
2020,7,7,23,0,0,0,3.6,26.400000000000002,96.98
2020,7,7,23,15,0,0,3.6,26.400000000000002,96.98
2020,7,7,23,30,0,0,3.6,26.400000000000002,96.89
2020,7,7,23,45,0,0,3.6,26.400000000000002,97.02
2020,7,8,0,0,0,0,3.6,26.400000000000002,97.02
2020,7,8,0,15,0,0,3.5,26.400000000000002,97.02
2020,7,8,0,30,0,0,3.5,26.3,97.59
2020,7,8,0,45,0,0,3.5,26.3,97.75
2020,7,8,1,0,0,0,3.5,26.3,97.75
2020,7,8,1,15,0,0,3.5,26.3,97.75
2020,7,8,1,30,0,0,3.6,26.3,97.75
2020,7,8,1,45,0,0,3.6,26.3,97.92
2020,7,8,2,0,0,0,3.7,26.400000000000002,97.35000000000001
2020,7,8,2,15,0,0,3.7,26.400000000000002,97.35000000000001
2020,7,8,2,30,0,0,3.8000000000000003,26.400000000000002,97.35000000000001
2020,7,8,2,45,0,0,3.8000000000000003,26.400000000000002,97.69
2020,7,8,3,0,0,0,3.9000000000000004,26.400000000000002,97.69
2020,7,8,3,15,0,0,3.9000000000000004,26.400000000000002,97.69
2020,7,8,3,30,0,0,4,26.400000000000002,97.69
2020,7,8,3,45,0,0,4,26.5,97.39
2020,7,8,4,0,0,0,4,26.5,97.39
2020,7,8,4,15,0,0,4.1000000000000005,26.5,97.39
2020,7,8,4,30,0,0,4.1000000000000005,26.5,97.39
2020,7,8,4,45,0,0,4.2,26.6,97.10000000000001
2020,7,8,5,0,0,0,4.2,26.6,97.2
2020,7,8,5,15,0,0,4.2,26.6,97.2
2020,7,8,5,30,0,0,4.3,26.700000000000003,96.63
2020,7,8,5,45,0,0,4.3,26.700000000000003,97.14
2020,7,8,6,0,0,0,4.3,26.8,96.57000000000001
2020,7,8,6,15,21,0,4.4,26.900000000000002,96.01
2020,7,8,6,30,41,6,4.5,27,95.45
2020,7,8,6,45,71,45,4.6000000000000005,27.1,94.57000000000001
2020,7,8,7,0,110,94,4.7,27.1,94.57000000000001
2020,7,8,7,15,83,0,4.800000000000001,27.3,93.47
2020,7,8,7,30,232,321,4.9,27.400000000000002,92.93
2020,7,8,7,45,218,134,5.1000000000000005,27.5,90.39
2020,7,8,8,0,129,0,5.2,27.6,89.86
2020,7,8,8,15,176,11,5.300000000000001,27.700000000000003,89.34
2020,7,8,8,30,255,51,5.300000000000001,27.8,88.82000000000001
2020,7,8,8,45,271,44,5.4,27.900000000000002,84.99
2020,7,8,9,0,426,199,5.5,28.1,84.01
2020,7,8,9,15,356,71,5.4,28.200000000000003,83.52
2020,7,8,9,30,491,195,5.4,28.3,83.04
2020,7,8,9,45,576,284,5.300000000000001,28.3,80.8
2020,7,8,10,0,560,206,5.300000000000001,28.400000000000002,80.34
2020,7,8,10,15,608,236,5.2,28.5,79.87
2020,7,8,10,30,531,117,5.1000000000000005,28.6,79.41
2020,7,8,10,45,429,43,5.1000000000000005,28.6,78.53
2020,7,8,11,0,893,737,5,28.700000000000003,78.08
2020,7,8,11,15,916,744,4.9,28.8,77.63
2020,7,8,11,30,421,32,4.9,28.8,77.63
2020,7,8,11,45,620,129,4.800000000000001,28.8,77.59
2020,7,8,12,0,696,196,4.7,28.900000000000002,77.15
2020,7,8,12,15,665,159,4.7,28.900000000000002,77.15
2020,7,8,12,30,646,141,4.7,28.900000000000002,77.15
2020,7,8,12,45,728,229,4.6000000000000005,29,76.94
2020,7,8,13,0,616,121,4.6000000000000005,29,76.86
2020,7,8,13,15,760,292,4.5,29,76.86
2020,7,8,13,30,745,288,4.5,29,76.86
2020,7,8,13,45,540,87,4.5,29,77.57000000000001
2020,7,8,14,0,533,91,4.4,28.900000000000002,78.02
2020,7,8,14,15,641,217,4.4,28.900000000000002,78.02
2020,7,8,14,30,474,75,4.4,28.900000000000002,78.02
2020,7,8,14,45,300,18,4.4,28.8,79.03
2020,7,8,15,0,336,28,4.3,28.8,79.03
2020,7,8,15,15,363,46,4.3,28.700000000000003,79.41
2020,7,8,15,30,520,250,4.3,28.6,79.87
2020,7,8,15,45,511,305,4.3,28.6,80.09
2020,7,8,16,0,501,376,4.2,28.5,80.55
2020,7,8,16,15,436,315,4.2,28.400000000000002,81.02
2020,7,8,16,30,375,261,4.2,28.3,81.49
2020,7,8,16,45,292,156,4.1000000000000005,28.200000000000003,81.83
2020,7,8,17,0,252,145,4.1000000000000005,28.1,82.31
2020,7,8,17,15,189,79,4,28,82.79
2020,7,8,17,30,192,175,3.9000000000000004,27.900000000000002,83.27
2020,7,8,17,45,153,161,3.8000000000000003,27.8,83.92
2020,7,8,18,0,117,146,3.8000000000000003,27.6,84.9
2020,7,8,18,15,79,109,3.7,27.5,85.39
2020,7,8,18,30,56,61,3.7,27.400000000000002,85.89
2020,7,8,18,45,21,9,3.6,27.3,86.4
2020,7,8,19,0,0,0,3.6,27.200000000000003,86.91
2020,7,8,19,15,0,0,3.6,27.200000000000003,86.91
2020,7,8,19,30,0,0,3.6,27.200000000000003,86.91
2020,7,8,19,45,0,0,3.6,27.200000000000003,86.91
2020,7,8,20,0,0,0,3.5,27,87.33
2020,7,8,20,15,0,0,3.5,26.900000000000002,87.85000000000001
2020,7,8,20,30,0,0,3.5,26.900000000000002,87.85000000000001
2020,7,8,20,45,0,0,3.5,26.8,87.55
2020,7,8,21,0,0,0,3.5,26.8,87.55
2020,7,8,21,15,0,0,3.5,26.8,87.64
2020,7,8,21,30,0,0,3.6,26.700000000000003,88.15
2020,7,8,21,45,0,0,3.6,26.700000000000003,87.57000000000001
2020,7,8,22,0,0,0,3.6,26.700000000000003,87.57000000000001
2020,7,8,22,15,0,0,3.6,26.6,88.09
2020,7,8,22,30,0,0,3.6,26.6,88.09
2020,7,8,22,45,0,0,3.6,26.6,87.82000000000001
2020,7,8,23,0,0,0,3.6,26.5,88.34
2020,7,8,23,15,0,0,3.6,26.5,88.34
2020,7,8,23,30,0,0,3.6,26.5,88.34
2020,7,8,23,45,0,0,3.6,26.400000000000002,88.39
2020,7,9,0,0,0,0,3.6,26.400000000000002,88.39
2020,7,9,0,15,0,0,3.6,26.400000000000002,88.39
2020,7,9,0,30,0,0,3.6,26.400000000000002,88.39
2020,7,9,0,45,0,0,3.6,26.400000000000002,87.69
2020,7,9,1,0,0,0,3.6,26.3,88.21000000000001
2020,7,9,1,15,0,0,3.7,26.3,88.21000000000001
2020,7,9,1,30,0,0,3.7,26.3,88.21000000000001
2020,7,9,1,45,0,0,3.7,26.3,87.71000000000001
2020,7,9,2,0,0,0,3.7,26.3,87.71000000000001
2020,7,9,2,15,0,0,3.8000000000000003,26.3,87.71000000000001
2020,7,9,2,30,0,0,3.8000000000000003,26.200000000000003,88.23
2020,7,9,2,45,0,0,3.8000000000000003,26.200000000000003,87.95
2020,7,9,3,0,0,0,3.8000000000000003,26.200000000000003,87.95
2020,7,9,3,15,0,0,3.8000000000000003,26.200000000000003,87.95
2020,7,9,3,30,0,0,3.8000000000000003,26.200000000000003,87.95
2020,7,9,3,45,0,0,3.8000000000000003,26.200000000000003,88.09
2020,7,9,4,0,0,0,3.9000000000000004,26.200000000000003,88.09
2020,7,9,4,15,0,0,3.9000000000000004,26.200000000000003,88.09
2020,7,9,4,30,0,0,3.9000000000000004,26.200000000000003,88.09
2020,7,9,4,45,0,0,3.9000000000000004,26.200000000000003,88.52
2020,7,9,5,0,0,0,3.9000000000000004,26.1,89.13
2020,7,9,5,15,0,0,3.9000000000000004,26.200000000000003,88.61
2020,7,9,5,30,0,0,4,26.3,88.09
2020,7,9,5,45,0,0,4,26.400000000000002,88.05
2020,7,9,6,0,0,0,4.1000000000000005,26.5,87.54
2020,7,9,6,15,22,8,4.2,26.700000000000003,86.52
2020,7,9,6,30,58,54,4.3,26.8,86.01
2020,7,9,6,45,102,134,4.5,27,82.89
2020,7,9,7,0,151,209,4.6000000000000005,27.200000000000003,81.92
2020,7,9,7,15,202,279,4.7,27.400000000000002,80.97
2020,7,9,7,30,256,341,4.800000000000001,27.6,80.03
2020,7,9,7,45,311,399,5,27.8,75.63
2020,7,9,8,0,366,446,5.1000000000000005,28,74.76
2020,7,9,8,15,421,487,5.1000000000000005,28.200000000000003,73.9
2020,7,9,8,30,155,0,5.2,28.400000000000002,73.05
2020,7,9,8,45,242,26,5.2,28.700000000000003,69.93
2020,7,9,9,0,581,592,5.300000000000001,28.900000000000002,69.13
2020,7,9,9,15,631,615,5.300000000000001,29,68.73
2020,7,9,9,30,677,636,5.300000000000001,29.200000000000003,67.95
2020,7,9,9,45,723,662,5.4,29.3,66.95
2020,7,9,10,0,765,677,5.4,29.400000000000002,66.57000000000001
2020,7,9,10,15,803,691,5.4,29.5,66.19
2020,7,9,10,30,836,702,5.4,29.6,65.81
2020,7,9,10,45,866,704,5.4,29.700000000000003,65.82000000000001
2020,7,9,11,0,893,713,5.4,29.8,65.44
2020,7,9,11,15,917,720,5.300000000000001,29.900000000000002,65
2020,7,9,11,30,936,725,5.300000000000001,29.900000000000002,65
2020,7,9,11,45,951,729,5.300000000000001,30,65.45
2020,7,9,12,0,961,732,5.300000000000001,30,65.45
2020,7,9,12,15,966,733,5.2,30,65.45
2020,7,9,12,30,968,733,5.2,30,65.45
2020,7,9,12,45,965,731,5.2,30,65.8
2020,7,9,13,0,959,729,5.2,30.1,65.42
2020,7,9,13,15,947,726,5.1000000000000005,30,65.8
2020,7,9,13,30,932,722,5.1000000000000005,30,65.73
2020,7,9,13,45,917,734,5,30,65.78
2020,7,9,14,0,893,727,5,29.900000000000002,66.15
2020,7,9,14,15,492,75,5,29.900000000000002,66.15
2020,7,9,14,30,834,709,4.9,29.8,66.53
2020,7,9,14,45,802,711,4.9,29.700000000000003,66.86
2020,7,9,15,0,764,697,4.9,29.700000000000003,66.86
2020,7,9,15,15,722,682,4.800000000000001,29.6,67.24
2020,7,9,15,30,610,469,4.800000000000001,29.5,67.63
2020,7,9,15,45,557,423,4.800000000000001,29.400000000000002,67.85
2020,7,9,16,0,510,400,4.800000000000001,29.3,68.24
2020,7,9,16,15,358,148,4.7,29.200000000000003,68.63
2020,7,9,16,30,478,577,4.7,29.1,69.03
2020,7,9,16,45,385,427,4.7,29,69.36
2020,7,9,17,0,311,320,4.7,28.900000000000002,69.76
2020,7,9,17,15,313,467,4.6000000000000005,28.700000000000003,70.57000000000001
2020,7,9,17,30,258,412,4.6000000000000005,28.5,71.39
2020,7,9,17,45,127,67,4.5,28.3,73.05
2020,7,9,18,0,152,279,4.5,28.200000000000003,73.48
2020,7,9,18,15,103,192,4.4,28,74.33
2020,7,9,18,30,45,56,4.3,27.8,75.2
2020,7,9,18,45,24,23,4.2,27.700000000000003,77.7
2020,7,9,19,0,0,0,4.1000000000000005,27.5,78.61
2020,7,9,19,15,0,0,4.1000000000000005,27.5,78.61
2020,7,9,19,30,0,0,4.1000000000000005,27.5,78.61
2020,7,9,19,45,0,0,4.1000000000000005,27.5,78.61
2020,7,9,20,0,0,0,4.1000000000000005,27.200000000000003,81.76
2020,7,9,20,15,0,0,4,27.1,82.24
2020,7,9,20,30,0,0,4,27,82.72
2020,7,9,20,45,0,0,4,26.900000000000002,84.71000000000001
2020,7,9,21,0,0,0,4,26.900000000000002,84.71000000000001
2020,7,9,21,15,0,0,4.1000000000000005,26.8,85.21000000000001
2020,7,9,21,30,0,0,4.1000000000000005,26.700000000000003,85.71000000000001
2020,7,9,21,45,0,0,4.1000000000000005,26.700000000000003,86.81
2020,7,9,22,0,0,0,4.2,26.6,87.32000000000001
2020,7,9,22,15,0,0,4.2,26.6,87.32000000000001
2020,7,9,22,30,0,0,4.2,26.5,87.84
2020,7,9,22,45,0,0,4.3,26.5,88.10000000000001
2020,7,9,23,0,0,0,4.3,26.400000000000002,88.62
2020,7,9,23,15,0,0,4.3,26.400000000000002,88.62
2020,7,9,23,30,0,0,4.3,26.400000000000002,88.53
2020,7,9,23,45,0,0,4.3,26.3,88.89
2020,7,10,0,0,0,0,4.3,26.3,88.89
2020,7,10,0,15,0,0,4.3,26.3,88.89
2020,7,10,0,30,0,0,4.3,26.200000000000003,89.41
2020,7,10,0,45,0,0,4.3,26.200000000000003,89.66
2020,7,10,1,0,0,0,4.2,26.200000000000003,89.66
2020,7,10,1,15,0,0,4.2,26.200000000000003,89.66
2020,7,10,1,30,0,0,4.2,26.200000000000003,89.66
2020,7,10,1,45,0,0,4.2,26.1,90.58
2020,7,10,2,0,0,0,4.2,26.1,90.58
2020,7,10,2,15,0,0,4.2,26.1,90.58
2020,7,10,2,30,0,0,4.2,26.1,90.58
2020,7,10,2,45,0,0,4.2,26.1,90.76
2020,7,10,3,0,0,0,4.2,26,91.3
2020,7,10,3,15,0,0,4.1000000000000005,26,91.3
2020,7,10,3,30,0,0,4.1000000000000005,26,91.3
2020,7,10,3,45,0,0,4.1000000000000005,26,91.52
2020,7,10,4,0,0,0,4.1000000000000005,26,91.52
2020,7,10,4,15,0,0,4.1000000000000005,26,91.52
2020,7,10,4,30,0,0,4.1000000000000005,26,91.52
2020,7,10,4,45,0,0,4.1000000000000005,26,91.43
2020,7,10,5,0,0,0,4.1000000000000005,26,91.43
2020,7,10,5,15,0,0,4.1000000000000005,26,91.43
2020,7,10,5,30,0,0,4.2,26.1,90.9
2020,7,10,5,45,0,0,4.2,26.200000000000003,91.04
2020,7,10,6,0,0,0,4.2,26.3,90.5
2020,7,10,6,15,34,172,4.3,26.400000000000002,89.97
2020,7,10,6,30,75,315,4.4,26.6,88.92
2020,7,10,6,45,123,423,4.5,26.700000000000003,87.78
2020,7,10,7,0,175,508,4.5,26.8,87.27
2020,7,10,7,15,231,577,4.6000000000000005,27,86.25
2020,7,10,7,30,288,630,4.7,27.200000000000003,85.25
2020,7,10,7,45,344,665,4.800000000000001,27.400000000000002,81.43
2020,7,10,8,0,402,702,4.9,27.6,80.49
2020,7,10,8,15,459,734,5,27.700000000000003,80.02
2020,7,10,8,30,515,760,5,27.900000000000002,79.09
2020,7,10,8,45,568,779,5.1000000000000005,28.1,76.04
2020,7,10,9,0,378,126,5.1000000000000005,28.3,75.24
2020,7,10,9,15,671,815,5.1000000000000005,28.400000000000002,74.8
2020,7,10,9,30,718,829,5.1000000000000005,28.5,74.37
2020,7,10,9,45,762,837,5.1000000000000005,28.700000000000003,72.77
2020,7,10,10,0,803,848,5.2,28.8,72.27
2020,7,10,10,15,842,858,5.2,28.900000000000002,71.86
2020,7,10,10,30,876,865,5.2,29,71.45
2020,7,10,10,45,639,211,5.2,29.1,70.9
2020,7,10,11,0,512,77,5.2,29.200000000000003,70.49
2020,7,10,11,15,955,872,5.2,29.3,70.09
2020,7,10,11,30,974,876,5.2,29.3,70.09
2020,7,10,11,45,985,868,5.2,29.400000000000002,69.75
2020,7,10,12,0,996,870,5.2,29.400000000000002,69.75
2020,7,10,12,15,538,68,5.2,29.5,69.35000000000001
2020,7,10,12,30,1004,872,5.1000000000000005,29.5,69.28
2020,7,10,12,45,998,859,5.1000000000000005,29.5,69.36
2020,7,10,13,0,519,61,5.1000000000000005,29.6,68.96000000000001
2020,7,10,13,15,980,856,5.1000000000000005,29.6,68.96000000000001
2020,7,10,13,30,445,38,5.1000000000000005,29.6,68.96000000000001
2020,7,10,13,45,567,105,5,29.6,68.83
2020,7,10,14,0,915,819,5,29.6,68.83
2020,7,10,14,15,888,812,5,29.6,68.83
2020,7,10,14,30,576,165,5,29.6,68.76
2020,7,10,14,45,819,785,4.9,29.6,68.71000000000001
2020,7,10,15,0,454,92,4.9,29.5,69.10000000000001
2020,7,10,15,15,406,72,4.9,29.5,69.10000000000001
2020,7,10,15,30,589,398,4.9,29.400000000000002,69.5
2020,7,10,15,45,520,323,4.800000000000001,29.3,70
2020,7,10,16,0,431,215,4.800000000000001,29.3,70
2020,7,10,16,15,119,0,4.800000000000001,29.200000000000003,70.4
2020,7,10,16,30,245,45,4.7,29,71.22
2020,7,10,16,45,433,606,4.7,28.900000000000002,71.96000000000001
2020,7,10,17,0,376,568,4.6000000000000005,28.8,72.37
2020,7,10,17,15,320,524,4.5,28.6,73.21000000000001
2020,7,10,17,30,222,301,4.4,28.400000000000002,74.07000000000001
2020,7,10,17,45,209,403,4.3,28.200000000000003,76.43
2020,7,10,18,0,156,327,4.2,28,77.32000000000001
2020,7,10,18,15,66,36,4.1000000000000005,27.8,78.23
2020,7,10,18,30,44,48,4,27.6,79.14
2020,7,10,18,45,21,5,3.9000000000000004,27.400000000000002,82.38
2020,7,10,19,0,0,0,3.8000000000000003,27.200000000000003,83.35000000000001
2020,7,10,19,15,0,0,3.8000000000000003,27.200000000000003,83.35000000000001
2020,7,10,19,30,0,0,3.8000000000000003,27.200000000000003,83.35000000000001
2020,7,10,19,45,0,0,3.8000000000000003,27.200000000000003,83.35000000000001
2020,7,10,20,0,0,0,3.8000000000000003,26.900000000000002,86.01
2020,7,10,20,15,0,0,3.8000000000000003,26.900000000000002,86.01
2020,7,10,20,30,0,0,3.8000000000000003,26.8,86.51
2020,7,10,20,45,0,0,3.8000000000000003,26.700000000000003,87.39
2020,7,10,21,0,0,0,3.8000000000000003,26.700000000000003,87.39
2020,7,10,21,15,0,0,3.8000000000000003,26.6,87.9
2020,7,10,21,30,0,0,3.8000000000000003,26.6,87.99
2020,7,10,21,45,0,0,3.9000000000000004,26.6,87.83
2020,7,10,22,0,0,0,3.9000000000000004,26.5,88.34
2020,7,10,22,15,0,0,3.9000000000000004,26.5,88.34
2020,7,10,22,30,0,0,3.9000000000000004,26.400000000000002,88.86
2020,7,10,22,45,0,0,3.9000000000000004,26.400000000000002,87.93
2020,7,10,23,0,0,0,3.9000000000000004,26.400000000000002,87.93
2020,7,10,23,15,0,0,3.9000000000000004,26.3,88.45
2020,7,10,23,30,0,0,3.9000000000000004,26.3,88.45
2020,7,10,23,45,0,0,3.9000000000000004,26.3,87.9
2020,7,11,0,0,0,0,3.9000000000000004,26.200000000000003,88.42
2020,7,11,0,15,0,0,4,26.200000000000003,88.42
2020,7,11,0,30,0,0,4,26.200000000000003,88.33
2020,7,11,0,45,0,0,4,26.1,88.49
2020,7,11,1,0,0,0,4,26.1,88.49
2020,7,11,1,15,0,0,4,26.1,88.49
2020,7,11,1,30,0,0,4,26.1,88.49
2020,7,11,1,45,0,0,4,26.1,88.28
2020,7,11,2,0,0,0,4,26,88.8
2020,7,11,2,15,0,0,4,26,88.8
2020,7,11,2,30,0,0,4,26,88.8
2020,7,11,2,45,0,0,4,26,88.58
2020,7,11,3,0,0,0,4,26,88.58
2020,7,11,3,15,0,0,4,26,88.58
2020,7,11,3,30,0,0,4,25.900000000000002,89.10000000000001
2020,7,11,3,45,0,0,4.1000000000000005,25.900000000000002,89.05
2020,7,11,4,0,0,0,4.1000000000000005,25.900000000000002,89.05
2020,7,11,4,15,0,0,4.1000000000000005,25.900000000000002,89.05
2020,7,11,4,30,0,0,4.1000000000000005,25.900000000000002,89.05
2020,7,11,4,45,0,0,4.1000000000000005,25.900000000000002,88.62
2020,7,11,5,0,0,0,4.1000000000000005,25.900000000000002,88.62
2020,7,11,5,15,0,0,4.1000000000000005,26,88.10000000000001
2020,7,11,5,30,0,0,4.1000000000000005,26.1,87.58
2020,7,11,5,45,0,0,4.2,26.1,87.16
2020,7,11,6,0,0,0,4.2,26.200000000000003,86.74
2020,7,11,6,15,26,24,4.4,26.400000000000002,85.72
2020,7,11,6,30,43,30,4.5,26.6,84.72
2020,7,11,6,45,107,184,4.6000000000000005,26.8,81.66
2020,7,11,7,0,156,269,4.7,26.900000000000002,81.18
2020,7,11,7,15,209,344,4.800000000000001,27.200000000000003,79.77
2020,7,11,7,30,264,408,4.9,27.400000000000002,78.85000000000001
2020,7,11,7,45,180,59,5,27.6,74.51
2020,7,11,8,0,375,497,5.1000000000000005,27.8,73.65
2020,7,11,8,15,432,539,5.1000000000000005,28,72.8
2020,7,11,8,30,487,574,5.1000000000000005,28.200000000000003,71.96000000000001
2020,7,11,8,45,539,593,5.1000000000000005,28.400000000000002,69.74
2020,7,11,9,0,592,620,5.1000000000000005,28.6,68.94
2020,7,11,9,15,642,643,5.1000000000000005,28.8,68.15
2020,7,11,9,30,688,662,5.1000000000000005,28.900000000000002,67.75
2020,7,11,9,45,731,672,5.1000000000000005,29.1,66.63
2020,7,11,10,0,773,688,5.1000000000000005,29.200000000000003,66.24
2020,7,11,10,15,812,702,5.1000000000000005,29.400000000000002,65.49
2020,7,11,10,30,847,713,5.1000000000000005,29.5,65.11
2020,7,11,10,45,882,744,5.1000000000000005,29.6,65.38
2020,7,11,11,0,909,752,5.1000000000000005,29.700000000000003,65
2020,7,11,11,15,933,759,5.2,29.700000000000003,64.94
2020,7,11,11,30,952,765,5.2,29.8,64.57000000000001
2020,7,11,11,45,959,742,5.2,29.8,65.53
2020,7,11,12,0,970,745,5.2,29.900000000000002,65.15
2020,7,11,12,15,977,747,5.2,29.900000000000002,65.15
2020,7,11,12,30,979,748,5.300000000000001,29.900000000000002,65.15
2020,7,11,12,45,972,729,5.300000000000001,29.900000000000002,66.25
2020,7,11,13,0,963,726,5.300000000000001,29.900000000000002,66.25
2020,7,11,13,15,952,723,5.300000000000001,29.8,66.57000000000001
2020,7,11,13,30,937,718,5.300000000000001,29.8,66.57000000000001
2020,7,11,13,45,924,739,5.4,29.8,67.26
2020,7,11,14,0,900,732,5.4,29.8,67.26
2020,7,11,14,15,872,723,5.4,29.700000000000003,67.65
2020,7,11,14,30,841,713,5.4,29.6,68.04
2020,7,11,14,45,802,688,5.4,29.6,68.39
2020,7,11,15,0,764,674,5.4,29.5,68.78
2020,7,11,15,15,722,658,5.4,29.400000000000002,69.18
2020,7,11,15,30,678,641,5.4,29.3,69.5
2020,7,11,15,45,627,602,5.4,29.200000000000003,70.28
2020,7,11,16,0,578,578,5.4,29.1,70.69
2020,7,11,16,15,526,550,5.4,29,71.09
2020,7,11,16,30,472,518,5.4,28.900000000000002,71.5
2020,7,11,16,45,415,463,5.300000000000001,28.700000000000003,71.96000000000001
2020,7,11,17,0,360,421,5.300000000000001,28.6,72.38
2020,7,11,17,15,305,373,5.2,28.400000000000002,73.3
2020,7,11,17,30,250,318,5.2,28.3,73.72
2020,7,11,17,45,194,238,5.1000000000000005,28.1,74.47
2020,7,11,18,0,143,170,5,27.900000000000002,75.33
2020,7,11,18,15,94,99,4.9,27.700000000000003,76.22
2020,7,11,18,30,52,37,4.800000000000001,27.6,76.66
2020,7,11,18,45,17,3,4.7,27.400000000000002,78.69
2020,7,11,19,0,0,0,4.6000000000000005,27.3,79.15
2020,7,11,19,15,0,0,4.6000000000000005,27.3,79.15
2020,7,11,19,30,0,0,4.6000000000000005,27.3,79.15
2020,7,11,19,45,0,0,4.6000000000000005,27.3,79.15
2020,7,11,20,0,0,0,4.2,26.900000000000002,82.92
2020,7,11,20,15,0,0,4.1000000000000005,26.900000000000002,82.92
2020,7,11,20,30,0,0,4.1000000000000005,26.8,83.41
2020,7,11,20,45,0,0,4,26.700000000000003,86.10000000000001
2020,7,11,21,0,0,0,3.9000000000000004,26.6,86.61
2020,7,11,21,15,0,0,3.9000000000000004,26.6,86.61
2020,7,11,21,30,0,0,3.9000000000000004,26.6,86.61
2020,7,11,21,45,0,0,3.8000000000000003,26.5,89.12
2020,7,11,22,0,0,0,3.8000000000000003,26.5,89.12
2020,7,11,22,15,0,0,3.8000000000000003,26.400000000000002,89.64
2020,7,11,22,30,0,0,3.7,26.400000000000002,89.64
2020,7,11,22,45,0,0,3.7,26.400000000000002,91.34
2020,7,11,23,0,0,0,3.7,26.400000000000002,91.34
2020,7,11,23,15,0,0,3.7,26.3,91.88
2020,7,11,23,30,0,0,3.7,26.3,91.88
2020,7,11,23,45,0,0,3.7,26.3,93.16
2020,7,12,0,0,0,0,3.6,26.3,93.16
2020,7,12,0,15,0,0,3.7,26.3,93.16
2020,7,12,0,30,0,0,3.7,26.200000000000003,93.62
2020,7,12,0,45,0,0,3.7,26.200000000000003,94.58
2020,7,12,1,0,0,0,3.7,26.200000000000003,94.58
2020,7,12,1,15,0,0,3.7,26.200000000000003,94.58
2020,7,12,1,30,0,0,3.7,26.200000000000003,94.58
2020,7,12,1,45,0,0,3.7,26.1,95.5
2020,7,12,2,0,0,0,3.7,26.1,95.5
2020,7,12,2,15,0,0,3.6,26.1,95.5
2020,7,12,2,30,0,0,3.6,26.1,95.5
2020,7,12,2,45,0,0,3.6,26.1,95.3
2020,7,12,3,0,0,0,3.6,26,95.86
2020,7,12,3,15,0,0,3.6,26,95.86
2020,7,12,3,30,0,0,3.6,26,95.86
2020,7,12,3,45,0,0,3.6,26,95.41
2020,7,12,4,0,0,0,3.6,26,95.41
2020,7,12,4,15,0,0,3.6,26,95.41
2020,7,12,4,30,0,0,3.6,26,95.5
2020,7,12,4,45,0,0,3.6,26,95.12
2020,7,12,5,0,0,0,3.6,26,95.12
2020,7,12,5,15,0,0,3.6,26,95.12
2020,7,12,5,30,0,0,3.6,26,95.12
2020,7,12,5,45,0,0,3.6,26.1,94.95
2020,7,12,6,0,0,0,3.6,26.1,94.95
2020,7,12,6,15,15,0,3.6,26.200000000000003,94.49
2020,7,12,6,30,22,0,3.6,26.3,93.94
2020,7,12,6,45,15,0,3.6,26.400000000000002,93.5
2020,7,12,7,0,43,0,3.6,26.5,92.95
2020,7,12,7,15,43,0,3.6,26.6,92.4
2020,7,12,7,30,5,0,3.6,26.700000000000003,91.86
2020,7,12,7,45,7,0,3.5,26.900000000000002,89.58
2020,7,12,8,0,11,0,3.5,27,89.05
2020,7,12,8,15,45,0,3.5,27.200000000000003,88.02
2020,7,12,8,30,75,0,3.5,27.400000000000002,87
2020,7,12,8,45,127,0,3.5,27.5,84.94
2020,7,12,9,0,226,14,3.5,27.700000000000003,83.96000000000001
2020,7,12,9,15,291,31,3.5,27.900000000000002,82.99
2020,7,12,9,30,364,59,3.5,28.1,82.03
2020,7,12,9,45,405,71,3.5,28.200000000000003,80.53
2020,7,12,10,0,433,74,3.5,28.400000000000002,79.60000000000001
2020,7,12,10,15,519,127,3.6,28.5,79.14
2020,7,12,10,30,601,192,3.6,28.6,78.68
2020,7,12,10,45,683,275,3.7,28.700000000000003,78.03
2020,7,12,11,0,688,250,3.7,28.8,77.58
2020,7,12,11,15,623,153,3.8000000000000003,28.8,77.58
2020,7,12,11,30,729,262,3.8000000000000003,28.8,77.58
2020,7,12,11,45,674,181,3.9000000000000004,28.900000000000002,78.01
2020,7,12,12,0,656,154,3.9000000000000004,28.900000000000002,78.01
2020,7,12,12,15,644,139,4,28.8,78.46000000000001
2020,7,12,12,30,697,190,4,28.8,78.46000000000001
2020,7,12,12,45,714,212,4.1000000000000005,28.700000000000003,80.5
2020,7,12,13,0,741,252,4.1000000000000005,28.700000000000003,80.5
2020,7,12,13,15,741,263,4.2,28.6,80.97
2020,7,12,13,30,771,325,4.2,28.6,80.89
2020,7,12,13,45,725,280,4.3,28.5,82.86
2020,7,12,14,0,724,307,4.3,28.400000000000002,83.34
2020,7,12,14,15,702,307,4.3,28.400000000000002,83.34
2020,7,12,14,30,543,129,4.4,28.3,83.82000000000001
2020,7,12,14,45,451,73,4.4,28.3,84.8
2020,7,12,15,0,634,337,4.4,28.200000000000003,85.3
2020,7,12,15,15,556,252,4.4,28.200000000000003,85.3
2020,7,12,15,30,433,122,4.4,28.1,85.79
2020,7,12,15,45,545,384,4.4,28.1,86.62
2020,7,12,16,0,323,68,4.4,28,87.03
2020,7,12,16,15,420,273,4.4,27.900000000000002,87.54
2020,7,12,16,30,403,336,4.3,27.900000000000002,87.54
2020,7,12,16,45,259,95,4.3,27.8,88.65
2020,7,12,17,0,194,44,4.3,27.8,88.74
2020,7,12,17,15,194,90,4.2,27.700000000000003,89.25
2020,7,12,17,30,176,122,4.2,27.6,89.77
2020,7,12,17,45,137,100,4.1000000000000005,27.5,90.74
2020,7,12,18,0,107,100,4.1000000000000005,27.400000000000002,91.28
2020,7,12,18,15,79,111,4.1000000000000005,27.3,91.81
2020,7,12,18,30,46,66,4.1000000000000005,27.3,91.81
2020,7,12,18,45,20,8,4.1000000000000005,27.200000000000003,92.34
2020,7,12,19,0,0,0,4.1000000000000005,27.1,92.88
2020,7,12,19,15,0,0,4.1000000000000005,27.1,92.88
2020,7,12,19,30,0,0,4.1000000000000005,27.1,92.88
2020,7,12,19,45,0,0,4.1000000000000005,27.1,92.88
2020,7,12,20,0,0,0,4.1000000000000005,27,93.3
2020,7,12,20,15,0,0,4.1000000000000005,27,93.3
2020,7,12,20,30,0,0,4.1000000000000005,27,93.3
2020,7,12,20,45,0,0,4.1000000000000005,27,92.91
2020,7,12,21,0,0,0,4.1000000000000005,27,92.91
2020,7,12,21,15,0,0,4.1000000000000005,27,92.91
2020,7,12,21,30,0,0,4.1000000000000005,27,92.91
2020,7,12,21,45,0,0,4.1000000000000005,27,92.59
2020,7,12,22,0,0,0,4.1000000000000005,27,92.59
2020,7,12,22,15,0,0,4,26.900000000000002,93.13
2020,7,12,22,30,0,0,4,26.900000000000002,93.13
2020,7,12,22,45,0,0,4,26.900000000000002,92.79
2020,7,12,23,0,0,0,3.9000000000000004,26.900000000000002,92.79
2020,7,12,23,15,0,0,3.9000000000000004,26.8,93.25
2020,7,12,23,30,0,0,3.8000000000000003,26.8,93.25
2020,7,12,23,45,0,0,3.8000000000000003,26.8,92.88
2020,7,13,0,0,0,0,3.8000000000000003,26.700000000000003,93.42
2020,7,13,0,15,0,0,3.8000000000000003,26.700000000000003,93.42
2020,7,13,0,30,0,0,3.7,26.700000000000003,93.42
2020,7,13,0,45,0,0,3.7,26.6,93.54
2020,7,13,1,0,0,0,3.7,26.6,93.54
2020,7,13,1,15,0,0,3.7,26.6,93.54
2020,7,13,1,30,0,0,3.7,26.6,93.45
2020,7,13,1,45,0,0,3.7,26.5,93.81
2020,7,13,2,0,0,0,3.7,26.5,93.81
2020,7,13,2,15,0,0,3.7,26.5,93.81
2020,7,13,2,30,0,0,3.7,26.5,93.81
2020,7,13,2,45,0,0,3.7,26.5,94.09
2020,7,13,3,0,0,0,3.7,26.400000000000002,94.65
2020,7,13,3,15,0,0,3.7,26.400000000000002,94.65
2020,7,13,3,30,0,0,3.7,26.400000000000002,94.65
2020,7,13,3,45,0,0,3.8000000000000003,26.400000000000002,94.92
2020,7,13,4,0,0,0,3.8000000000000003,26.400000000000002,94.92
2020,7,13,4,15,0,0,3.8000000000000003,26.400000000000002,94.92
2020,7,13,4,30,0,0,3.8000000000000003,26.400000000000002,94.92
2020,7,13,4,45,0,0,3.9000000000000004,26.400000000000002,95.01
2020,7,13,5,0,0,0,3.9000000000000004,26.400000000000002,95.01
2020,7,13,5,15,0,0,4,26.400000000000002,95.01
2020,7,13,5,30,0,0,4,26.400000000000002,95.01
2020,7,13,5,45,0,0,4.1000000000000005,26.5,94.82000000000001
2020,7,13,6,0,0,0,4.2,26.5,94.82000000000001
2020,7,13,6,15,12,1,4.3,26.6,94.26
2020,7,13,6,30,43,15,4.3,26.700000000000003,93.71000000000001
2020,7,13,6,45,86,55,4.4,26.8,93.51
2020,7,13,7,0,132,107,4.5,26.900000000000002,93.06
2020,7,13,7,15,182,163,4.6000000000000005,27,92.51
2020,7,13,7,30,234,218,4.7,27.1,91.98
2020,7,13,7,45,288,275,4.9,27.3,89.28
2020,7,13,8,0,342,321,5,27.400000000000002,88.76
2020,7,13,8,15,396,362,5.1000000000000005,27.6,87.73
2020,7,13,8,30,449,399,5.2,27.8,86.72
2020,7,13,8,45,500,430,5.300000000000001,28,83.48
2020,7,13,9,0,552,460,5.300000000000001,28.200000000000003,82.51
2020,7,13,9,15,600,486,5.4,28.400000000000002,81.56
2020,7,13,9,30,646,509,5.4,28.6,80.62
2020,7,13,9,45,689,524,5.5,28.8,77.84
2020,7,13,10,0,729,542,5.5,29,76.95
2020,7,13,10,15,356,29,5.6000000000000005,29.1,76.51
2020,7,13,10,30,806,572,5.6000000000000005,29.3,75.63
2020,7,13,10,45,229,11,5.6000000000000005,29.400000000000002,74.09
2020,7,13,11,0,861,577,5.6000000000000005,29.6,73.24
2020,7,13,11,15,884,586,5.6000000000000005,29.6,73.24
2020,7,13,11,30,903,592,5.6000000000000005,29.700000000000003,72.82000000000001
2020,7,13,11,45,915,586,5.6000000000000005,29.8,71.92
2020,7,13,12,0,926,590,5.6000000000000005,29.8,71.85000000000001
2020,7,13,12,15,549,73,5.5,29.900000000000002,71.44
2020,7,13,12,30,935,593,5.5,29.900000000000002,71.44
2020,7,13,12,45,930,577,5.5,29.900000000000002,71.11
2020,7,13,13,0,487,47,5.5,29.900000000000002,71.11
2020,7,13,13,15,912,571,5.4,29.900000000000002,71.11
2020,7,13,13,30,326,17,5.4,29.900000000000002,71.11
2020,7,13,13,45,876,551,5.4,29.8,71.02
2020,7,13,14,0,854,543,5.300000000000001,29.8,71.02
2020,7,13,14,15,407,36,5.300000000000001,29.700000000000003,71.43
2020,7,13,14,30,796,520,5.2,29.700000000000003,71.43
2020,7,13,14,45,762,508,5.2,29.6,71.4
2020,7,13,15,0,725,492,5.1000000000000005,29.6,71.4
2020,7,13,15,15,684,474,5.1000000000000005,29.5,71.82000000000001
2020,7,13,15,30,640,453,5,29.400000000000002,72.23
2020,7,13,15,45,315,44,5,29.3,72.67
2020,7,13,16,0,546,403,4.9,29.3,72.67
2020,7,13,16,15,496,373,4.9,29.1,73.51
2020,7,13,16,30,440,340,4.800000000000001,29,73.94
2020,7,13,16,45,386,299,4.800000000000001,28.8,75.35000000000001
2020,7,13,17,0,95,0,4.7,28.700000000000003,75.79
2020,7,13,17,15,279,215,4.6000000000000005,28.5,76.67
2020,7,13,17,30,226,168,4.5,28.3,77.56
2020,7,13,17,45,174,117,4.4,28.1,79.77
2020,7,13,18,0,124,71,4.3,28,80.23
2020,7,13,18,15,77,31,4.1000000000000005,27.8,81.17
2020,7,13,18,30,36,7,4,27.700000000000003,81.64
2020,7,13,18,45,7,0,3.9000000000000004,27.5,84.29
2020,7,13,19,0,0,0,3.8000000000000003,27.400000000000002,84.86
2020,7,13,19,15,0,0,3.8000000000000003,27.400000000000002,84.86
2020,7,13,19,30,0,0,3.8000000000000003,27.400000000000002,84.86
2020,7,13,19,45,0,0,3.8000000000000003,27.400000000000002,84.86
2020,7,13,20,0,0,0,3.7,27.1,87.27
2020,7,13,20,15,0,0,3.6,27.1,87.27
2020,7,13,20,30,0,0,3.6,27,87.78
2020,7,13,20,45,0,0,3.6,27,88.56
2020,7,13,21,0,0,0,3.6,26.900000000000002,89.08
2020,7,13,21,15,0,0,3.5,26.900000000000002,89.08
2020,7,13,21,30,0,0,3.5,26.900000000000002,89.08
2020,7,13,21,45,0,0,3.5,26.8,90.10000000000001
2020,7,13,22,0,0,0,3.5,26.8,90.10000000000001
2020,7,13,22,15,0,0,3.5,26.700000000000003,90.63
2020,7,13,22,30,0,0,3.5,26.700000000000003,90.63
2020,7,13,22,45,0,0,3.4000000000000004,26.6,91.55
2020,7,13,23,0,0,0,3.4000000000000004,26.6,91.55
2020,7,13,23,15,0,0,3.4000000000000004,26.6,91.55
2020,7,13,23,30,0,0,3.4000000000000004,26.5,92.09
2020,7,13,23,45,0,0,3.4000000000000004,26.5,92.45
2020,7,14,0,0,0,0,3.4000000000000004,26.5,92.45
2020,7,14,0,15,0,0,3.4000000000000004,26.5,92.45
2020,7,14,0,30,0,0,3.5,26.400000000000002,93
2020,7,14,0,45,0,0,3.5,26.400000000000002,93.27
2020,7,14,1,0,0,0,3.5,26.400000000000002,93.27
2020,7,14,1,15,0,0,3.6,26.3,93.82000000000001
2020,7,14,1,30,0,0,3.6,26.3,93.82000000000001
2020,7,14,1,45,0,0,3.6,26.3,93.43
2020,7,14,2,0,0,0,3.7,26.200000000000003,93.98
2020,7,14,2,15,0,0,3.7,26.200000000000003,93.98
2020,7,14,2,30,0,0,3.7,26.200000000000003,93.89
2020,7,14,2,45,0,0,3.8000000000000003,26.200000000000003,93.61
2020,7,14,3,0,0,0,3.8000000000000003,26.1,94.16
2020,7,14,3,15,0,0,3.9000000000000004,26.1,94.16
2020,7,14,3,30,0,0,3.9000000000000004,26.1,94.16
2020,7,14,3,45,0,0,4,26.1,93.91
2020,7,14,4,0,0,0,4.1000000000000005,26.1,93.91
2020,7,14,4,15,0,0,4.1000000000000005,26.1,94
2020,7,14,4,30,0,0,4.2,26.1,94
2020,7,14,4,45,0,0,4.2,26.1,93.76
2020,7,14,5,0,0,0,4.3,26.1,93.76
2020,7,14,5,15,0,0,4.3,26.1,93.76
2020,7,14,5,30,0,0,4.4,26.200000000000003,93.21000000000001
2020,7,14,5,45,0,0,4.5,26.3,92.49
2020,7,14,6,0,0,0,4.6000000000000005,26.3,92.49
2020,7,14,6,15,13,1,4.7,26.5,91.41
2020,7,14,6,30,46,22,4.800000000000001,26.6,90.88
2020,7,14,6,45,90,75,4.9,26.700000000000003,88.44
2020,7,14,7,0,137,136,5,26.8,87.92
2020,7,14,7,15,187,199,5.1000000000000005,27.1,86.39
2020,7,14,7,30,240,257,5.2,27.3,85.39
2020,7,14,7,45,294,306,5.300000000000001,27.5,80.61
2020,7,14,8,0,348,354,5.4,27.700000000000003,79.68
2020,7,14,8,15,402,396,5.4,27.900000000000002,78.76
2020,7,14,8,30,459,433,5.4,28.1,77.85000000000001
2020,7,14,8,45,511,460,5.4,28.400000000000002,74.41
2020,7,14,9,0,561,489,5.4,28.6,73.55
2020,7,14,9,15,610,515,5.4,28.8,72.71000000000001
2020,7,14,9,30,657,538,5.4,28.900000000000002,72.29
2020,7,14,9,45,264,15,5.300000000000001,29.1,70.32000000000001
2020,7,14,10,0,742,574,5.300000000000001,29.3,69.52
2020,7,14,10,15,779,588,5.300000000000001,29.400000000000002,69.12
2020,7,14,10,30,813,601,5.300000000000001,29.5,68.72
2020,7,14,10,45,854,655,5.2,29.6,68.09
2020,7,14,11,0,881,664,5.2,29.700000000000003,67.7
2020,7,14,11,15,905,672,5.2,29.8,67.32000000000001
2020,7,14,11,30,924,678,5.1000000000000005,29.8,67.32000000000001
2020,7,14,11,45,941,687,5.1000000000000005,29.900000000000002,66.77
2020,7,14,12,0,952,691,5.1000000000000005,30,66.39
2020,7,14,12,15,959,693,5,30,66.39
2020,7,14,12,30,961,693,5,30,66.32000000000001
2020,7,14,12,45,960,699,4.9,30,66.21000000000001
2020,7,14,13,0,954,697,4.9,30.1,65.83
2020,7,14,13,15,943,694,4.800000000000001,30.1,65.83
2020,7,14,13,30,927,689,4.7,30,66.21000000000001
2020,7,14,13,45,907,686,4.7,30,66.16
2020,7,14,14,0,885,679,4.6000000000000005,30,66.16
2020,7,14,14,15,857,670,4.6000000000000005,29.900000000000002,66.54
2020,7,14,14,30,826,659,4.5,29.900000000000002,66.54
2020,7,14,14,45,794,661,4.5,29.8,66.98
2020,7,14,15,0,756,647,4.5,29.8,66.98
2020,7,14,15,15,714,630,4.4,29.700000000000003,67.37
2020,7,14,15,30,669,610,4.4,29.6,67.75
2020,7,14,15,45,625,607,4.3,29.5,68.42
2020,7,14,16,0,575,583,4.3,29.400000000000002,68.81
2020,7,14,16,15,524,556,4.3,29.3,69.21000000000001
2020,7,14,16,30,470,524,4.2,29.200000000000003,69.68
2020,7,14,16,45,419,512,4.2,29,70.98
2020,7,14,17,0,363,471,4.1000000000000005,28.900000000000002,71.39
2020,7,14,17,15,308,424,4,28.700000000000003,72.22
2020,7,14,17,30,253,369,4,28.5,73.06
2020,7,14,17,45,202,337,3.9000000000000004,28.3,75.42
2020,7,14,18,0,149,261,3.8000000000000003,28.1,76.3
2020,7,14,18,15,100,176,3.7,27.900000000000002,77.19
2020,7,14,18,30,57,86,3.7,27.700000000000003,78.09
2020,7,14,18,45,24,25,3.6,27.6,81.04
2020,7,14,19,0,0,0,3.5,27.400000000000002,81.99
2020,7,14,19,15,0,0,3.5,27.400000000000002,81.99
2020,7,14,19,30,0,0,3.5,27.400000000000002,81.99
2020,7,14,19,45,0,0,3.5,27.400000000000002,81.99
2020,7,14,20,0,0,0,3.6,27,85.23
2020,7,14,20,15,0,0,3.6,26.900000000000002,85.73
2020,7,14,20,30,0,0,3.6,26.900000000000002,85.73
2020,7,14,20,45,0,0,3.6,26.8,87.02
2020,7,14,21,0,0,0,3.6,26.700000000000003,87.53
2020,7,14,21,15,0,0,3.7,26.700000000000003,87.53
2020,7,14,21,30,0,0,3.7,26.6,88.05
2020,7,14,21,45,0,0,3.7,26.5,88.96000000000001
2020,7,14,22,0,0,0,3.7,26.5,88.96000000000001
2020,7,14,22,15,0,0,3.7,26.400000000000002,89.48
2020,7,14,22,30,0,0,3.7,26.400000000000002,89.48
2020,7,14,22,45,0,0,3.7,26.3,90.03
2020,7,14,23,0,0,0,3.7,26.200000000000003,90.56
2020,7,14,23,15,0,0,3.6,26.200000000000003,90.47
2020,7,14,23,30,0,0,3.6,26.200000000000003,90.47
2020,7,14,23,45,0,0,3.6,26.1,90.69
2020,7,15,0,0,0,0,3.6,26.1,90.69
2020,7,15,0,15,0,0,3.6,26,91.22
2020,7,15,0,30,0,0,3.7,26,91.22
2020,7,15,0,45,0,0,3.7,26,90.4
2020,7,15,1,0,0,0,3.7,25.900000000000002,90.94
2020,7,15,1,15,0,0,3.7,25.900000000000002,90.85000000000001
2020,7,15,1,30,0,0,3.7,25.900000000000002,90.85000000000001
2020,7,15,1,45,0,0,3.7,25.900000000000002,89.79
2020,7,15,2,0,0,0,3.7,25.900000000000002,89.79
2020,7,15,2,15,0,0,3.7,25.900000000000002,89.79
2020,7,15,2,30,0,0,3.7,25.8,90.32000000000001
2020,7,15,2,45,0,0,3.7,25.8,89.45
2020,7,15,3,0,0,0,3.7,25.8,89.45
2020,7,15,3,15,0,0,3.8000000000000003,25.8,89.45
2020,7,15,3,30,0,0,3.8000000000000003,25.8,89.45
2020,7,15,3,45,0,0,3.8000000000000003,25.8,88.62
2020,7,15,4,0,0,0,3.8000000000000003,25.8,88.62
2020,7,15,4,15,0,0,3.8000000000000003,25.8,88.62
2020,7,15,4,30,0,0,3.8000000000000003,25.8,88.62
2020,7,15,4,45,0,0,3.8000000000000003,25.8,87.93
2020,7,15,5,0,0,0,3.8000000000000003,25.700000000000003,88.45
2020,7,15,5,15,0,0,3.8000000000000003,25.900000000000002,87.42
2020,7,15,5,30,0,0,3.8000000000000003,26,86.9
2020,7,15,5,45,0,0,3.9000000000000004,26.1,86.47
2020,7,15,6,0,0,0,3.9000000000000004,26.200000000000003,85.96000000000001
2020,7,15,6,15,31,142,4,26.400000000000002,84.96000000000001
2020,7,15,6,30,70,288,4.1000000000000005,26.6,83.96000000000001
2020,7,15,6,45,118,400,4.2,26.8,81.86
2020,7,15,7,0,170,487,4.3,27,80.91
2020,7,15,7,15,226,557,4.4,27.1,80.44
2020,7,15,7,30,283,613,4.4,27.3,79.5
2020,7,15,7,45,340,655,4.4,27.5,77.13
2020,7,15,8,0,397,691,4.5,27.700000000000003,76.24
2020,7,15,8,15,454,723,4.5,27.900000000000002,75.36
2020,7,15,8,30,510,750,4.5,28.1,74.49
2020,7,15,8,45,562,763,4.5,28.200000000000003,73.63
2020,7,15,9,0,615,783,4.5,28.400000000000002,72.78
2020,7,15,9,15,665,801,4.5,28.5,72.36
2020,7,15,9,30,712,814,4.5,28.700000000000003,71.53
2020,7,15,9,45,756,822,4.5,28.8,70.85000000000001
2020,7,15,10,0,798,833,4.5,29,70.04
2020,7,15,10,15,835,842,4.4,29.1,69.64
2020,7,15,10,30,871,851,4.4,29.200000000000003,69.24
2020,7,15,10,45,897,842,4.4,29.3,68.79
2020,7,15,11,0,925,849,4.4,29.400000000000002,68.39
2020,7,15,11,15,948,854,4.4,29.5,68
2020,7,15,11,30,967,857,4.4,29.5,67.93
2020,7,15,11,45,982,860,4.4,29.6,67.75
2020,7,15,12,0,992,861,4.3,29.6,67.75
2020,7,15,12,15,998,863,4.3,29.6,67.75
2020,7,15,12,30,999,862,4.3,29.700000000000003,67.36
2020,7,15,12,45,997,861,4.3,29.700000000000003,67.66
2020,7,15,13,0,990,860,4.3,29.700000000000003,67.66
2020,7,15,13,15,978,856,4.3,29.700000000000003,67.66
2020,7,15,13,30,963,853,4.3,29.700000000000003,67.66
2020,7,15,13,45,943,850,4.3,29.700000000000003,67.81
2020,7,15,14,0,627,173,4.3,29.6,68.2
2020,7,15,14,15,611,177,4.3,29.6,68.2
2020,7,15,14,30,860,829,4.3,29.5,68.59
2020,7,15,14,45,824,819,4.3,29.400000000000002,69.27
2020,7,15,15,0,785,807,4.3,29.400000000000002,69.27
2020,7,15,15,15,743,795,4.3,29.3,69.67
2020,7,15,15,30,698,781,4.3,29.200000000000003,70.07000000000001
2020,7,15,15,45,402,120,4.3,29.1,70.79
2020,7,15,16,0,187,5,4.3,29,71.2
2020,7,15,16,15,549,725,4.3,28.8,72.03
2020,7,15,16,30,495,700,4.3,28.700000000000003,72.45
2020,7,15,16,45,440,673,4.3,28.5,73.77
2020,7,15,17,0,384,640,4.3,28.400000000000002,74.2
2020,7,15,17,15,291,415,4.2,28.200000000000003,75.06
2020,7,15,17,30,271,550,4.2,28,75.94
2020,7,15,17,45,216,500,4.1000000000000005,27.8,77.62
2020,7,15,18,0,162,429,4.1000000000000005,27.6,78.53
2020,7,15,18,15,111,338,4,27.5,78.99
2020,7,15,18,30,37,6,4,27.3,79.91
2020,7,15,18,45,19,0,3.9000000000000004,27.200000000000003,81.66
2020,7,15,19,0,0,0,3.8000000000000003,27,82.62
2020,7,15,19,15,0,0,3.8000000000000003,27,82.62
2020,7,15,19,30,0,0,3.8000000000000003,27,82.62
2020,7,15,19,45,0,0,3.8000000000000003,27,82.62
2020,7,15,20,0,0,0,3.8000000000000003,26.700000000000003,84.82000000000001
2020,7,15,20,15,0,0,3.9000000000000004,26.6,85.32000000000001
2020,7,15,20,30,0,0,3.9000000000000004,26.5,85.82000000000001
2020,7,15,20,45,0,0,3.9000000000000004,26.5,86.23
2020,7,15,21,0,0,0,3.9000000000000004,26.400000000000002,86.73
2020,7,15,21,15,0,0,3.9000000000000004,26.400000000000002,86.73
2020,7,15,21,30,0,0,3.9000000000000004,26.3,87.33
2020,7,15,21,45,0,0,4,26.200000000000003,87.88
2020,7,15,22,0,0,0,4,26.200000000000003,87.88
2020,7,15,22,15,0,0,4,26.1,88.4
2020,7,15,22,30,0,0,4,26.1,88.4
2020,7,15,22,45,0,0,3.9000000000000004,26,88.7
2020,7,15,23,0,0,0,3.9000000000000004,26,88.7
2020,7,15,23,15,0,0,3.9000000000000004,25.900000000000002,89.13
2020,7,15,23,30,0,0,3.9000000000000004,25.900000000000002,89.13
2020,7,15,23,45,0,0,3.9000000000000004,25.8,89.34
2020,7,16,0,0,0,0,3.9000000000000004,25.8,89.34
2020,7,16,0,15,0,0,3.8000000000000003,25.700000000000003,89.87
2020,7,16,0,30,0,0,3.8000000000000003,25.700000000000003,89.87
2020,7,16,0,45,0,0,3.8000000000000003,25.6,89.9
2020,7,16,1,0,0,0,3.8000000000000003,25.6,89.9
2020,7,16,1,15,0,0,3.7,25.6,89.9
2020,7,16,1,30,0,0,3.7,25.5,90.43
2020,7,16,1,45,0,0,3.7,25.5,90.16
2020,7,16,2,0,0,0,3.6,25.5,90.16
2020,7,16,2,15,0,0,3.6,25.5,90.16
2020,7,16,2,30,0,0,3.6,25.5,90.16
2020,7,16,2,45,0,0,3.6,25.400000000000002,90.63
2020,7,16,3,0,0,0,3.5,25.400000000000002,90.63
2020,7,16,3,15,0,0,3.5,25.400000000000002,90.63
2020,7,16,3,30,0,0,3.5,25.400000000000002,90.63
2020,7,16,3,45,0,0,3.5,25.400000000000002,90.59
2020,7,16,4,0,0,0,3.5,25.400000000000002,90.59
2020,7,16,4,15,0,0,3.5,25.400000000000002,90.59
2020,7,16,4,30,0,0,3.5,25.400000000000002,90.59
2020,7,16,4,45,0,0,3.5,25.400000000000002,90.9
2020,7,16,5,0,0,0,3.5,25.400000000000002,90.9
2020,7,16,5,15,0,0,3.5,25.5,90.36
2020,7,16,5,30,0,0,3.6,25.6,89.83
2020,7,16,5,45,0,0,3.6,25.700000000000003,90.36
2020,7,16,6,0,0,0,3.6,25.8,89.83
2020,7,16,6,15,29,115,3.7,26,88.87
2020,7,16,6,30,66,253,3.8000000000000003,26.1,88.34
2020,7,16,6,45,113,368,3.9000000000000004,26.3,87.26
2020,7,16,7,0,119,159,4,26.400000000000002,86.74
2020,7,16,7,15,148,140,4.1000000000000005,26.6,85.73
2020,7,16,7,30,275,586,4.1000000000000005,26.8,84.73
2020,7,16,7,45,331,624,4.2,27,81.87
2020,7,16,8,0,388,663,4.3,27.200000000000003,80.92
2020,7,16,8,15,445,697,4.3,27.400000000000002,79.98
2020,7,16,8,30,501,725,4.4,27.6,79.06
2020,7,16,8,45,553,738,4.4,27.8,76.45
2020,7,16,9,0,606,759,4.5,27.900000000000002,76.01
2020,7,16,9,15,256,19,4.5,28.1,75.13
2020,7,16,9,30,704,794,4.5,28.200000000000003,74.7
2020,7,16,9,45,341,36,4.5,28.400000000000002,72.47
2020,7,16,10,0,791,815,4.5,28.5,72.05
2020,7,16,10,15,831,827,4.5,28.6,71.64
2020,7,16,10,30,867,837,4.5,28.700000000000003,71.22
2020,7,16,10,45,900,847,4.5,28.8,69.92
2020,7,16,11,0,928,854,4.4,28.900000000000002,69.52
2020,7,16,11,15,953,860,4.4,29,69.12
2020,7,16,11,30,974,866,4.3,29,69.12
2020,7,16,11,45,989,869,4.3,29.1,68.01
2020,7,16,12,0,1002,873,4.2,29.200000000000003,67.62
2020,7,16,12,15,1009,874,4.1000000000000005,29.200000000000003,67.62
2020,7,16,12,30,1013,876,4.1000000000000005,29.3,67.24
2020,7,16,12,45,1011,877,4,29.3,66.72
2020,7,16,13,0,1006,878,3.9000000000000004,29.400000000000002,66.27
2020,7,16,13,15,995,875,3.9000000000000004,29.400000000000002,66.27
2020,7,16,13,30,979,872,3.8000000000000003,29.400000000000002,66.27
2020,7,16,13,45,962,877,3.8000000000000003,29.400000000000002,65.89
2020,7,16,14,0,938,872,3.7,29.400000000000002,65.89
2020,7,16,14,15,910,865,3.7,29.400000000000002,65.89
2020,7,16,14,30,878,858,3.6,29.400000000000002,65.89
2020,7,16,14,45,843,851,3.6,29.400000000000002,65.89
2020,7,16,15,0,804,841,3.6,29.400000000000002,65.89
2020,7,16,15,15,760,827,3.5,29.3,66.27
2020,7,16,15,30,715,814,3.5,29.3,66.27
2020,7,16,15,45,667,799,3.5,29.200000000000003,67.17
2020,7,16,16,0,615,780,3.5,29.1,67.56
2020,7,16,16,15,562,759,3.5,29,67.95
2020,7,16,16,30,506,734,3.5,28.900000000000002,68.34
2020,7,16,16,45,450,704,3.6,28.8,69.61
2020,7,16,17,0,393,671,3.6,28.6,70.41
2020,7,16,17,15,334,630,3.5,28.400000000000002,71.23
2020,7,16,17,30,277,583,3.5,28.200000000000003,72.06
2020,7,16,17,45,219,521,3.4000000000000004,28,75.39
2020,7,16,18,0,165,448,3.4000000000000004,27.8,76.27
2020,7,16,18,15,112,356,3.4000000000000004,27.6,77.17
2020,7,16,18,30,43,48,3.4000000000000004,27.400000000000002,78.07000000000001
2020,7,16,18,45,19,0,3.4000000000000004,27.200000000000003,81.88
2020,7,16,19,0,0,0,3.5,27,82.84
2020,7,16,19,15,0,0,3.5,27,82.84
2020,7,16,19,30,0,0,3.5,27,82.84
2020,7,16,19,45,0,0,3.5,27,82.84
2020,7,16,20,0,0,0,3.7,26.8,85.3
2020,7,16,20,15,0,0,3.7,26.8,85.3
2020,7,16,20,30,0,0,3.7,26.700000000000003,85.8
2020,7,16,20,45,0,0,3.7,26.700000000000003,86.84
2020,7,16,21,0,0,0,3.7,26.6,87.35000000000001
2020,7,16,21,15,0,0,3.7,26.6,87.44
2020,7,16,21,30,0,0,3.7,26.5,87.96000000000001
2020,7,16,21,45,0,0,3.8000000000000003,26.5,88.71000000000001
2020,7,16,22,0,0,0,3.8000000000000003,26.400000000000002,89.23
2020,7,16,22,15,0,0,3.7,26.400000000000002,89.23
2020,7,16,22,30,0,0,3.7,26.400000000000002,89.23
2020,7,16,22,45,0,0,3.7,26.3,89.87
2020,7,16,23,0,0,0,3.7,26.3,89.87
2020,7,16,23,15,0,0,3.7,26.3,89.87
2020,7,16,23,30,0,0,3.7,26.3,89.87
2020,7,16,23,45,0,0,3.7,26.200000000000003,90.15
2020,7,17,0,0,0,0,3.7,26.200000000000003,90.15
2020,7,17,0,15,0,0,3.8000000000000003,26.200000000000003,90.15
2020,7,17,0,30,0,0,3.8000000000000003,26.200000000000003,90.15
2020,7,17,0,45,0,0,3.8000000000000003,26.200000000000003,89.63
2020,7,17,1,0,0,0,3.8000000000000003,26.200000000000003,89.63
2020,7,17,1,15,0,0,3.9000000000000004,26.1,90.16
2020,7,17,1,30,0,0,3.9000000000000004,26.1,90.16
2020,7,17,1,45,0,0,3.9000000000000004,26.1,89.57000000000001
2020,7,17,2,0,0,0,3.9000000000000004,26.1,89.57000000000001
2020,7,17,2,15,0,0,3.9000000000000004,26.1,89.57000000000001
2020,7,17,2,30,0,0,4,26.1,89.57000000000001
2020,7,17,2,45,0,0,4,26,89.65
2020,7,17,3,0,0,0,4,26,89.65
2020,7,17,3,15,0,0,4,26,89.65
2020,7,17,3,30,0,0,4,26,89.65
2020,7,17,3,45,0,0,4,26,88.82000000000001
2020,7,17,4,0,0,0,4.1000000000000005,26,88.82000000000001
2020,7,17,4,15,0,0,4.1000000000000005,26,88.82000000000001
2020,7,17,4,30,0,0,4.1000000000000005,26,88.82000000000001
2020,7,17,4,45,0,0,4.1000000000000005,26,88.08
2020,7,17,5,0,0,0,4.1000000000000005,25.900000000000002,88.69
2020,7,17,5,15,0,0,4.1000000000000005,26,88.17
2020,7,17,5,30,0,0,4.2,26.1,87.65
2020,7,17,5,45,0,0,4.2,26.200000000000003,87.13
2020,7,17,6,0,0,0,4.2,26.200000000000003,87.13
2020,7,17,6,15,27,80,4.3,26.400000000000002,86.11
2020,7,17,6,30,64,208,4.4,26.5,85.60000000000001
2020,7,17,6,45,110,332,4.4,26.700000000000003,83.64
2020,7,17,7,0,162,425,4.5,26.900000000000002,82.66
2020,7,17,7,15,216,498,4.5,27,82.18
2020,7,17,7,30,273,558,4.6000000000000005,27.200000000000003,81.23
2020,7,17,7,45,330,608,4.6000000000000005,27.400000000000002,78.08
2020,7,17,8,0,388,650,4.7,27.6,77.18
2020,7,17,8,15,445,684,4.7,27.8,76.28
2020,7,17,8,30,501,713,4.6000000000000005,27.900000000000002,75.92
2020,7,17,8,45,555,741,4.6000000000000005,28.1,73.74
2020,7,17,9,0,608,762,4.6000000000000005,28.3,72.89
2020,7,17,9,15,407,126,4.6000000000000005,28.5,72.05
2020,7,17,9,30,386,76,4.6000000000000005,28.6,71.64
2020,7,17,9,45,753,815,4.5,28.700000000000003,70.47
2020,7,17,10,0,796,827,4.5,28.900000000000002,69.66
2020,7,17,10,15,834,837,4.5,29,69.26
2020,7,17,10,30,870,846,4.5,29.1,68.86
2020,7,17,10,45,903,860,4.5,29.200000000000003,68.47
2020,7,17,11,0,931,867,4.4,29.3,68.08
2020,7,17,11,15,955,872,4.4,29.400000000000002,67.69
2020,7,17,11,30,974,876,4.4,29.5,67.3
2020,7,17,11,45,989,876,4.4,29.5,67.79
2020,7,17,12,0,1000,879,4.4,29.6,67.4
2020,7,17,12,15,1005,879,4.4,29.6,67.4
2020,7,17,12,30,1008,879,4.3,29.6,67.4
2020,7,17,12,45,1005,878,4.3,29.700000000000003,67.29
2020,7,17,13,0,999,877,4.3,29.700000000000003,67.29
2020,7,17,13,15,988,875,4.3,29.700000000000003,67.29
2020,7,17,13,30,972,871,4.3,29.700000000000003,67.29
2020,7,17,13,45,954,874,4.2,29.6,67.96000000000001
2020,7,17,14,0,929,867,4.2,29.6,67.89
2020,7,17,14,15,902,861,4.2,29.6,67.89
2020,7,17,14,30,870,854,4.2,29.5,68.28
2020,7,17,14,45,835,848,4.2,29.400000000000002,69.01
2020,7,17,15,0,797,838,4.1000000000000005,29.3,69.4
2020,7,17,15,15,754,827,4.1000000000000005,29.200000000000003,69.8
2020,7,17,15,30,709,813,4.1000000000000005,29.1,70.21000000000001
2020,7,17,15,45,662,801,4.1000000000000005,29,71.23
2020,7,17,16,0,612,784,4.1000000000000005,28.900000000000002,71.64
2020,7,17,16,15,559,764,4,28.8,72.05
2020,7,17,16,30,505,740,4,28.700000000000003,72.47
2020,7,17,16,45,450,717,4,28.5,73.49
2020,7,17,17,0,393,685,4,28.400000000000002,73.92
2020,7,17,17,15,336,648,3.9000000000000004,28.200000000000003,74.78
2020,7,17,17,30,128,20,3.8000000000000003,28,75.65
2020,7,17,17,45,184,320,3.7,27.900000000000002,76.61
2020,7,17,18,0,122,182,3.7,27.700000000000003,77.51
2020,7,17,18,15,115,398,3.6,27.5,78.41
2020,7,17,18,30,31,0,3.6,27.3,79.33
2020,7,17,18,45,29,142,3.5,27.1,81.4
2020,7,17,19,0,0,0,3.5,26.900000000000002,82.36
2020,7,17,19,15,0,0,3.5,26.900000000000002,82.36
2020,7,17,19,30,0,0,3.5,26.900000000000002,82.36
2020,7,17,19,45,0,0,3.5,26.900000000000002,82.36
2020,7,17,20,0,0,0,3.5,26.6,84.37
2020,7,17,20,15,0,0,3.5,26.5,84.86
2020,7,17,20,30,0,0,3.5,26.400000000000002,85.36
2020,7,17,20,45,0,0,3.5,26.400000000000002,85.38
2020,7,17,21,0,0,0,3.5,26.3,85.89
2020,7,17,21,15,0,0,3.5,26.200000000000003,86.39
2020,7,17,21,30,0,0,3.5,26.200000000000003,86.39
2020,7,17,21,45,0,0,3.5,26.1,86.60000000000001
2020,7,17,22,0,0,0,3.5,26,87.2
2020,7,17,22,15,0,0,3.4000000000000004,26,87.12
2020,7,17,22,30,0,0,3.4000000000000004,25.900000000000002,87.63
2020,7,17,22,45,0,0,3.4000000000000004,25.900000000000002,87.12
2020,7,17,23,0,0,0,3.3000000000000003,25.8,87.64
2020,7,17,23,15,0,0,3.3000000000000003,25.700000000000003,88.15
2020,7,17,23,30,0,0,3.3000000000000003,25.700000000000003,88.15
2020,7,17,23,45,0,0,3.2,25.700000000000003,87.71000000000001
2020,7,18,0,0,0,0,3.2,25.6,88.23
2020,7,18,0,15,0,0,3.1,25.6,88.23
2020,7,18,0,30,0,0,3.1,25.5,88.75
2020,7,18,0,45,0,0,3.1,25.5,88.25
2020,7,18,1,0,0,0,3,25.5,88.25
2020,7,18,1,15,0,0,3,25.400000000000002,88.77
2020,7,18,1,30,0,0,3,25.400000000000002,88.77
2020,7,18,1,45,0,0,2.9000000000000004,25.400000000000002,88.65
2020,7,18,2,0,0,0,2.9000000000000004,25.400000000000002,88.65
2020,7,18,2,15,0,0,2.9000000000000004,25.400000000000002,88.65
2020,7,18,2,30,0,0,2.9000000000000004,25.400000000000002,88.65
2020,7,18,2,45,0,0,2.8000000000000003,25.400000000000002,88.38
2020,7,18,3,0,0,0,2.8000000000000003,25.400000000000002,88.38
2020,7,18,3,15,0,0,2.8000000000000003,25.3,88.9
2020,7,18,3,30,0,0,2.8000000000000003,25.3,88.9
2020,7,18,3,45,0,0,2.8000000000000003,25.3,88.59
2020,7,18,4,0,0,0,2.8000000000000003,25.3,88.59
2020,7,18,4,15,0,0,2.8000000000000003,25.3,88.59
2020,7,18,4,30,0,0,2.7,25.3,88.59
2020,7,18,4,45,0,0,2.7,25.3,88.27
2020,7,18,5,0,0,0,2.7,25.3,88.27
2020,7,18,5,15,0,0,2.7,25.400000000000002,87.75
2020,7,18,5,30,0,0,2.7,25.5,87.23
2020,7,18,5,45,0,0,2.7,25.6,87.53
2020,7,18,6,0,0,0,2.7,25.700000000000003,87.01
2020,7,18,6,15,30,168,2.8000000000000003,25.900000000000002,85.99
2020,7,18,6,30,70,321,2.8000000000000003,26.1,84.98
2020,7,18,6,45,118,438,2.9000000000000004,26.3,83.31
2020,7,18,7,0,172,526,2.9000000000000004,26.5,82.42
2020,7,18,7,15,228,593,3,26.700000000000003,81.45
2020,7,18,7,30,286,647,3,26.8,80.98
2020,7,18,7,45,344,691,3,27,77.96000000000001
2020,7,18,8,0,402,727,3,27.200000000000003,77.06
2020,7,18,8,15,460,757,3,27.400000000000002,76.16
2020,7,18,8,30,516,782,3,27.6,75.28
2020,7,18,8,45,573,807,3,27.8,73.17
2020,7,18,9,0,626,826,3,28,72.33
2020,7,18,9,15,677,842,3,28.3,71.08
2020,7,18,9,30,725,856,3,28.5,70.26
2020,7,18,9,45,771,868,3,28.700000000000003,68.47
2020,7,18,10,0,441,81,3,28.900000000000002,67.68
2020,7,18,10,15,853,888,3.1,29,67.3
2020,7,18,10,30,239,11,3.1,29.200000000000003,66.46000000000001
2020,7,18,10,45,354,23,3.1,29.3,65.81
2020,7,18,11,0,621,167,3.2,29.5,65.06
2020,7,18,11,15,972,913,3.2,29.5,65.06
2020,7,18,11,30,668,185,3.2,29.6,64.68
2020,7,18,11,45,351,19,3.2,29.6,64.9
2020,7,18,12,0,1018,918,3.3000000000000003,29.700000000000003,64.53
2020,7,18,12,15,1023,918,3.3000000000000003,29.700000000000003,64.53
2020,7,18,12,30,564,80,3.3000000000000003,29.700000000000003,64.53
2020,7,18,12,45,439,32,3.4000000000000004,29.700000000000003,64.65
2020,7,18,13,0,671,168,3.4000000000000004,29.700000000000003,64.59
2020,7,18,13,15,519,62,3.4000000000000004,29.700000000000003,64.59
2020,7,18,13,30,270,14,3.4000000000000004,29.6,64.96000000000001
2020,7,18,13,45,224,11,3.4000000000000004,29.6,65.27
2020,7,18,14,0,267,13,3.5,29.5,65.64
2020,7,18,14,15,293,15,3.5,29.400000000000002,66.02
2020,7,18,14,30,278,14,3.5,29.3,66.4
2020,7,18,14,45,206,8,3.5,29.200000000000003,67.28
2020,7,18,15,0,172,5,3.4000000000000004,29.1,67.67
2020,7,18,15,15,250,13,3.4000000000000004,29,68.06
2020,7,18,15,30,70,0,3.4000000000000004,28.8,68.85000000000001
2020,7,18,15,45,181,4,3.4000000000000004,28.700000000000003,69.87
2020,7,18,16,0,217,12,3.4000000000000004,28.6,70.27
2020,7,18,16,15,109,0,3.3000000000000003,28.400000000000002,71.09
2020,7,18,16,30,196,14,3.3000000000000003,28.200000000000003,71.92
2020,7,18,16,45,179,14,3.3000000000000003,28.1,72.53
2020,7,18,17,0,94,0,3.2,27.900000000000002,73.38
2020,7,18,17,15,100,0,3.1,27.700000000000003,74.24
2020,7,18,17,30,86,0,3.1,27.5,75.11
2020,7,18,17,45,79,0,3,27.3,77.02
2020,7,18,18,0,76,3,2.9000000000000004,27.1,77.93
2020,7,18,18,15,66,45,2.8000000000000003,26.900000000000002,78.84
2020,7,18,18,30,69,323,2.8000000000000003,26.700000000000003,79.77
2020,7,18,18,45,16,0,2.7,26.5,82.59
2020,7,18,19,0,0,0,2.6,26.3,83.57000000000001
2020,7,18,19,15,0,0,2.6,26.3,83.57000000000001
2020,7,18,19,30,0,0,2.6,26.3,83.57000000000001
2020,7,18,19,45,0,0,2.6,26.3,83.57000000000001
2020,7,18,20,0,0,0,2.7,26.1,84.96000000000001
2020,7,18,20,15,0,0,2.7,26.1,85.04
2020,7,18,20,30,0,0,2.7,26.1,85.04
2020,7,18,20,45,0,0,2.7,26,85.53
2020,7,18,21,0,0,0,2.7,26,85.53
2020,7,18,21,15,0,0,2.8000000000000003,26,85.53
2020,7,18,21,30,0,0,2.8000000000000003,25.900000000000002,86.04
2020,7,18,21,45,0,0,2.8000000000000003,25.900000000000002,86
2020,7,18,22,0,0,0,2.8000000000000003,25.900000000000002,86
2020,7,18,22,15,0,0,2.9000000000000004,25.900000000000002,86
2020,7,18,22,30,0,0,2.9000000000000004,25.8,86.51
2020,7,18,22,45,0,0,2.9000000000000004,25.8,86.22
2020,7,18,23,0,0,0,2.9000000000000004,25.8,86.22
2020,7,18,23,15,0,0,2.9000000000000004,25.8,86.22
2020,7,18,23,30,0,0,2.9000000000000004,25.8,86.22
2020,7,18,23,45,0,0,2.9000000000000004,25.8,85.57000000000001
2020,7,19,0,0,0,0,2.9000000000000004,25.700000000000003,86.08
2020,7,19,0,15,0,0,2.9000000000000004,25.700000000000003,86.08
2020,7,19,0,30,0,0,2.9000000000000004,25.700000000000003,86.08
2020,7,19,0,45,0,0,2.9000000000000004,25.700000000000003,85.35000000000001
2020,7,19,1,0,0,0,2.9000000000000004,25.700000000000003,85.35000000000001
2020,7,19,1,15,0,0,2.9000000000000004,25.700000000000003,85.35000000000001
2020,7,19,1,30,0,0,2.9000000000000004,25.6,85.85000000000001
2020,7,19,1,45,0,0,2.8000000000000003,25.6,85.3
2020,7,19,2,0,0,0,2.8000000000000003,25.6,85.3
2020,7,19,2,15,0,0,2.8000000000000003,25.6,85.3
2020,7,19,2,30,0,0,2.8000000000000003,25.6,85.3
2020,7,19,2,45,0,0,2.8000000000000003,25.6,84.86
2020,7,19,3,0,0,0,2.8000000000000003,25.5,85.36
2020,7,19,3,15,0,0,2.8000000000000003,25.5,85.36
2020,7,19,3,30,0,0,2.9000000000000004,25.5,85.36
2020,7,19,3,45,0,0,2.9000000000000004,25.5,85.06
2020,7,19,4,0,0,0,2.9000000000000004,25.5,85.06
2020,7,19,4,15,0,0,3,25.5,85.06
2020,7,19,4,30,0,0,3,25.5,85.06
2020,7,19,4,45,0,0,3,25.5,85
2020,7,19,5,0,0,0,3.1,25.400000000000002,85.51
2020,7,19,5,15,0,0,3.1,25.6,84.5
2020,7,19,5,30,0,0,3.2,25.700000000000003,84
2020,7,19,5,45,0,0,3.2,25.900000000000002,83.75
2020,7,19,6,0,0,0,3.3000000000000003,26,83.25
2020,7,19,6,15,29,170,3.4000000000000004,26.3,81.8
2020,7,19,6,30,69,322,3.5,26.5,80.84
2020,7,19,6,45,116,426,3.6,26.8,78.73
2020,7,19,7,0,170,515,3.7,27,77.81
2020,7,19,7,15,225,582,3.8000000000000003,27.200000000000003,76.91
2020,7,19,7,30,283,637,3.8000000000000003,27.400000000000002,76.02
2020,7,19,7,45,339,668,3.9000000000000004,27.6,74.74
2020,7,19,8,0,397,706,3.9000000000000004,27.8,73.88
2020,7,19,8,15,454,737,3.9000000000000004,27.900000000000002,73.45
2020,7,19,8,30,510,762,4,28.1,72.60000000000001
2020,7,19,8,45,563,777,4,28.3,71.89
2020,7,19,9,0,616,797,4.1000000000000005,28.5,71.06
2020,7,19,9,15,666,813,4.1000000000000005,28.700000000000003,70.24
2020,7,19,9,30,714,828,4.2,28.900000000000002,69.44
2020,7,19,9,45,758,835,4.2,29,69.22
2020,7,19,10,0,800,845,4.3,29.200000000000003,68.43
2020,7,19,10,15,839,855,4.3,29.3,68.04
2020,7,19,10,30,874,864,4.4,29.400000000000002,67.65
2020,7,19,10,45,906,874,4.4,29.6,67.77
2020,7,19,11,0,933,880,4.5,29.700000000000003,67.38
2020,7,19,11,15,957,885,4.5,29.700000000000003,67.38
2020,7,19,11,30,977,889,4.6000000000000005,29.8,67
2020,7,19,11,45,989,883,4.6000000000000005,29.900000000000002,67.81
2020,7,19,12,0,1001,885,4.7,30,67.42
2020,7,19,12,15,1007,886,4.7,30,67.42
2020,7,19,12,30,1008,886,4.7,30,67.35
2020,7,19,12,45,1004,877,4.800000000000001,30,68.55
2020,7,19,13,0,452,36,4.800000000000001,30,68.55
2020,7,19,13,15,567,89,4.800000000000001,29.900000000000002,68.95
2020,7,19,13,30,970,869,4.9,29.900000000000002,68.95
2020,7,19,13,45,944,842,4.9,29.8,70.19
2020,7,19,14,0,607,152,4.9,29.8,70.19
2020,7,19,14,15,893,830,4.9,29.700000000000003,70.59
2020,7,19,14,30,861,822,5,29.6,71
2020,7,19,14,45,824,809,5,29.5,71.99
2020,7,19,15,0,513,147,5,29.400000000000002,72.41
2020,7,19,15,15,393,63,5,29.3,72.82000000000001
2020,7,19,15,30,345,48,5,29.200000000000003,73.24
2020,7,19,15,45,340,59,5,29.1,74.15
2020,7,19,16,0,600,731,5,29,74.58
2020,7,19,16,15,389,204,4.9,28.900000000000002,75.01
2020,7,19,16,30,334,167,4.9,28.8,75.44
2020,7,19,16,45,437,648,4.9,28.700000000000003,75.89
2020,7,19,17,0,240,120,4.9,28.6,76.33
2020,7,19,17,15,323,569,4.800000000000001,28.400000000000002,77.22
2020,7,19,17,30,74,0,4.800000000000001,28.3,77.75
2020,7,19,17,45,61,0,4.7,28.1,78.53
2020,7,19,18,0,82,16,4.7,28,78.99
2020,7,19,18,15,62,25,4.6000000000000005,27.8,79.91
2020,7,19,18,30,38,18,4.5,27.700000000000003,80.38
2020,7,19,18,45,18,0,4.5,27.6,81.71000000000001
2020,7,19,19,0,0,0,4.4,27.5,82.19
2020,7,19,19,15,0,0,4.4,27.5,82.19
2020,7,19,19,30,0,0,4.4,27.5,82.19
2020,7,19,19,45,0,0,4.4,27.5,82.19
2020,7,19,20,0,0,0,4.4,27.200000000000003,84.22
2020,7,19,20,15,0,0,4.4,27.200000000000003,84.22
2020,7,19,20,30,0,0,4.4,27.1,84.72
2020,7,19,20,45,0,0,4.3,27,85.13
2020,7,19,21,0,0,0,4.3,27,85.13
2020,7,19,21,15,0,0,4.3,26.900000000000002,85.63
2020,7,19,21,30,0,0,4.3,26.900000000000002,85.63
2020,7,19,21,45,0,0,4.2,26.8,85.45
2020,7,19,22,0,0,0,4.2,26.8,85.45
2020,7,19,22,15,0,0,4.2,26.8,85.45
2020,7,19,22,30,0,0,4.2,26.700000000000003,85.95
2020,7,19,22,45,0,0,4.1000000000000005,26.700000000000003,84.78
2020,7,19,23,0,0,0,4.1000000000000005,26.6,85.28
2020,7,19,23,15,0,0,4,26.6,85.28
2020,7,19,23,30,0,0,4,26.5,85.78
2020,7,19,23,45,0,0,3.9000000000000004,26.5,84.60000000000001
2020,7,20,0,0,0,0,3.9000000000000004,26.400000000000002,85.10000000000001
2020,7,20,0,15,0,0,3.8000000000000003,26.3,85.60000000000001
2020,7,20,0,30,0,0,3.8000000000000003,26.3,85.60000000000001
2020,7,20,0,45,0,0,3.7,26.200000000000003,85.27
2020,7,20,1,0,0,0,3.7,26.200000000000003,85.27
2020,7,20,1,15,0,0,3.7,26.1,85.77
2020,7,20,1,30,0,0,3.6,26.1,85.69
2020,7,20,1,45,0,0,3.6,26,86.03
2020,7,20,2,0,0,0,3.6,26,86.03
2020,7,20,2,15,0,0,3.6,26,86.03
2020,7,20,2,30,0,0,3.6,25.900000000000002,86.54
2020,7,20,2,45,0,0,3.5,25.900000000000002,86.41
2020,7,20,3,0,0,0,3.5,25.900000000000002,86.41
2020,7,20,3,15,0,0,3.5,25.900000000000002,86.41
2020,7,20,3,30,0,0,3.5,25.900000000000002,86.41
2020,7,20,3,45,0,0,3.5,25.900000000000002,86.59
2020,7,20,4,0,0,0,3.5,25.900000000000002,86.59
2020,7,20,4,15,0,0,3.5,25.900000000000002,86.59
2020,7,20,4,30,0,0,3.5,25.900000000000002,86.59
2020,7,20,4,45,0,0,3.5,25.900000000000002,87.28
2020,7,20,5,0,0,0,3.5,25.900000000000002,87.28
2020,7,20,5,15,0,0,3.6,26,86.76
2020,7,20,5,30,0,0,3.6,26.1,86.25
2020,7,20,5,45,0,0,3.7,26.200000000000003,86.82000000000001
2020,7,20,6,0,0,0,3.7,26.3,86.31
2020,7,20,6,15,27,119,3.8000000000000003,26.5,85.31
2020,7,20,6,30,64,264,3.9000000000000004,26.6,84.81
2020,7,20,6,45,111,388,4,26.8,83.62
2020,7,20,7,0,164,479,4.1000000000000005,27,82.64
2020,7,20,7,15,219,550,4.2,27.200000000000003,81.68
2020,7,20,7,30,275,605,4.2,27.3,81.21000000000001
2020,7,20,7,45,68,0,4.2,27.5,79.59
2020,7,20,8,0,390,688,4.3,27.700000000000003,78.67
2020,7,20,8,15,447,719,4.3,27.8,78.22
2020,7,20,8,30,503,746,4.3,28,77.31
2020,7,20,8,45,558,770,4.3,28.1,76.27
2020,7,20,9,0,610,790,4.3,28.200000000000003,75.83
2020,7,20,9,15,391,107,4.3,28.400000000000002,74.96000000000001
2020,7,20,9,30,709,822,4.3,28.5,74.52
2020,7,20,9,45,404,71,4.3,28.6,73.59
2020,7,20,10,0,796,845,4.3,28.700000000000003,73.16
2020,7,20,10,15,835,855,4.3,28.8,72.74
2020,7,20,10,30,870,863,4.3,28.900000000000002,72.32000000000001
2020,7,20,10,45,904,880,4.3,29,71.78
2020,7,20,11,0,932,885,4.3,29.1,71.36
2020,7,20,11,15,956,890,4.3,29.1,71.36
2020,7,20,11,30,976,894,4.3,29.200000000000003,70.95
2020,7,20,11,45,990,892,4.3,29.3,70.37
2020,7,20,12,0,553,77,4.3,29.400000000000002,69.97
2020,7,20,12,15,1009,896,4.3,29.400000000000002,69.97
2020,7,20,12,30,1011,897,4.3,29.400000000000002,69.9
2020,7,20,12,45,1007,891,4.3,29.400000000000002,69.48
2020,7,20,13,0,1001,890,4.3,29.5,69.08
2020,7,20,13,15,990,888,4.3,29.5,69.08
2020,7,20,13,30,976,886,4.3,29.5,69.08
2020,7,20,13,45,953,871,4.3,29.5,68.86
2020,7,20,14,0,930,866,4.3,29.5,68.86
2020,7,20,14,15,902,860,4.3,29.5,68.86
2020,7,20,14,30,870,852,4.2,29.5,68.86
2020,7,20,14,45,834,842,4.2,29.400000000000002,69.03
2020,7,20,15,0,796,833,4.2,29.400000000000002,69.03
2020,7,20,15,15,754,822,4.2,29.3,69.42
2020,7,20,15,30,709,808,4.2,29.3,69.35000000000001
2020,7,20,15,45,660,789,4.2,29.200000000000003,69.82000000000001
2020,7,20,16,0,610,771,4.1000000000000005,29.1,70.23
2020,7,20,16,15,557,750,4.1000000000000005,29,70.63
2020,7,20,16,30,502,726,4.1000000000000005,28.900000000000002,71.04
2020,7,20,16,45,446,695,4.1000000000000005,28.700000000000003,72.06
2020,7,20,17,0,389,662,4.1000000000000005,28.6,72.55
2020,7,20,17,15,331,622,4,28.400000000000002,73.39
2020,7,20,17,30,274,574,3.9000000000000004,28.3,73.82000000000001
2020,7,20,17,45,217,514,3.8000000000000003,28.1,75.95
2020,7,20,18,0,162,441,3.8000000000000003,27.900000000000002,76.84
2020,7,20,18,15,110,347,3.7,27.700000000000003,77.74
2020,7,20,18,30,63,230,3.7,27.6,78.19
2020,7,20,18,45,27,95,3.6,27.400000000000002,81.52
2020,7,20,19,0,0,0,3.6,27.3,82
2020,7,20,19,15,0,0,3.6,27.3,82
2020,7,20,19,30,0,0,3.6,27.3,82
2020,7,20,19,45,0,0,3.6,27.3,82
2020,7,20,20,0,0,0,3.6,27,85.06
2020,7,20,20,15,0,0,3.6,26.900000000000002,85.56
2020,7,20,20,30,0,0,3.6,26.900000000000002,85.56
2020,7,20,20,45,0,0,3.6,26.900000000000002,86.44
2020,7,20,21,0,0,0,3.6,26.8,86.95
2020,7,20,21,15,0,0,3.6,26.8,86.95
2020,7,20,21,30,0,0,3.6,26.8,86.95
2020,7,20,21,45,0,0,3.6,26.700000000000003,88.01
2020,7,20,22,0,0,0,3.6,26.700000000000003,88.10000000000001
2020,7,20,22,15,0,0,3.6,26.700000000000003,88.10000000000001
2020,7,20,22,30,0,0,3.6,26.6,88.61
2020,7,20,22,45,0,0,3.5,26.6,89
2020,7,20,23,0,0,0,3.5,26.6,89
2020,7,20,23,15,0,0,3.5,26.6,88.91
2020,7,20,23,30,0,0,3.5,26.5,89.43
2020,7,20,23,45,0,0,3.5,26.5,89.56
2020,7,21,0,0,0,0,3.4000000000000004,26.5,89.56
2020,7,21,0,15,0,0,3.4000000000000004,26.5,89.56
2020,7,21,0,30,0,0,3.4000000000000004,26.5,89.56
2020,7,21,0,45,0,0,3.4000000000000004,26.5,89.63
2020,7,21,1,0,0,0,3.4000000000000004,26.400000000000002,90.16
2020,7,21,1,15,0,0,3.4000000000000004,26.400000000000002,90.16
2020,7,21,1,30,0,0,3.4000000000000004,26.400000000000002,90.07000000000001
2020,7,21,1,45,0,0,3.4000000000000004,26.400000000000002,89.86
2020,7,21,2,0,0,0,3.4000000000000004,26.400000000000002,89.86
2020,7,21,2,15,0,0,3.4000000000000004,26.400000000000002,89.86
2020,7,21,2,30,0,0,3.5,26.400000000000002,89.86
2020,7,21,2,45,0,0,3.5,26.3,90.26
2020,7,21,3,0,0,0,3.5,26.3,90.26
2020,7,21,3,15,0,0,3.5,26.3,90.26
2020,7,21,3,30,0,0,3.5,26.3,90.26
2020,7,21,3,45,0,0,3.5,26.3,89.94
2020,7,21,4,0,0,0,3.6,26.200000000000003,90.47
2020,7,21,4,15,0,0,3.6,26.200000000000003,90.47
2020,7,21,4,30,0,0,3.6,26.200000000000003,90.47
2020,7,21,4,45,0,0,3.6,26.200000000000003,90.02
2020,7,21,5,0,0,0,3.6,26.200000000000003,90.02
2020,7,21,5,15,0,0,3.6,26.3,89.49
2020,7,21,5,30,0,0,3.6,26.3,89.49
2020,7,21,5,45,0,0,3.7,26.400000000000002,89.01
2020,7,21,6,0,0,0,3.7,26.5,88.49
2020,7,21,6,15,25,86,3.8000000000000003,26.6,87.97
2020,7,21,6,30,61,222,3.8000000000000003,26.8,86.95
2020,7,21,6,45,107,340,3.9000000000000004,26.900000000000002,85.83
2020,7,21,7,0,159,433,4,27.1,84.84
2020,7,21,7,15,213,507,4,27.200000000000003,84.34
2020,7,21,7,30,270,567,4.1000000000000005,27.400000000000002,83.36
2020,7,21,7,45,327,611,4.2,27.6,80.05
2020,7,21,8,0,385,652,4.2,27.700000000000003,79.59
2020,7,21,8,15,442,686,4.3,27.900000000000002,78.67
2020,7,21,8,30,498,716,4.3,28.1,77.76
2020,7,21,8,45,552,735,4.3,28.3,74.74
2020,7,21,9,0,605,757,4.4,28.5,73.88
2020,7,21,9,15,655,775,4.4,28.700000000000003,73.03
2020,7,21,9,30,705,793,4.4,28.8,72.61
2020,7,21,9,45,480,142,4.4,29,70.51
2020,7,21,10,0,376,43,4.4,29.200000000000003,69.7
2020,7,21,10,15,831,827,4.4,29.3,69.3
2020,7,21,10,30,866,836,4.5,29.400000000000002,68.91
2020,7,21,10,45,902,857,4.5,29.5,67.89
2020,7,21,11,0,931,864,4.5,29.700000000000003,67.12
2020,7,21,11,15,955,869,4.5,29.700000000000003,67.12
2020,7,21,11,30,975,874,4.5,29.8,66.73
2020,7,21,11,45,989,871,4.6000000000000005,29.900000000000002,66.36
2020,7,21,12,0,1000,873,4.6000000000000005,29.900000000000002,66.36
2020,7,21,12,15,1007,875,4.6000000000000005,29.900000000000002,66.36
2020,7,21,12,30,651,142,4.6000000000000005,30,65.98
2020,7,21,12,45,1006,869,4.6000000000000005,30,66.44
2020,7,21,13,0,999,867,4.6000000000000005,30,66.44
2020,7,21,13,15,987,864,4.5,29.900000000000002,66.83
2020,7,21,13,30,971,861,4.5,29.900000000000002,66.76
2020,7,21,13,45,951,854,4.5,29.900000000000002,67.31
2020,7,21,14,0,927,848,4.5,29.8,67.69
2020,7,21,14,15,899,842,4.5,29.8,67.69
2020,7,21,14,30,868,834,4.4,29.700000000000003,68.08
2020,7,21,14,45,832,825,4.4,29.6,68.81
2020,7,21,15,0,793,814,4.4,29.6,68.81
2020,7,21,15,15,751,802,4.3,29.5,69.2
2020,7,21,15,30,704,786,4.3,29.400000000000002,69.60000000000001
2020,7,21,15,45,656,770,4.3,29.3,70.41
2020,7,21,16,0,605,751,4.2,29.200000000000003,70.74
2020,7,21,16,15,553,729,4.2,29.1,71.15
2020,7,21,16,30,498,704,4.1000000000000005,28.900000000000002,71.98
2020,7,21,16,45,164,7,4.1000000000000005,28.8,72.95
2020,7,21,17,0,385,640,4.1000000000000005,28.700000000000003,73.38
2020,7,21,17,15,328,598,4,28.5,74.23
2020,7,21,17,30,270,549,3.9000000000000004,28.3,75.17
2020,7,21,17,45,167,235,3.9000000000000004,28.1,77.2
2020,7,21,18,0,112,136,3.8000000000000003,27.900000000000002,78.10000000000001
2020,7,21,18,15,45,0,3.7,27.8,78.55
2020,7,21,18,30,32,0,3.6,27.6,79.47
2020,7,21,18,45,20,19,3.6,27.5,81.88
2020,7,21,19,0,0,0,3.5,27.3,82.84
2020,7,21,19,15,0,0,3.5,27.3,82.84
2020,7,21,19,30,0,0,3.5,27.3,82.84
2020,7,21,19,45,0,0,3.5,27.3,82.84
2020,7,21,20,0,0,0,3.5,27,85.35000000000001
2020,7,21,20,15,0,0,3.5,27,85.44
2020,7,21,20,30,0,0,3.5,26.900000000000002,85.94
2020,7,21,20,45,0,0,3.5,26.8,87.15
2020,7,21,21,0,0,0,3.5,26.8,87.15
2020,7,21,21,15,0,0,3.4000000000000004,26.700000000000003,87.66
2020,7,21,21,30,0,0,3.4000000000000004,26.6,88.18
2020,7,21,21,45,0,0,3.4000000000000004,26.6,88.66
2020,7,21,22,0,0,0,3.4000000000000004,26.5,89.19
2020,7,21,22,15,0,0,3.4000000000000004,26.5,89.19
2020,7,21,22,30,0,0,3.4000000000000004,26.400000000000002,89.71000000000001
2020,7,21,22,45,0,0,3.3000000000000003,26.400000000000002,89.75
2020,7,21,23,0,0,0,3.3000000000000003,26.400000000000002,89.75
2020,7,21,23,15,0,0,3.3000000000000003,26.3,90.28
2020,7,21,23,30,0,0,3.2,26.3,90.28
2020,7,21,23,45,0,0,3.2,26.3,90.22
2020,7,22,0,0,0,0,3.2,26.200000000000003,90.75
2020,7,22,0,15,0,0,3.1,26.200000000000003,90.75
2020,7,22,0,30,0,0,3.1,26.200000000000003,90.66
2020,7,22,0,45,0,0,3.1,26.1,91.14
2020,7,22,1,0,0,0,3.1,26.1,91.14
2020,7,22,1,15,0,0,3,26.1,91.14
2020,7,22,1,30,0,0,3,26.1,91.14
2020,7,22,1,45,0,0,3,26.1,91.09
2020,7,22,2,0,0,0,3,26,91.63
2020,7,22,2,15,0,0,3,26,91.63
2020,7,22,2,30,0,0,3,26,91.63
2020,7,22,2,45,0,0,3,26,91.64
2020,7,22,3,0,0,0,3,26,91.64
2020,7,22,3,15,0,0,3.1,26,91.64
2020,7,22,3,30,0,0,3.1,26,91.64
2020,7,22,3,45,0,0,3.1,26,91.63
2020,7,22,4,0,0,0,3.1,25.900000000000002,92.17
2020,7,22,4,15,0,0,3.2,25.900000000000002,92.17
2020,7,22,4,30,0,0,3.2,25.900000000000002,92.17
2020,7,22,4,45,0,0,3.2,25.900000000000002,92.02
2020,7,22,5,0,0,0,3.3000000000000003,25.900000000000002,92.02
2020,7,22,5,15,0,0,3.3000000000000003,26,91.48
2020,7,22,5,30,0,0,3.4000000000000004,26.1,90.94
2020,7,22,5,45,0,0,3.5,26.1,91.61
2020,7,22,6,0,0,0,3.5,26.200000000000003,91.07000000000001
2020,7,22,6,15,27,162,3.7,26.3,90.53
2020,7,22,6,30,65,317,3.8000000000000003,26.5,89.48
2020,7,22,6,45,113,436,3.9000000000000004,26.6,88.65
2020,7,22,7,0,166,524,4,26.700000000000003,88.13
2020,7,22,7,15,222,592,4.1000000000000005,26.900000000000002,87.10000000000001
2020,7,22,7,30,280,647,4.2,27.1,86.09
2020,7,22,7,45,337,680,4.3,27.200000000000003,83.43
2020,7,22,8,0,395,716,4.4,27.400000000000002,82.46000000000001
2020,7,22,8,15,452,747,4.5,27.6,81.5
2020,7,22,8,30,509,773,4.5,27.8,80.56
2020,7,22,8,45,562,785,4.6000000000000005,28,77.43
2020,7,22,9,0,615,804,4.6000000000000005,28.1,76.98
2020,7,22,9,15,666,821,4.6000000000000005,28.3,76.09
2020,7,22,9,30,714,836,4.6000000000000005,28.400000000000002,75.65
2020,7,22,9,45,758,841,4.7,28.6,73.42
2020,7,22,10,0,800,852,4.7,28.700000000000003,73
2020,7,22,10,15,840,862,4.7,28.8,72.58
2020,7,22,10,30,875,870,4.7,28.900000000000002,72.16
2020,7,22,10,45,902,859,4.7,29,71.27
2020,7,22,11,0,930,865,4.7,29.1,70.86
2020,7,22,11,15,954,871,4.7,29.1,70.86
2020,7,22,11,30,972,874,4.7,29.1,70.86
2020,7,22,11,45,546,76,4.7,29.200000000000003,70.63
2020,7,22,12,0,570,87,4.7,29.200000000000003,70.63
2020,7,22,12,15,1003,873,4.7,29.200000000000003,70.63
2020,7,22,12,30,1005,874,4.7,29.200000000000003,70.63
2020,7,22,12,45,1000,866,4.7,29.200000000000003,70.76
2020,7,22,13,0,570,86,4.7,29.200000000000003,70.76
2020,7,22,13,15,595,108,4.6000000000000005,29.1,71.17
2020,7,22,13,30,730,261,4.6000000000000005,29.1,71.17
2020,7,22,13,45,950,866,4.6000000000000005,29.1,71.4
2020,7,22,14,0,926,861,4.6000000000000005,29,71.81
2020,7,22,14,15,555,119,4.6000000000000005,29,71.74
2020,7,22,14,30,326,20,4.6000000000000005,28.900000000000002,72.15
2020,7,22,14,45,70,0,4.5,28.900000000000002,72.42
2020,7,22,15,0,790,821,4.5,28.8,72.84
2020,7,22,15,15,748,809,4.5,28.700000000000003,73.26
2020,7,22,15,30,508,226,4.5,28.700000000000003,73.26
2020,7,22,15,45,654,773,4.5,28.6,74.10000000000001
2020,7,22,16,0,603,755,4.5,28.5,74.53
2020,7,22,16,15,551,734,4.5,28.400000000000002,74.97
2020,7,22,16,30,496,709,4.4,28.3,75.4
2020,7,22,16,45,138,0,4.4,28.200000000000003,76.39
2020,7,22,17,0,383,643,4.4,28.1,76.83
2020,7,22,17,15,326,602,4.3,28,77.28
2020,7,22,17,30,269,553,4.2,27.8,78.18
2020,7,22,17,45,195,398,4.1000000000000005,27.6,80.5
2020,7,22,18,0,158,420,4,27.5,80.97
2020,7,22,18,15,106,325,3.9000000000000004,27.3,82
2020,7,22,18,30,40,35,3.9000000000000004,27.200000000000003,82.48
2020,7,22,18,45,19,8,3.9000000000000004,27.1,84.72
2020,7,22,19,0,0,0,3.8000000000000003,26.900000000000002,85.72
2020,7,22,19,15,0,0,3.8000000000000003,26.900000000000002,85.72
2020,7,22,19,30,0,0,3.8000000000000003,26.900000000000002,85.72
2020,7,22,19,45,0,0,3.8000000000000003,26.900000000000002,85.72
2020,7,22,20,0,0,0,3.9000000000000004,26.700000000000003,87.77
2020,7,22,20,15,0,0,3.9000000000000004,26.6,88.38
2020,7,22,20,30,0,0,4,26.6,88.38
2020,7,22,20,45,0,0,4,26.5,89.22
2020,7,22,21,0,0,0,4,26.400000000000002,89.75
2020,7,22,21,15,0,0,4.1000000000000005,26.400000000000002,89.75
2020,7,22,21,30,0,0,4.1000000000000005,26.400000000000002,89.75
2020,7,22,21,45,0,0,4.1000000000000005,26.3,90.26
2020,7,22,22,0,0,0,4.2,26.3,90.26
2020,7,22,22,15,0,0,4.2,26.3,90.26
2020,7,22,22,30,0,0,4.2,26.200000000000003,90.79
2020,7,22,22,45,0,0,4.2,26.200000000000003,90.53
2020,7,22,23,0,0,0,4.2,26.200000000000003,90.53
2020,7,22,23,15,0,0,4.2,26.200000000000003,90.53
2020,7,22,23,30,0,0,4.3,26.1,91.06
2020,7,22,23,45,0,0,4.3,26.1,90.5
2020,7,23,0,0,0,0,4.3,26.1,90.41
2020,7,23,0,15,0,0,4.3,26.1,90.41
2020,7,23,0,30,0,0,4.4,26,90.94
2020,7,23,0,45,0,0,4.4,26,89.97
2020,7,23,1,0,0,0,4.4,26,89.97
2020,7,23,1,15,0,0,4.4,26,89.97
2020,7,23,1,30,0,0,4.4,26,89.97
2020,7,23,1,45,0,0,4.4,25.900000000000002,89.53
2020,7,23,2,0,0,0,4.5,25.900000000000002,89.53
2020,7,23,2,15,0,0,4.5,25.900000000000002,89.53
2020,7,23,2,30,0,0,4.4,25.900000000000002,89.53
2020,7,23,2,45,0,0,4.4,25.900000000000002,88.66
2020,7,23,3,0,0,0,4.4,25.8,89.18
2020,7,23,3,15,0,0,4.4,25.8,89.18
2020,7,23,3,30,0,0,4.4,25.8,89.18
2020,7,23,3,45,0,0,4.4,25.8,88.38
2020,7,23,4,0,0,0,4.4,25.8,88.38
2020,7,23,4,15,0,0,4.4,25.8,88.38
2020,7,23,4,30,0,0,4.4,25.8,88.38
2020,7,23,4,45,0,0,4.4,25.8,87.85000000000001
2020,7,23,5,0,0,0,4.4,25.8,87.85000000000001
2020,7,23,5,15,0,0,4.4,25.8,87.85000000000001
2020,7,23,5,30,0,0,4.5,25.900000000000002,87.34
2020,7,23,5,45,0,0,4.5,26,87.24
2020,7,23,6,0,0,0,4.5,26,87.24
2020,7,23,6,15,25,96,4.6000000000000005,26.200000000000003,86.22
2020,7,23,6,30,61,241,4.7,26.400000000000002,85.3
2020,7,23,6,45,108,360,4.800000000000001,26.5,84.21000000000001
2020,7,23,7,0,160,454,4.9,26.700000000000003,83.23
2020,7,23,7,15,215,528,5,26.900000000000002,82.26
2020,7,23,7,30,273,588,5,27,81.78
2020,7,23,7,45,330,629,5.1000000000000005,27.200000000000003,79.61
2020,7,23,8,0,388,669,5.1000000000000005,27.400000000000002,78.68
2020,7,23,8,15,445,703,5.2,27.6,77.77
2020,7,23,8,30,502,732,5.2,27.8,76.87
2020,7,23,8,45,557,754,5.2,28,75.15
2020,7,23,9,0,610,775,5.300000000000001,28.200000000000003,74.28
2020,7,23,9,15,662,793,5.300000000000001,28.3,73.85000000000001
2020,7,23,9,30,710,809,5.300000000000001,28.5,73
2020,7,23,9,45,756,820,5.300000000000001,28.6,72.07000000000001
2020,7,23,10,0,799,834,5.300000000000001,28.8,71.24
2020,7,23,10,15,839,844,5.300000000000001,28.900000000000002,70.83
2020,7,23,10,30,873,852,5.300000000000001,29.1,70.02
2020,7,23,10,45,908,868,5.4,29.200000000000003,69.60000000000001
2020,7,23,11,0,936,874,5.4,29.400000000000002,68.8
2020,7,23,11,15,960,880,5.4,29.400000000000002,68.8
2020,7,23,11,30,980,884,5.4,29.5,68.41
2020,7,23,11,45,994,883,5.4,29.6,68.49
2020,7,23,12,0,1005,886,5.5,29.6,68.43
2020,7,23,12,15,1011,886,5.5,29.700000000000003,68.03
2020,7,23,12,30,1013,886,5.5,29.700000000000003,68.03
2020,7,23,12,45,1009,883,5.5,29.700000000000003,68.34
2020,7,23,13,0,463,39,5.5,29.700000000000003,68.34
2020,7,23,13,15,990,878,5.4,29.6,68.73
2020,7,23,13,30,974,874,5.4,29.6,68.66
2020,7,23,13,45,947,847,5.4,29.6,69.16
2020,7,23,14,0,923,842,5.4,29.5,69.56
2020,7,23,14,15,894,834,5.300000000000001,29.5,69.56
2020,7,23,14,30,863,826,5.300000000000001,29.400000000000002,69.96000000000001
2020,7,23,14,45,827,815,5.2,29.3,71.39
2020,7,23,15,0,787,803,5.2,29.3,71.39
2020,7,23,15,15,745,791,5.1000000000000005,29.200000000000003,71.81
2020,7,23,15,30,699,775,5.1000000000000005,29.1,72.22
2020,7,23,15,45,650,753,5,29,73.95
2020,7,23,16,0,540,508,5,28.900000000000002,74.38
2020,7,23,16,15,546,711,4.9,28.700000000000003,75.24
2020,7,23,16,30,176,6,4.800000000000001,28.6,75.68
2020,7,23,16,45,434,642,4.7,28.400000000000002,78.2
2020,7,23,17,0,377,606,4.7,28.3,78.66
2020,7,23,17,15,320,563,4.5,28.1,79.57000000000001
2020,7,23,17,30,263,511,4.4,27.900000000000002,80.5
2020,7,23,17,45,206,442,4.3,27.8,83.36
2020,7,23,18,0,115,155,4.2,27.6,84.34
2020,7,23,18,15,62,31,4.1000000000000005,27.5,84.92
2020,7,23,18,30,42,53,4,27.3,85.91
2020,7,23,18,45,14,0,3.9000000000000004,27.200000000000003,88.86
2020,7,23,19,0,0,0,3.8000000000000003,27.1,89.38
2020,7,23,19,15,0,0,3.8000000000000003,27.1,89.38
2020,7,23,19,30,0,0,3.8000000000000003,27.1,89.38
2020,7,23,19,45,0,0,3.8000000000000003,27.1,89.38
2020,7,23,20,0,0,0,3.8000000000000003,26.900000000000002,91.81
2020,7,23,20,15,0,0,3.8000000000000003,26.900000000000002,91.81
2020,7,23,20,30,0,0,3.8000000000000003,26.8,92.35000000000001
2020,7,23,20,45,0,0,3.8000000000000003,26.8,92.7
2020,7,23,21,0,0,0,3.8000000000000003,26.700000000000003,93.24
2020,7,23,21,15,0,0,3.8000000000000003,26.700000000000003,93.24
2020,7,23,21,30,0,0,3.8000000000000003,26.700000000000003,93.24
2020,7,23,21,45,0,0,3.8000000000000003,26.6,93.34
2020,7,23,22,0,0,0,3.8000000000000003,26.6,93.34
2020,7,23,22,15,0,0,3.8000000000000003,26.5,93.89
2020,7,23,22,30,0,0,3.8000000000000003,26.5,93.89
2020,7,23,22,45,0,0,3.8000000000000003,26.400000000000002,93.24
2020,7,23,23,0,0,0,3.8000000000000003,26.400000000000002,93.24
2020,7,23,23,15,0,0,3.8000000000000003,26.400000000000002,93.24
2020,7,23,23,30,0,0,3.8000000000000003,26.3,93.79
2020,7,23,23,45,0,0,3.8000000000000003,26.3,92.48
2020,7,24,0,0,0,0,3.8000000000000003,26.200000000000003,93.03
2020,7,24,0,15,0,0,3.8000000000000003,26.200000000000003,93.03
2020,7,24,0,30,0,0,3.8000000000000003,26.200000000000003,92.94
2020,7,24,0,45,0,0,3.7,26.1,92.34
2020,7,24,1,0,0,0,3.7,26.1,92.34
2020,7,24,1,15,0,0,3.7,26.1,92.34
2020,7,24,1,30,0,0,3.6,26.1,92.34
2020,7,24,1,45,0,0,3.6,26.1,91.5
2020,7,24,2,0,0,0,3.6,26,92.04
2020,7,24,2,15,0,0,3.5,26,92.04
2020,7,24,2,30,0,0,3.5,26,92.04
2020,7,24,2,45,0,0,3.4000000000000004,26,91.4
2020,7,24,3,0,0,0,3.4000000000000004,26,91.4
2020,7,24,3,15,0,0,3.4000000000000004,26,91.4
2020,7,24,3,30,0,0,3.3000000000000003,26,91.4
2020,7,24,3,45,0,0,3.3000000000000003,26,91.4
2020,7,24,4,0,0,0,3.2,26,91.4
2020,7,24,4,15,0,0,3.2,26.1,90.87
2020,7,24,4,30,0,0,3.2,26.1,90.87
2020,7,24,4,45,0,0,3.2,26.1,91.47
2020,7,24,5,0,0,0,3.2,26.1,91.56
2020,7,24,5,15,0,0,3.2,26.200000000000003,91.02
2020,7,24,5,30,0,0,3.2,26.200000000000003,91.02
2020,7,24,5,45,0,0,3.2,26.3,92.39
2020,7,24,6,0,0,0,3.2,26.400000000000002,91.85000000000001
2020,7,24,6,15,20,21,3.3000000000000003,26.5,91.31
2020,7,24,6,30,18,0,3.4000000000000004,26.6,90.77
2020,7,24,6,45,17,0,3.5,26.700000000000003,92.01
2020,7,24,7,0,94,63,3.6,26.8,91.47
2020,7,24,7,15,4,0,3.6,26.900000000000002,90.94
2020,7,24,7,30,5,0,3.7,26.900000000000002,90.94
2020,7,24,7,45,7,0,3.8000000000000003,27,90.97
2020,7,24,8,0,18,0,3.9000000000000004,27,90.97
2020,7,24,8,15,28,0,4,27.1,90.44
2020,7,24,8,30,24,0,4.2,27.200000000000003,89.92
2020,7,24,8,45,14,0,4.3,27.3,88.76
2020,7,24,9,0,66,0,4.4,27.400000000000002,88.33
2020,7,24,9,15,19,0,4.5,27.5,87.82000000000001
2020,7,24,9,30,23,0,4.7,27.700000000000003,86.8
2020,7,24,9,45,33,0,4.800000000000001,27.8,84.28
2020,7,24,10,0,77,0,4.9,27.900000000000002,83.79
2020,7,24,10,15,223,10,5,28,83.31
2020,7,24,10,30,315,19,5,28.1,82.82000000000001
2020,7,24,10,45,357,24,5.1000000000000005,28.200000000000003,80.72
2020,7,24,11,0,480,59,5.1000000000000005,28.400000000000002,79.79
2020,7,24,11,15,537,83,5.1000000000000005,28.400000000000002,79.79
2020,7,24,11,30,637,152,5,28.5,79.33
2020,7,24,11,45,680,185,5,28.6,78.47
2020,7,24,12,0,738,244,5,28.6,78.47
2020,7,24,12,15,614,113,4.9,28.700000000000003,77.94
2020,7,24,12,30,508,53,4.9,28.700000000000003,77.94
2020,7,24,12,45,665,157,4.800000000000001,28.700000000000003,78.05
2020,7,24,13,0,603,108,4.800000000000001,28.8,77.60000000000001
2020,7,24,13,15,483,47,4.7,28.8,77.60000000000001
2020,7,24,13,30,698,219,4.6000000000000005,28.8,77.60000000000001
2020,7,24,13,45,404,29,4.6000000000000005,28.8,77.84
2020,7,24,14,0,726,306,4.5,28.8,77.84
2020,7,24,14,15,557,122,4.5,28.8,77.84
2020,7,24,14,30,675,301,4.4,28.700000000000003,78.29
2020,7,24,14,45,605,233,4.4,28.700000000000003,78.60000000000001
2020,7,24,15,0,618,304,4.3,28.700000000000003,78.60000000000001
2020,7,24,15,15,505,173,4.3,28.6,79.05
2020,7,24,15,30,534,273,4.3,28.6,79.05
2020,7,24,15,45,463,209,4.2,28.5,80.18
2020,7,24,16,0,516,412,4.2,28.400000000000002,80.64
2020,7,24,16,15,438,320,4.1000000000000005,28.3,81.11
2020,7,24,16,30,414,375,4.1000000000000005,28.3,81.11
2020,7,24,16,45,353,321,4.1000000000000005,28.200000000000003,82.29
2020,7,24,17,0,276,211,4,28.1,82.77
2020,7,24,17,15,216,147,4,28,83.25
2020,7,24,17,30,245,329,4,27.900000000000002,83.73
2020,7,24,17,45,191,265,4,27.8,85.22
2020,7,24,18,0,112,142,3.9000000000000004,27.6,86.22
2020,7,24,18,15,67,60,4,27.6,86.22
2020,7,24,18,30,49,44,4,27.5,86.72
2020,7,24,18,45,14,0,4,27.400000000000002,88.15
2020,7,24,19,0,0,0,4,27.3,88.67
2020,7,24,19,15,0,0,4,27.3,88.67
2020,7,24,19,30,0,0,4,27.3,88.67
2020,7,24,19,45,0,0,4,27.3,88.67
2020,7,24,20,0,0,0,4.2,27.200000000000003,90.22
2020,7,24,20,15,0,0,4.2,27.200000000000003,90.22
2020,7,24,20,30,0,0,4.3,27.1,90.75
2020,7,24,20,45,0,0,4.3,27.1,91.78
2020,7,24,21,0,0,0,4.4,27.1,91.78
2020,7,24,21,15,0,0,4.4,27.1,91.78
2020,7,24,21,30,0,0,4.5,27,92.32000000000001
2020,7,24,21,45,0,0,4.5,27,92.99
2020,7,24,22,0,0,0,4.6000000000000005,27,92.99
2020,7,24,22,15,0,0,4.6000000000000005,27,92.99
2020,7,24,22,30,0,0,4.6000000000000005,26.900000000000002,93.53
2020,7,24,22,45,0,0,4.6000000000000005,26.900000000000002,93.78
2020,7,24,23,0,0,0,4.7,26.900000000000002,93.78
2020,7,24,23,15,0,0,4.7,26.8,94.33
2020,7,24,23,30,0,0,4.7,26.8,94.24
2020,7,24,23,45,0,0,4.7,26.8,93.7
2020,7,25,0,0,0,0,4.7,26.8,93.7
2020,7,25,0,15,0,0,4.7,26.700000000000003,94.25
2020,7,25,0,30,0,0,4.800000000000001,26.700000000000003,94.25
2020,7,25,0,45,0,0,4.800000000000001,26.700000000000003,93.57000000000001
2020,7,25,1,0,0,0,4.800000000000001,26.6,94.12
2020,7,25,1,15,0,0,4.800000000000001,26.6,94.12
2020,7,25,1,30,0,0,4.800000000000001,26.6,94.03
2020,7,25,1,45,0,0,4.800000000000001,26.6,93.38
2020,7,25,2,0,0,0,4.800000000000001,26.5,93.93
2020,7,25,2,15,0,0,4.800000000000001,26.5,93.93
2020,7,25,2,30,0,0,4.800000000000001,26.5,93.93
2020,7,25,2,45,0,0,4.800000000000001,26.5,93.32000000000001
2020,7,25,3,0,0,0,4.800000000000001,26.400000000000002,93.87
2020,7,25,3,15,0,0,4.800000000000001,26.400000000000002,93.87
2020,7,25,3,30,0,0,4.800000000000001,26.400000000000002,93.87
2020,7,25,3,45,0,0,4.800000000000001,26.400000000000002,93.33
2020,7,25,4,0,0,0,4.800000000000001,26.3,93.88
2020,7,25,4,15,0,0,4.7,26.3,93.88
2020,7,25,4,30,0,0,4.7,26.3,93.97
2020,7,25,4,45,0,0,4.6000000000000005,26.3,93.62
2020,7,25,5,0,0,0,4.6000000000000005,26.3,93.62
2020,7,25,5,15,0,0,4.6000000000000005,26.3,93.62
2020,7,25,5,30,0,0,4.6000000000000005,26.400000000000002,93.08
2020,7,25,5,45,0,0,4.6000000000000005,26.400000000000002,93.28
2020,7,25,6,0,0,0,4.6000000000000005,26.5,92.73
2020,7,25,6,15,15,6,4.7,26.6,92.19
2020,7,25,6,30,48,57,4.800000000000001,26.700000000000003,91.65
2020,7,25,6,45,91,143,4.9,26.8,90.95
2020,7,25,7,0,139,228,5,27,89.89
2020,7,25,7,15,192,305,5.1000000000000005,27.1,89.37
2020,7,25,7,30,246,371,5.2,27.200000000000003,88.85000000000001
2020,7,25,7,45,302,425,5.300000000000001,27.400000000000002,86.02
2020,7,25,8,0,358,474,5.4,27.5,85.52
2020,7,25,8,15,414,516,5.5,27.700000000000003,84.53
2020,7,25,8,30,470,553,5.5,27.900000000000002,83.56
2020,7,25,8,45,524,580,5.6000000000000005,28,81.06
2020,7,25,9,0,576,607,5.7,28.200000000000003,80.13
2020,7,25,9,15,628,631,5.7,28.3,79.66
2020,7,25,9,30,677,653,5.7,28.5,78.75
2020,7,25,9,45,721,668,5.7,28.6,76.99
2020,7,25,10,0,764,684,5.800000000000001,28.700000000000003,76.54
2020,7,25,10,15,803,697,5.800000000000001,28.8,76.10000000000001
2020,7,25,10,30,839,709,5.800000000000001,28.900000000000002,75.66
2020,7,25,10,45,856,648,5.800000000000001,29,74.4
2020,7,25,11,0,884,658,5.800000000000001,29.1,73.97
2020,7,25,11,15,908,666,5.800000000000001,29.200000000000003,73.55
2020,7,25,11,30,928,672,5.800000000000001,29.200000000000003,73.55
2020,7,25,11,45,944,680,5.800000000000001,29.3,72.67
2020,7,25,12,0,955,684,5.800000000000001,29.3,72.67
2020,7,25,12,15,962,686,5.800000000000001,29.400000000000002,72.26
2020,7,25,12,30,964,686,5.800000000000001,29.400000000000002,72.26
2020,7,25,12,45,962,686,5.800000000000001,29.400000000000002,72.10000000000001
2020,7,25,13,0,956,684,5.800000000000001,29.5,71.69
2020,7,25,13,15,945,681,5.7,29.5,71.69
2020,7,25,13,30,360,21,5.7,29.5,71.62
2020,7,25,13,45,608,136,5.7,29.5,71.92
2020,7,25,14,0,381,26,5.6000000000000005,29.5,71.92
2020,7,25,14,15,587,150,5.6000000000000005,29.5,71.92
2020,7,25,14,30,827,649,5.6000000000000005,29.400000000000002,72.33
2020,7,25,14,45,790,629,5.5,29.400000000000002,73.07000000000001
2020,7,25,15,0,750,613,5.5,29.400000000000002,73.07000000000001
2020,7,25,15,15,472,132,5.4,29.3,73.5
2020,7,25,15,30,664,577,5.4,29.200000000000003,73.92
2020,7,25,15,45,615,548,5.300000000000001,29.200000000000003,74.93
2020,7,25,16,0,225,14,5.300000000000001,29.1,75.36
2020,7,25,16,15,195,9,5.2,29,75.79
2020,7,25,16,30,459,459,5.1000000000000005,28.8,76.67
2020,7,25,16,45,403,416,5,28.700000000000003,77.93
2020,7,25,17,0,348,373,4.9,28.6,78.38
2020,7,25,17,15,221,163,4.7,28.400000000000002,79.29
2020,7,25,17,30,13,0,4.5,28.200000000000003,80.22
2020,7,25,17,45,100,12,4.4,28.1,81.78
2020,7,25,18,0,132,140,4.2,27.900000000000002,82.74
2020,7,25,18,15,65,51,4.1000000000000005,27.700000000000003,83.79
2020,7,25,18,30,43,23,4,27.6,84.28
2020,7,25,18,45,11,1,3.8000000000000003,27.5,86.33
2020,7,25,19,0,0,0,3.7,27.3,87.34
2020,7,25,19,15,0,0,3.7,27.3,87.34
2020,7,25,19,30,0,0,3.7,27.3,87.34
2020,7,25,19,45,0,0,3.7,27.3,87.34
2020,7,25,20,0,0,0,3.6,27.1,89.33
2020,7,25,20,15,0,0,3.5,27.1,89.42
2020,7,25,20,30,0,0,3.5,27,89.94
2020,7,25,20,45,0,0,3.5,27,90.74
2020,7,25,21,0,0,0,3.5,27,90.74
2020,7,25,21,15,0,0,3.5,26.900000000000002,91.27
2020,7,25,21,30,0,0,3.5,26.900000000000002,91.27
2020,7,25,21,45,0,0,3.5,26.8,92.19
2020,7,25,22,0,0,0,3.5,26.8,92.19
2020,7,25,22,15,0,0,3.5,26.8,92.19
2020,7,25,22,30,0,0,3.5,26.700000000000003,92.73
2020,7,25,22,45,0,0,3.5,26.700000000000003,92.64
2020,7,25,23,0,0,0,3.5,26.700000000000003,92.64
2020,7,25,23,15,0,0,3.6,26.6,93.18
2020,7,25,23,30,0,0,3.6,26.6,93.18
2020,7,25,23,45,0,0,3.6,26.5,93.54
2020,7,26,0,0,0,0,3.7,26.5,93.44
2020,7,26,0,15,0,0,3.7,26.5,93.44
2020,7,26,0,30,0,0,3.7,26.400000000000002,93.99
2020,7,26,0,45,0,0,3.8000000000000003,26.400000000000002,93.57000000000001
2020,7,26,1,0,0,0,3.8000000000000003,26.400000000000002,93.57000000000001
2020,7,26,1,15,0,0,3.9000000000000004,26.3,94.12
2020,7,26,1,30,0,0,4,26.3,94.12
2020,7,26,1,45,0,0,4,26.3,93.45
2020,7,26,2,0,0,0,4.1000000000000005,26.200000000000003,94
2020,7,26,2,15,0,0,4.1000000000000005,26.200000000000003,94
2020,7,26,2,30,0,0,4.2,26.200000000000003,93.91
2020,7,26,2,45,0,0,4.2,26.200000000000003,93.37
2020,7,26,3,0,0,0,4.3,26.1,93.92
2020,7,26,3,15,0,0,4.3,26.1,93.92
2020,7,26,3,30,0,0,4.4,26.1,93.92
2020,7,26,3,45,0,0,4.4,26.1,93.35000000000001
2020,7,26,4,0,0,0,4.4,26.1,93.35000000000001
2020,7,26,4,15,0,0,4.4,26.1,93.44
2020,7,26,4,30,0,0,4.5,26,94
2020,7,26,4,45,0,0,4.5,26,93.26
2020,7,26,5,0,0,0,4.5,26,93.26
2020,7,26,5,15,0,0,4.5,26.1,92.72
2020,7,26,5,30,0,0,4.5,26.1,92.72
2020,7,26,5,45,0,0,4.5,26.200000000000003,92.12
2020,7,26,6,0,0,0,4.5,26.200000000000003,92.12
2020,7,26,6,15,17,9,4.6000000000000005,26.400000000000002,91.04
2020,7,26,6,30,50,76,4.6000000000000005,26.6,89.98
2020,7,26,6,45,93,177,4.7,26.700000000000003,88.61
2020,7,26,7,0,142,268,4.800000000000001,26.900000000000002,87.58
2020,7,26,7,15,195,347,4.800000000000001,27.1,86.56
2020,7,26,7,30,250,414,4.9,27.3,85.56
2020,7,26,7,45,137,10,4.9,27.5,82.72
2020,7,26,8,0,225,96,5,27.700000000000003,81.77
2020,7,26,8,15,421,564,5,27.900000000000002,80.82000000000001
2020,7,26,8,30,477,599,5,28.1,79.89
2020,7,26,8,45,533,635,5,28.3,78.29
2020,7,26,9,0,585,660,5,28.5,77.39
2020,7,26,9,15,636,682,5,28.6,76.95
2020,7,26,9,30,684,702,4.9,28.8,76.06
2020,7,26,9,45,731,722,4.9,28.900000000000002,75.41
2020,7,26,10,0,773,736,4.9,29,74.98
2020,7,26,10,15,812,748,4.9,29.1,74.55
2020,7,26,10,30,847,759,4.9,29.200000000000003,74.12
2020,7,26,10,45,873,741,4.800000000000001,29.200000000000003,74.17
2020,7,26,11,0,901,750,4.800000000000001,29.3,73.75
2020,7,26,11,15,925,757,4.800000000000001,29.3,73.75
2020,7,26,11,30,945,762,4.7,29.3,73.75
2020,7,26,11,45,960,766,4.7,29.400000000000002,73.42
2020,7,26,12,0,971,769,4.6000000000000005,29.400000000000002,73.42
2020,7,26,12,15,978,771,4.6000000000000005,29.400000000000002,73.42
2020,7,26,12,30,980,772,4.6000000000000005,29.400000000000002,73.42
2020,7,26,12,45,979,775,4.5,29.400000000000002,73.24
2020,7,26,13,0,972,773,4.5,29.5,72.82000000000001
2020,7,26,13,15,961,770,4.4,29.400000000000002,73.24
2020,7,26,13,30,945,765,4.4,29.400000000000002,73.24
2020,7,26,13,45,469,49,4.3,29.400000000000002,73.03
2020,7,26,14,0,899,744,4.3,29.400000000000002,73.03
2020,7,26,14,15,871,736,4.2,29.400000000000002,73.03
2020,7,26,14,30,840,726,4.2,29.3,73.45
2020,7,26,14,45,804,713,4.1000000000000005,29.3,73.28
2020,7,26,15,0,765,700,4.1000000000000005,29.3,73.21000000000001
2020,7,26,15,15,723,684,4.1000000000000005,29.200000000000003,73.63
2020,7,26,15,30,677,667,4.1000000000000005,29.1,74.05
2020,7,26,15,45,505,289,4,29,74.4
2020,7,26,16,0,298,48,4,28.900000000000002,74.83
2020,7,26,16,15,352,140,4,28.8,75.26
2020,7,26,16,30,207,19,4,28.700000000000003,75.69
2020,7,26,16,45,314,211,3.9000000000000004,28.6,76.17
2020,7,26,17,0,269,193,3.9000000000000004,28.400000000000002,77.05
2020,7,26,17,15,225,175,3.8000000000000003,28.3,77.5
2020,7,26,17,30,183,157,3.8000000000000003,28.1,78.4
2020,7,26,17,45,143,138,3.7,28,80
2020,7,26,18,0,106,115,3.6,27.8,80.93
2020,7,26,18,15,72,91,3.6,27.700000000000003,81.4
2020,7,26,18,30,42,67,3.6,27.5,82.36
2020,7,26,18,45,17,0,3.5,27.400000000000002,84.61
2020,7,26,19,0,0,0,3.5,27.3,85.10000000000001
2020,7,26,19,15,0,0,3.5,27.3,85.10000000000001
2020,7,26,19,30,0,0,3.5,27.3,85.10000000000001
2020,7,26,19,45,0,0,3.5,27.3,85.10000000000001
2020,7,26,20,0,0,0,3.6,27,87.79
2020,7,26,20,15,0,0,3.6,26.900000000000002,88.31
2020,7,26,20,30,0,0,3.6,26.8,88.83
2020,7,26,20,45,0,0,3.7,26.8,89.66
2020,7,26,21,0,0,0,3.7,26.700000000000003,90.19
2020,7,26,21,15,0,0,3.7,26.700000000000003,90.28
2020,7,26,21,30,0,0,3.7,26.6,90.81
2020,7,26,21,45,0,0,3.8000000000000003,26.6,91.08
2020,7,26,22,0,0,0,3.8000000000000003,26.5,91.62
2020,7,26,22,15,0,0,3.8000000000000003,26.5,91.62
2020,7,26,22,30,0,0,3.8000000000000003,26.5,91.62
2020,7,26,22,45,0,0,3.8000000000000003,26.400000000000002,91.74
2020,7,26,23,0,0,0,3.8000000000000003,26.400000000000002,91.74
2020,7,26,23,15,0,0,3.8000000000000003,26.400000000000002,91.74
2020,7,26,23,30,0,0,3.8000000000000003,26.3,92.28
2020,7,26,23,45,0,0,3.9000000000000004,26.3,91.47
2020,7,27,0,0,0,0,3.9000000000000004,26.200000000000003,92.01
2020,7,27,0,15,0,0,3.9000000000000004,26.200000000000003,92.01
2020,7,27,0,30,0,0,3.9000000000000004,26.200000000000003,91.92
2020,7,27,0,45,0,0,3.9000000000000004,26.200000000000003,90.87
2020,7,27,1,0,0,0,3.9000000000000004,26.1,91.4
2020,7,27,1,15,0,0,3.9000000000000004,26.1,91.4
2020,7,27,1,30,0,0,3.9000000000000004,26.1,91.4
2020,7,27,1,45,0,0,3.9000000000000004,26.1,90.19
2020,7,27,2,0,0,0,3.9000000000000004,26.1,90.19
2020,7,27,2,15,0,0,3.9000000000000004,26,90.73
2020,7,27,2,30,0,0,3.8000000000000003,26,90.73
2020,7,27,2,45,0,0,3.8000000000000003,26,89.45
2020,7,27,3,0,0,0,3.8000000000000003,26,89.45
2020,7,27,3,15,0,0,3.8000000000000003,26,89.45
2020,7,27,3,30,0,0,3.8000000000000003,26,89.45
2020,7,27,3,45,0,0,3.8000000000000003,26,88.12
2020,7,27,4,0,0,0,3.8000000000000003,25.900000000000002,88.64
2020,7,27,4,15,0,0,3.8000000000000003,25.900000000000002,88.64
2020,7,27,4,30,0,0,3.8000000000000003,25.900000000000002,88.64
2020,7,27,4,45,0,0,3.8000000000000003,25.900000000000002,87.13
2020,7,27,5,0,0,0,3.7,25.900000000000002,87.13
2020,7,27,5,15,0,0,3.8000000000000003,26,86.62
2020,7,27,5,30,0,0,3.8000000000000003,26.1,86.11
2020,7,27,5,45,0,0,3.8000000000000003,26.200000000000003,84.9
2020,7,27,6,0,0,0,3.8000000000000003,26.200000000000003,84.9
2020,7,27,6,15,19,28,3.9000000000000004,26.400000000000002,83.91
2020,7,27,6,30,54,134,4,26.6,82.93
2020,7,27,6,45,97,241,4,26.8,81.01
2020,7,27,7,0,148,338,4.1000000000000005,27,80.07000000000001
2020,7,27,7,15,202,418,4.2,27.200000000000003,79.14
2020,7,27,7,30,258,484,4.3,27.400000000000002,78.22
2020,7,27,7,45,315,533,4.4,27.6,74.63
2020,7,27,8,0,373,578,4.5,27.8,73.76
2020,7,27,8,15,430,617,4.5,28,72.91
2020,7,27,8,30,487,650,4.6000000000000005,28.200000000000003,72.07000000000001
2020,7,27,8,45,542,681,4.6000000000000005,28.400000000000002,70.26
2020,7,27,9,0,595,705,4.7,28.6,69.45
2020,7,27,9,15,647,726,4.7,28.8,68.65
2020,7,27,9,30,695,744,4.7,28.900000000000002,68.26
2020,7,27,9,45,742,765,4.7,29.1,67.21000000000001
2020,7,27,10,0,785,779,4.7,29.200000000000003,66.83
2020,7,27,10,15,825,790,4.7,29.3,66.45
2020,7,27,10,30,860,799,4.7,29.400000000000002,66.07000000000001
2020,7,27,10,45,880,761,4.7,29.5,65.99
2020,7,27,11,0,908,769,4.7,29.6,65.61
2020,7,27,11,15,933,776,4.7,29.700000000000003,65.23
2020,7,27,11,30,952,781,4.7,29.700000000000003,65.23
2020,7,27,11,45,970,792,4.7,29.8,65.51
2020,7,27,12,0,982,795,4.7,29.8,65.51
2020,7,27,12,15,987,795,4.6000000000000005,29.900000000000002,65.13
2020,7,27,12,30,990,796,4.6000000000000005,29.900000000000002,65.07000000000001
2020,7,27,12,45,989,802,4.6000000000000005,29.900000000000002,65.71000000000001
2020,7,27,13,0,982,800,4.6000000000000005,29.900000000000002,65.71000000000001
2020,7,27,13,15,971,797,4.6000000000000005,29.900000000000002,65.71000000000001
2020,7,27,13,30,956,793,4.6000000000000005,29.900000000000002,65.71000000000001
2020,7,27,13,45,949,839,4.6000000000000005,29.8,66.71000000000001
2020,7,27,14,0,925,834,4.6000000000000005,29.8,66.71000000000001
2020,7,27,14,15,897,827,4.6000000000000005,29.700000000000003,67.09
2020,7,27,14,30,865,819,4.6000000000000005,29.700000000000003,67.09
2020,7,27,14,45,829,809,4.6000000000000005,29.6,68.05
2020,7,27,15,0,790,798,4.6000000000000005,29.5,68.44
2020,7,27,15,15,747,785,4.6000000000000005,29.400000000000002,68.83
2020,7,27,15,30,702,770,4.6000000000000005,29.3,69.23
2020,7,27,15,45,653,753,4.6000000000000005,29.200000000000003,70.66
2020,7,27,16,0,602,733,4.6000000000000005,29.1,71.07000000000001
2020,7,27,16,15,548,710,4.6000000000000005,28.900000000000002,71.9
2020,7,27,16,30,493,683,4.6000000000000005,28.8,72.31
2020,7,27,16,45,437,652,4.6000000000000005,28.6,74.03
2020,7,27,17,0,379,615,4.6000000000000005,28.5,74.46000000000001
2020,7,27,17,15,321,572,4.6000000000000005,28.3,75.33
2020,7,27,17,30,264,519,4.6000000000000005,28.1,76.2
2020,7,27,17,45,207,462,4.6000000000000005,27.900000000000002,78.11
2020,7,27,18,0,152,382,4.6000000000000005,27.700000000000003,79.10000000000001
2020,7,27,18,15,101,285,4.5,27.5,80.03
2020,7,27,18,30,56,167,4.5,27.400000000000002,80.5
2020,7,27,18,45,22,55,4.4,27.200000000000003,83.60000000000001
2020,7,27,19,0,0,0,4.4,27.1,84.09
2020,7,27,19,15,0,0,4.4,27.1,84.09
2020,7,27,19,30,0,0,4.4,27.1,84.09
2020,7,27,19,45,0,0,4.4,27.1,84.09
2020,7,27,20,0,0,0,4.3,26.700000000000003,88.28
2020,7,27,20,15,0,0,4.3,26.700000000000003,88.28
2020,7,27,20,30,0,0,4.3,26.6,88.8
2020,7,27,20,45,0,0,4.3,26.5,90.82000000000001
2020,7,27,21,0,0,0,4.3,26.5,90.82000000000001
2020,7,27,21,15,0,0,4.4,26.400000000000002,91.35000000000001
2020,7,27,21,30,0,0,4.4,26.400000000000002,91.35000000000001
2020,7,27,21,45,0,0,4.4,26.3,92.78
2020,7,27,22,0,0,0,4.4,26.3,92.78
2020,7,27,22,15,0,0,4.4,26.3,92.78
2020,7,27,22,30,0,0,4.4,26.200000000000003,93.24
2020,7,27,22,45,0,0,4.4,26.200000000000003,93.87
2020,7,27,23,0,0,0,4.4,26.200000000000003,93.87
2020,7,27,23,15,0,0,4.4,26.200000000000003,93.87
2020,7,27,23,30,0,0,4.3,26.200000000000003,93.87
2020,7,27,23,45,0,0,4.3,26.1,95.05
2020,7,28,0,0,0,0,4.3,26.1,94.95
2020,7,28,0,15,0,0,4.3,26.1,94.95
2020,7,28,0,30,0,0,4.3,26.1,94.95
2020,7,28,0,45,0,0,4.2,26.1,95.33
2020,7,28,1,0,0,0,4.2,26.1,95.33
2020,7,28,1,15,0,0,4.2,26.1,95.33
2020,7,28,1,30,0,0,4.2,26.1,95.23
2020,7,28,1,45,0,0,4.2,26.1,95.45
2020,7,28,2,0,0,0,4.2,26.1,95.45
2020,7,28,2,15,0,0,4.2,26.1,95.45
2020,7,28,2,30,0,0,4.2,26.1,95.45
2020,7,28,2,45,0,0,4.2,26.1,95.64
2020,7,28,3,0,0,0,4.2,26.1,95.64
2020,7,28,3,15,0,0,4.2,26.1,95.64
2020,7,28,3,30,0,0,4.1000000000000005,26.1,95.64
2020,7,28,3,45,0,0,4.1000000000000005,26.1,95.62
2020,7,28,4,0,0,0,4.1000000000000005,26.1,95.62
2020,7,28,4,15,0,0,4.1000000000000005,26.1,95.62
2020,7,28,4,30,0,0,4.2,26.1,95.62
2020,7,28,4,45,0,0,4.2,26.1,95.57000000000001
2020,7,28,5,0,0,0,4.2,26.1,95.67
2020,7,28,5,15,0,0,4.2,26.200000000000003,95.10000000000001
2020,7,28,5,30,0,0,4.2,26.200000000000003,95.10000000000001
2020,7,28,5,45,0,0,4.3,26.3,95.2
2020,7,28,6,0,0,0,4.3,26.400000000000002,94.64
2020,7,28,6,15,13,3,4.3,26.5,94.08
2020,7,28,6,30,45,48,4.4,26.6,93.53
2020,7,28,6,45,87,129,4.5,26.700000000000003,93.37
2020,7,28,7,0,135,212,4.5,26.8,92.92
2020,7,28,7,15,187,289,4.6000000000000005,27,91.84
2020,7,28,7,30,241,355,4.7,27.1,91.3
2020,7,28,7,45,297,416,4.800000000000001,27.200000000000003,89.27
2020,7,28,8,0,354,466,4.9,27.400000000000002,88.24
2020,7,28,8,15,410,508,5,27.6,87.22
2020,7,28,8,30,465,545,5,27.700000000000003,86.71000000000001
2020,7,28,8,45,520,577,5.1000000000000005,27.900000000000002,84.01
2020,7,28,9,0,572,604,5.2,28.1,83.04
2020,7,28,9,15,623,628,5.2,28.200000000000003,82.56
2020,7,28,9,30,672,650,5.300000000000001,28.400000000000002,81.61
2020,7,28,9,45,717,669,5.300000000000001,28.5,80.4
2020,7,28,10,0,760,685,5.300000000000001,28.700000000000003,79.47
2020,7,28,10,15,799,699,5.300000000000001,28.8,79.01
2020,7,28,10,30,836,712,5.4,28.900000000000002,78.48
2020,7,28,10,45,858,680,5.4,29,77.93
2020,7,28,11,0,886,689,5.4,29.200000000000003,77.04
2020,7,28,11,15,910,696,5.4,29.200000000000003,77.04
2020,7,28,11,30,930,702,5.4,29.3,76.60000000000001
2020,7,28,11,45,948,715,5.4,29.400000000000002,76.63
2020,7,28,12,0,959,718,5.4,29.400000000000002,76.63
2020,7,28,12,15,967,720,5.4,29.400000000000002,76.63
2020,7,28,12,30,969,721,5.4,29.5,76.19
2020,7,28,12,45,968,725,5.4,29.5,76.81
2020,7,28,13,0,616,118,5.4,29.5,76.81
2020,7,28,13,15,950,720,5.4,29.5,76.73
2020,7,28,13,30,935,715,5.4,29.400000000000002,77.17
2020,7,28,13,45,917,717,5.5,29.400000000000002,77.43
2020,7,28,14,0,893,710,5.5,29.400000000000002,77.43
2020,7,28,14,15,865,701,5.5,29.3,77.88
2020,7,28,14,30,833,690,5.5,29.3,77.88
2020,7,28,14,45,398,44,5.5,29.200000000000003,78.43
2020,7,28,15,0,759,667,5.5,29.200000000000003,78.43
2020,7,28,15,15,718,652,5.5,29,79.34
2020,7,28,15,30,673,633,5.5,28.900000000000002,79.8
2020,7,28,15,45,624,605,5.5,28.8,80.22
2020,7,28,16,0,573,580,5.5,28.700000000000003,80.69
2020,7,28,16,15,521,552,5.5,28.6,81.15
2020,7,28,16,30,468,520,5.5,28.400000000000002,82.10000000000001
2020,7,28,16,45,409,459,5.5,28.3,82.31
2020,7,28,17,0,353,416,5.4,28.200000000000003,82.79
2020,7,28,17,15,297,366,5.300000000000001,28,83.76
2020,7,28,17,30,240,309,5.2,27.900000000000002,84.24
2020,7,28,17,45,184,220,5.1000000000000005,27.700000000000003,85.23
2020,7,28,18,0,132,152,5,27.6,85.72
2020,7,28,18,15,85,82,5,27.5,86.23
2020,7,28,18,30,43,25,4.9,27.400000000000002,86.73
2020,7,28,18,45,11,1,4.800000000000001,27.3,87.62
2020,7,28,19,0,0,0,4.7,27.200000000000003,88.14
2020,7,28,19,15,0,0,4.7,27.200000000000003,88.14
2020,7,28,19,30,0,0,4.7,27.200000000000003,88.14
2020,7,28,19,45,0,0,4.7,27.200000000000003,88.14
2020,7,28,20,0,0,0,4.7,27,89.69
2020,7,28,20,15,0,0,4.800000000000001,27,89.69
2020,7,28,20,30,0,0,4.800000000000001,27,89.69
2020,7,28,20,45,0,0,4.800000000000001,26.900000000000002,90.78
2020,7,28,21,0,0,0,4.800000000000001,26.900000000000002,90.78
2020,7,28,21,15,0,0,4.800000000000001,26.900000000000002,90.78
2020,7,28,21,30,0,0,4.9,26.8,91.31
2020,7,28,21,45,0,0,4.9,26.8,92.15
2020,7,28,22,0,0,0,4.9,26.8,92.24
2020,7,28,22,15,0,0,4.9,26.8,92.15
2020,7,28,22,30,0,0,4.9,26.700000000000003,92.69
2020,7,28,22,45,0,0,5,26.700000000000003,93.33
2020,7,28,23,0,0,0,5,26.700000000000003,93.33
2020,7,28,23,15,0,0,5,26.700000000000003,93.33
2020,7,28,23,30,0,0,5,26.700000000000003,93.24
2020,7,28,23,45,0,0,5,26.700000000000003,93.39
2020,7,29,0,0,0,0,5,26.700000000000003,93.39
2020,7,29,0,15,0,0,5,26.700000000000003,93.39
2020,7,29,0,30,0,0,5,26.6,93.94
2020,7,29,0,45,0,0,5.1000000000000005,26.6,93.42
2020,7,29,1,0,0,0,5.1000000000000005,26.6,93.42
2020,7,29,1,15,0,0,5.1000000000000005,26.6,93.42
2020,7,29,1,30,0,0,5.1000000000000005,26.6,93.42
2020,7,29,1,45,0,0,5.1000000000000005,26.6,93.4
2020,7,29,2,0,0,0,5,26.6,93.31
2020,7,29,2,15,0,0,5.1000000000000005,26.5,93.85000000000001
2020,7,29,2,30,0,0,5.1000000000000005,26.5,93.85000000000001
2020,7,29,2,45,0,0,5.2,26.5,93.79
2020,7,29,3,0,0,0,5.2,26.5,93.79
2020,7,29,3,15,0,0,5.2,26.5,93.79
2020,7,29,3,30,0,0,5.300000000000001,26.5,93.79
2020,7,29,3,45,0,0,5.300000000000001,26.5,93.45
2020,7,29,4,0,0,0,5.4,26.5,93.45
2020,7,29,4,15,0,0,5.4,26.5,93.45
2020,7,29,4,30,0,0,5.4,26.5,93.45
2020,7,29,4,45,0,0,5.5,26.5,93.16
2020,7,29,5,0,0,0,5.5,26.5,93.16
2020,7,29,5,15,0,0,5.5,26.5,93.26
2020,7,29,5,30,0,0,5.6000000000000005,26.5,93.26
2020,7,29,5,45,0,0,5.6000000000000005,26.6,92.9
2020,7,29,6,0,0,0,5.6000000000000005,26.6,92.9
2020,7,29,6,15,11,1,5.800000000000001,26.700000000000003,92.36
2020,7,29,6,30,43,31,5.9,26.8,91.82000000000001
2020,7,29,6,45,86,100,6,26.900000000000002,91.15
2020,7,29,7,0,133,177,6.1000000000000005,27,90.62
2020,7,29,7,15,104,26,6.300000000000001,27.200000000000003,89.57000000000001
2020,7,29,7,30,179,153,6.5,27.400000000000002,88.53
2020,7,29,7,45,243,246,6.800000000000001,27.5,86.52
2020,7,29,8,0,301,305,7,27.700000000000003,85.51
2020,7,29,8,15,350,323,7.2,27.900000000000002,84.53
2020,7,29,8,30,391,316,7.300000000000001,28.1,83.55
2020,7,29,8,45,390,213,7.5,28.3,81.26
2020,7,29,9,0,448,256,7.6000000000000005,28.5,80.33
2020,7,29,9,15,463,212,7.7,28.6,79.87
2020,7,29,9,30,408,97,7.800000000000001,28.700000000000003,79.41
2020,7,29,9,45,478,141,7.9,28.8,78.87
2020,7,29,10,0,345,31,8,29,77.96000000000001
2020,7,29,10,15,270,14,8,29,77.96000000000001
2020,7,29,10,30,711,378,8.1,29.1,77.52
2020,7,29,10,45,403,35,8.1,29.1,77.93
2020,7,29,11,0,561,110,8.200000000000001,29.200000000000003,77.41
2020,7,29,11,15,427,35,8.200000000000001,29.1,77.86
2020,7,29,11,30,584,106,8.200000000000001,29.1,77.86
2020,7,29,11,45,563,85,8.200000000000001,29.1,78.2
2020,7,29,12,0,573,87,8.200000000000001,29.1,78.2
2020,7,29,12,15,435,31,8.200000000000001,29.1,78.12
2020,7,29,12,30,462,37,8.200000000000001,29.1,78.12
2020,7,29,12,45,523,59,8.200000000000001,29,78.69
2020,7,29,13,0,484,46,8.200000000000001,29,78.69
2020,7,29,13,15,455,38,8.1,29,78.61
2020,7,29,13,30,332,18,8.1,28.900000000000002,79.06
2020,7,29,13,45,378,24,8.1,28.900000000000002,78.81
2020,7,29,14,0,371,25,8.1,28.8,79.26
2020,7,29,14,15,393,32,8.1,28.700000000000003,79.64
2020,7,29,14,30,376,31,8.1,28.6,80.10000000000001
2020,7,29,14,45,115,0,8.1,28.5,81.31
2020,7,29,15,0,29,0,8.1,28.3,82.26
2020,7,29,15,15,25,0,8.200000000000001,28.1,83.22
2020,7,29,15,30,37,0,8.3,28,83.61
2020,7,29,15,45,33,0,8.4,27.8,86.3
2020,7,29,16,0,62,0,8.4,27.6,87.31
2020,7,29,16,15,40,0,8.4,27.5,87.82000000000001
2020,7,29,16,30,44,0,8.4,27.400000000000002,88.33
2020,7,29,16,45,64,0,8.5,27.3,89.99
2020,7,29,17,0,65,0,8.5,27.200000000000003,90.52
2020,7,29,17,15,34,0,8.3,27.1,91.05
2020,7,29,17,30,13,0,8.1,27.1,91.05
2020,7,29,17,45,8,0,7.9,27,93.01
2020,7,29,18,0,33,0,7.800000000000001,26.900000000000002,93.55
2020,7,29,18,15,31,0,7.6000000000000005,26.8,94.10000000000001
2020,7,29,18,30,26,0,7.5,26.8,94.10000000000001
2020,7,29,18,45,6,0,7.4,26.700000000000003,96.42
2020,7,29,19,0,0,0,7.300000000000001,26.700000000000003,96.42
2020,7,29,19,15,0,0,7.300000000000001,26.700000000000003,96.42
2020,7,29,19,30,0,0,7.300000000000001,26.700000000000003,96.42
2020,7,29,19,45,0,0,7.300000000000001,26.700000000000003,96.42
2020,7,29,20,0,0,0,7.5,26.6,98
2020,7,29,20,15,0,0,7.7,26.6,98.10000000000001
2020,7,29,20,30,0,0,8,26.6,98.10000000000001
2020,7,29,20,45,0,0,8.3,26.6,96.76
2020,7,29,21,0,0,0,8.6,26.6,96.76
2020,7,29,21,15,0,0,8.9,26.5,97.33
2020,7,29,21,30,0,0,9.3,26.5,97.33
2020,7,29,21,45,0,0,9.600000000000001,26.400000000000002,94.08
2020,7,29,22,0,0,0,10,26.400000000000002,94.08
2020,7,29,22,15,0,0,10.100000000000001,26.400000000000002,94.08
2020,7,29,22,30,0,0,10.3,26.400000000000002,94.08
2020,7,29,22,45,0,0,10.5,26.3,92.14
2020,7,29,23,0,0,0,10.700000000000001,26.3,92.23
2020,7,29,23,15,0,0,10.600000000000001,26.3,92.23
2020,7,29,23,30,0,0,10.600000000000001,26.3,92.23
2020,7,29,23,45,0,0,10.600000000000001,26.3,91.04
2020,7,30,0,0,0,0,10.600000000000001,26.3,91.04
2020,7,30,0,15,0,0,10.4,26.3,91.04
2020,7,30,0,30,0,0,10.200000000000001,26.3,91.04
2020,7,30,0,45,0,0,10.100000000000001,26.3,90.86
2020,7,30,1,0,0,0,9.9,26.200000000000003,91.4
2020,7,30,1,15,0,0,9.8,26.3,90.86
2020,7,30,1,30,0,0,9.700000000000001,26.3,90.86
2020,7,30,1,45,0,0,9.5,26.400000000000002,91.23
2020,7,30,2,0,0,0,9.4,26.400000000000002,91.23
2020,7,30,2,15,0,0,9.4,26.400000000000002,91.23
2020,7,30,2,30,0,0,9.3,26.5,90.7
2020,7,30,2,45,0,0,9.3,26.5,91.45
2020,7,30,3,0,0,0,9.200000000000001,26.6,90.92
2020,7,30,3,15,0,0,9.1,26.6,90.92
2020,7,30,3,30,0,0,9.1,26.700000000000003,90.39
2020,7,30,3,45,0,0,9,26.700000000000003,91.01
2020,7,30,4,0,0,0,9,26.700000000000003,91.11
2020,7,30,4,15,0,0,8.9,26.700000000000003,91.11
2020,7,30,4,30,0,0,8.9,26.8,90.57000000000001
2020,7,30,4,45,0,0,8.9,26.8,91.27
2020,7,30,5,0,0,0,8.8,26.8,91.27
2020,7,30,5,15,0,0,8.8,26.8,91.27
2020,7,30,5,30,0,0,8.8,26.8,91.37
2020,7,30,5,45,0,0,8.8,26.900000000000002,91.25
2020,7,30,6,0,0,0,8.700000000000001,26.900000000000002,91.25
2020,7,30,6,15,9,0,8.700000000000001,26.900000000000002,91.25
2020,7,30,6,30,8,0,8.8,27,90.72
2020,7,30,6,45,7,0,8.8,27,90.60000000000001
2020,7,30,7,0,6,0,8.8,27.1,90.17
2020,7,30,7,15,13,0,8.8,27.1,90.17
2020,7,30,7,30,5,0,8.8,27.200000000000003,89.64
2020,7,30,7,45,6,0,8.8,27.200000000000003,89.12
2020,7,30,8,0,68,0,8.8,27.3,88.60000000000001
2020,7,30,8,15,60,0,8.700000000000001,27.400000000000002,88.09
2020,7,30,8,30,36,0,8.700000000000001,27.400000000000002,88.09
2020,7,30,8,45,41,0,8.700000000000001,27.5,86.37
2020,7,30,9,0,54,0,8.700000000000001,27.6,85.96000000000001
2020,7,30,9,15,58,0,8.6,27.6,85.96000000000001
2020,7,30,9,30,86,0,8.5,27.700000000000003,85.46000000000001
2020,7,30,9,45,46,0,8.4,27.700000000000003,85.33
2020,7,30,10,0,59,0,8.3,27.8,84.83
2020,7,30,10,15,100,0,8.200000000000001,27.8,84.83
2020,7,30,10,30,50,0,8,27.8,84.83
2020,7,30,10,45,104,0,7.9,27.8,84.99
2020,7,30,11,0,182,7,7.800000000000001,27.900000000000002,84.5
2020,7,30,11,15,221,11,7.7,27.900000000000002,84.5
2020,7,30,11,30,255,13,7.6000000000000005,27.900000000000002,84.5
2020,7,30,11,45,260,13,7.5,27.900000000000002,84.65
2020,7,30,12,0,312,16,7.4,27.900000000000002,84.65
2020,7,30,12,15,335,18,7.300000000000001,27.8,85.14
2020,7,30,12,30,402,25,7.2,27.8,85.14
2020,7,30,12,45,424,29,7.1000000000000005,27.8,85.88
2020,7,30,13,0,416,28,7,27.8,85.88
2020,7,30,13,15,368,21,6.9,27.8,85.88
2020,7,30,13,30,321,17,6.800000000000001,27.700000000000003,86.38
2020,7,30,13,45,369,23,6.800000000000001,27.700000000000003,87.19
2020,7,30,14,0,279,14,6.7,27.700000000000003,87.19
2020,7,30,14,15,151,3,6.6000000000000005,27.6,87.7
2020,7,30,14,30,57,0,6.5,27.6,87.7
2020,7,30,14,45,32,0,6.4,27.6,88.65
2020,7,30,15,0,39,0,6.4,27.5,89.17
2020,7,30,15,15,25,0,6.2,27.5,89.17
2020,7,30,15,30,33,0,6.1000000000000005,27.5,89.17
2020,7,30,15,45,114,0,6,27.400000000000002,91.19
2020,7,30,16,0,129,0,5.9,27.400000000000002,91.19
2020,7,30,16,15,22,0,5.800000000000001,27.3,91.72
2020,7,30,16,30,20,0,5.7,27.3,91.72
2020,7,30,16,45,9,0,5.6000000000000005,27.200000000000003,93.83
2020,7,30,17,0,12,0,5.5,27.1,94.37
2020,7,30,17,15,6,0,5.4,27.1,94.47
2020,7,30,17,30,38,0,5.300000000000001,27,95.02
2020,7,30,17,45,33,0,5.300000000000001,27,95.84
2020,7,30,18,0,49,0,5.2,26.900000000000002,96.41
2020,7,30,18,15,31,0,5.1000000000000005,26.900000000000002,96.41
2020,7,30,18,30,17,0,5.1000000000000005,26.8,96.97
2020,7,30,18,45,9,0,5.1000000000000005,26.8,97.09
2020,7,30,19,0,0,0,5,26.8,97.09
2020,7,30,19,15,0,0,5,26.8,97.09
2020,7,30,19,30,0,0,5,26.8,97.09
2020,7,30,19,45,0,0,5,26.8,97.09
2020,7,30,20,0,0,0,4.9,26.700000000000003,97.64
2020,7,30,20,15,0,0,4.800000000000001,26.700000000000003,97.64
2020,7,30,20,30,0,0,4.800000000000001,26.700000000000003,97.64
2020,7,30,20,45,0,0,4.800000000000001,26.700000000000003,97.11
2020,7,30,21,0,0,0,4.7,26.700000000000003,97.11
2020,7,30,21,15,0,0,4.7,26.700000000000003,97.11
2020,7,30,21,30,0,0,4.7,26.700000000000003,97.21000000000001
2020,7,30,21,45,0,0,4.6000000000000005,26.700000000000003,96.66
2020,7,30,22,0,0,0,4.6000000000000005,26.6,97.23
2020,7,30,22,15,0,0,4.6000000000000005,26.6,97.23
2020,7,30,22,30,0,0,4.5,26.6,97.13
2020,7,30,22,45,0,0,4.5,26.6,96.57000000000001
2020,7,30,23,0,0,0,4.5,26.6,96.57000000000001
2020,7,30,23,15,0,0,4.5,26.6,96.57000000000001
2020,7,30,23,30,0,0,4.5,26.6,96.57000000000001
2020,7,30,23,45,0,0,4.5,26.5,96.26
2020,7,31,0,0,0,0,4.4,26.5,96.26
2020,7,31,0,15,0,0,4.4,26.5,96.26
2020,7,31,0,30,0,0,4.4,26.5,96.26
2020,7,31,0,45,0,0,4.4,26.5,95.39
2020,7,31,1,0,0,0,4.3,26.5,95.39
2020,7,31,1,15,0,0,4.3,26.400000000000002,95.96000000000001
2020,7,31,1,30,0,0,4.3,26.400000000000002,95.96000000000001
2020,7,31,1,45,0,0,4.3,26.400000000000002,95.18
2020,7,31,2,0,0,0,4.3,26.400000000000002,95.18
2020,7,31,2,15,0,0,4.3,26.400000000000002,95.18
2020,7,31,2,30,0,0,4.3,26.3,95.75
2020,7,31,2,45,0,0,4.3,26.3,94.78
2020,7,31,3,0,0,0,4.3,26.3,94.78
2020,7,31,3,15,0,0,4.3,26.3,94.78
2020,7,31,3,30,0,0,4.4,26.3,94.78
2020,7,31,3,45,0,0,4.4,26.200000000000003,94.4
2020,7,31,4,0,0,0,4.4,26.200000000000003,94.4
2020,7,31,4,15,0,0,4.4,26.200000000000003,94.5
2020,7,31,4,30,0,0,4.4,26.200000000000003,94.5
2020,7,31,4,45,0,0,4.4,26.200000000000003,93.7
2020,7,31,5,0,0,0,4.4,26.200000000000003,93.7
2020,7,31,5,15,0,0,4.4,26.200000000000003,93.7
2020,7,31,5,30,0,0,4.4,26.200000000000003,93.7
2020,7,31,5,45,0,0,4.4,26.200000000000003,93.28
2020,7,31,6,0,0,0,4.4,26.3,92.74
2020,7,31,6,15,12,0,4.5,26.400000000000002,92.19
2020,7,31,6,30,37,52,4.6000000000000005,26.5,91.65
2020,7,31,6,45,69,97,4.7,26.700000000000003,89.64
2020,7,31,7,0,85,40,4.800000000000001,26.8,89.11
2020,7,31,7,15,75,0,4.9,27,88.17
2020,7,31,7,30,155,83,5,27.1,87.65
2020,7,31,7,45,271,366,5.1000000000000005,27.3,84.06
2020,7,31,8,0,326,405,5.1000000000000005,27.5,83.08
2020,7,31,8,15,260,103,5.2,27.700000000000003,82.12
2020,7,31,8,30,305,123,5.2,27.8,81.64
2020,7,31,8,45,487,489,5.2,28,78.84
2020,7,31,9,0,501,386,5.300000000000001,28.200000000000003,77.93
2020,7,31,9,15,642,724,5.300000000000001,28.3,77.48
2020,7,31,9,30,691,743,5.300000000000001,28.5,76.51
2020,7,31,9,45,426,89,5.300000000000001,28.6,74.87
2020,7,31,10,0,780,773,5.2,28.700000000000003,74.44
2020,7,31,10,15,820,785,5.2,28.8,74.01
2020,7,31,10,30,856,795,5.2,28.900000000000002,73.59
2020,7,31,10,45,890,810,5.2,29,72.33
2020,7,31,11,0,918,818,5.2,29.1,71.91
2020,7,31,11,15,942,824,5.1000000000000005,29.200000000000003,71.5
2020,7,31,11,30,962,828,5.1000000000000005,29.200000000000003,71.5
2020,7,31,11,45,977,827,5.1000000000000005,29.3,70.87
2020,7,31,12,0,988,830,5.1000000000000005,29.3,70.87
2020,7,31,12,15,995,831,5,29.3,70.87
2020,7,31,12,30,998,832,5,29.3,70.87
2020,7,31,12,45,995,829,5,29.400000000000002,70.24
2020,7,31,13,0,988,828,4.9,29.400000000000002,70.17
2020,7,31,13,15,977,825,4.9,29.400000000000002,70.17
2020,7,31,13,30,962,821,4.9,29.3,70.57000000000001
2020,7,31,13,45,943,822,4.9,29.3,70.47
2020,7,31,14,0,919,816,4.800000000000001,29.3,70.47
2020,7,31,14,15,890,808,4.800000000000001,29.3,70.47
2020,7,31,14,30,858,800,4.800000000000001,29.200000000000003,70.87
2020,7,31,14,45,822,792,4.7,29.200000000000003,70.95
2020,7,31,15,0,783,780,4.7,29.1,71.36
2020,7,31,15,15,740,766,4.7,29,71.77
2020,7,31,15,30,619,494,4.6000000000000005,29,71.77
2020,7,31,15,45,519,326,4.6000000000000005,28.900000000000002,72.35000000000001
2020,7,31,16,0,375,128,4.5,28.8,72.76
2020,7,31,16,15,418,277,4.5,28.700000000000003,73.19
2020,7,31,16,30,486,663,4.4,28.6,73.61
2020,7,31,16,45,430,634,4.4,28.400000000000002,74.8
2020,7,31,17,0,372,596,4.3,28.3,75.24
2020,7,31,17,15,314,551,4.2,28.1,76.11
2020,7,31,17,30,257,497,4,27.900000000000002,77.08
2020,7,31,17,45,201,437,3.9000000000000004,27.700000000000003,79.79
2020,7,31,18,0,146,357,3.8000000000000003,27.5,80.72
2020,7,31,18,15,96,259,3.7,27.400000000000002,81.19
2020,7,31,18,30,44,110,3.7,27.200000000000003,82.14
2020,7,31,18,45,15,0,3.6,27.1,84.47
2020,7,31,19,0,0,0,3.5,26.900000000000002,85.47
2020,7,31,19,15,0,0,3.5,26.900000000000002,85.47
2020,7,31,19,30,0,0,3.5,26.900000000000002,85.47
2020,7,31,19,45,0,0,3.5,26.900000000000002,85.47
2020,7,31,20,0,0,0,3.6,26.8,86.8
2020,7,31,20,15,0,0,3.6,26.700000000000003,87.31
2020,7,31,20,30,0,0,3.6,26.700000000000003,87.31
2020,7,31,20,45,0,0,3.7,26.6,88.27
2020,7,31,21,0,0,0,3.7,26.6,88.36
2020,7,31,21,15,0,0,3.7,26.5,88.88
2020,7,31,21,30,0,0,3.7,26.5,88.88
2020,7,31,21,45,0,0,3.7,26.5,89.49
2020,7,31,22,0,0,0,3.7,26.400000000000002,90.02
2020,7,31,22,15,0,0,3.7,26.400000000000002,90.02
2020,7,31,22,30,0,0,3.7,26.3,90.55
2020,7,31,22,45,0,0,3.7,26.3,91.16
2020,7,31,23,0,0,0,3.7,26.3,91.06
2020,7,31,23,15,0,0,3.7,26.200000000000003,91.60000000000001
2020,7,31,23,30,0,0,3.6,26.200000000000003,91.60000000000001
2020,7,31,23,45,0,0,3.6,26.1,92.38
2020,8,1,0,0,0,0,3.6,26.1,92.38
2020,8,1,0,15,0,0,3.6,26.1,92.38
2020,8,1,0,30,0,0,3.6,26,92.83
2020,8,1,0,45,0,0,3.6,26,92.72
2020,8,1,1,0,0,0,3.6,26,92.72
2020,8,1,1,15,0,0,3.6,26,92.72
2020,8,1,1,30,0,0,3.5,26,92.72
2020,8,1,1,45,0,0,3.5,26,92.44
2020,8,1,2,0,0,0,3.5,26,92.44
2020,8,1,2,15,0,0,3.5,26,92.44
2020,8,1,2,30,0,0,3.5,26,92.44
2020,8,1,2,45,0,0,3.5,26,92.17
2020,8,1,3,0,0,0,3.5,26,92.17
2020,8,1,3,15,0,0,3.5,26,92.17
2020,8,1,3,30,0,0,3.5,25.900000000000002,92.71000000000001
2020,8,1,3,45,0,0,3.4000000000000004,25.900000000000002,92.33
2020,8,1,4,0,0,0,3.4000000000000004,25.900000000000002,92.33
2020,8,1,4,15,0,0,3.4000000000000004,25.900000000000002,92.33
2020,8,1,4,30,0,0,3.4000000000000004,25.900000000000002,92.33
2020,8,1,4,45,0,0,3.4000000000000004,25.900000000000002,91.64
2020,8,1,5,0,0,0,3.4000000000000004,25.900000000000002,91.64
2020,8,1,5,15,0,0,3.4000000000000004,26,91.10000000000001
2020,8,1,5,30,0,0,3.4000000000000004,26.1,90.57000000000001
2020,8,1,5,45,0,0,3.4000000000000004,26.1,90.68
2020,8,1,6,0,0,0,3.4000000000000004,26.200000000000003,90.15
2020,8,1,6,15,20,95,3.5,26.400000000000002,89.18
2020,8,1,6,30,56,252,3.5,26.6,88.14
2020,8,1,6,45,103,383,3.6,26.700000000000003,87.06
2020,8,1,7,0,155,479,3.6,26.900000000000002,86.04
2020,8,1,7,15,211,553,3.6,27.1,85.04
2020,8,1,7,30,269,612,3.7,27.200000000000003,84.55
2020,8,1,7,45,328,660,3.7,27.400000000000002,81.41
2020,8,1,8,0,386,698,3.7,27.6,80.46000000000001
2020,8,1,8,15,444,730,3.7,27.700000000000003,80
2020,8,1,8,30,297,111,3.7,27.900000000000002,79.07000000000001
2020,8,1,8,45,556,781,3.8000000000000003,28,77.73
2020,8,1,9,0,610,801,3.8000000000000003,28.200000000000003,76.84
2020,8,1,9,15,177,4,3.8000000000000003,28.3,76.39
2020,8,1,9,30,396,85,3.8000000000000003,28.400000000000002,75.95
2020,8,1,9,45,755,843,3.8000000000000003,28.6,74.92
2020,8,1,10,0,617,305,3.8000000000000003,28.700000000000003,74.49
2020,8,1,10,15,571,186,3.8000000000000003,28.700000000000003,74.49
2020,8,1,10,30,872,870,3.9000000000000004,28.8,74.06
2020,8,1,10,45,901,864,3.9000000000000004,28.8,74.91
2020,8,1,11,0,929,871,3.9000000000000004,28.900000000000002,74.48
2020,8,1,11,15,952,875,4,28.900000000000002,74.4
2020,8,1,11,30,972,879,4,28.900000000000002,74.4
2020,8,1,11,45,532,68,4,29,75.33
2020,8,1,12,0,620,121,4,29,75.33
2020,8,1,12,15,597,100,4.1000000000000005,29,75.33
2020,8,1,12,30,1007,885,4.1000000000000005,29,75.33
2020,8,1,12,45,755,258,4.1000000000000005,29,76.22
2020,8,1,13,0,733,236,4.1000000000000005,29,76.22
2020,8,1,13,15,666,168,4.1000000000000005,29,76.14
2020,8,1,13,30,697,216,4.1000000000000005,29,76.14
2020,8,1,13,45,656,184,4.1000000000000005,29,76.54
2020,8,1,14,0,690,250,4.1000000000000005,29,76.54
2020,8,1,14,15,720,327,4.1000000000000005,28.900000000000002,76.98
2020,8,1,14,30,546,130,4.1000000000000005,28.900000000000002,76.98
2020,8,1,14,45,436,63,4,28.900000000000002,77.2
2020,8,1,15,0,567,221,4,28.8,77.64
2020,8,1,15,15,519,194,4,28.8,77.64
2020,8,1,15,30,424,113,3.9000000000000004,28.700000000000003,78.09
2020,8,1,15,45,527,344,3.9000000000000004,28.6,78.72
2020,8,1,16,0,478,324,3.8000000000000003,28.6,78.72
2020,8,1,16,15,452,369,3.8000000000000003,28.5,79.18
2020,8,1,16,30,395,330,3.7,28.3,80.10000000000001
2020,8,1,16,45,188,21,3.6,28.200000000000003,81
2020,8,1,17,0,168,21,3.5,28.1,81.47
2020,8,1,17,15,259,311,3.4000000000000004,28,81.95
2020,8,1,17,30,213,298,3.3000000000000003,27.8,82.9
2020,8,1,17,45,137,129,3.2,27.700000000000003,84.51
2020,8,1,18,0,105,130,3.1,27.5,85.59
2020,8,1,18,15,58,36,3.1,27.400000000000002,86.09
2020,8,1,18,30,37,52,3,27.3,86.59
2020,8,1,18,45,14,0,3,27.1,88.08
2020,8,1,19,0,0,0,3,27,88.59
2020,8,1,19,15,0,0,3,27,88.59
2020,8,1,19,30,0,0,3,27,88.59
2020,8,1,19,45,0,0,3,27,88.59
2020,8,1,20,0,0,0,3,26.8,89.64
2020,8,1,20,15,0,0,3,26.700000000000003,90.17
2020,8,1,20,30,0,0,3,26.700000000000003,90.17
2020,8,1,20,45,0,0,3,26.6,90.58
2020,8,1,21,0,0,0,3,26.6,90.58
2020,8,1,21,15,0,0,3,26.5,91.11
2020,8,1,21,30,0,0,3,26.5,91.11
2020,8,1,21,45,0,0,3,26.400000000000002,91.19
2020,8,1,22,0,0,0,3,26.400000000000002,91.19
2020,8,1,22,15,0,0,3,26.3,91.73
2020,8,1,22,30,0,0,3,26.3,91.73
2020,8,1,22,45,0,0,2.9000000000000004,26.200000000000003,91.54
2020,8,1,23,0,0,0,2.9000000000000004,26.200000000000003,91.54
2020,8,1,23,15,0,0,2.9000000000000004,26.1,91.99
2020,8,1,23,30,0,0,2.8000000000000003,26.1,91.99
2020,8,1,23,45,0,0,2.8000000000000003,26.1,90.71000000000001
2020,8,2,0,0,0,0,2.8000000000000003,26,91.24
2020,8,2,0,15,0,0,2.7,26,91.24
2020,8,2,0,30,0,0,2.7,26,91.24
2020,8,2,0,45,0,0,2.7,26,90.2
2020,8,2,1,0,0,0,2.6,26,90.2
2020,8,2,1,15,0,0,2.6,26,90.2
2020,8,2,1,30,0,0,2.6,25.900000000000002,90.64
2020,8,2,1,45,0,0,2.6,25.900000000000002,89.83
2020,8,2,2,0,0,0,2.6,25.900000000000002,89.83
2020,8,2,2,15,0,0,2.5,25.900000000000002,89.83
2020,8,2,2,30,0,0,2.5,25.900000000000002,89.83
2020,8,2,2,45,0,0,2.5,25.8,89.71000000000001
2020,8,2,3,0,0,0,2.5,25.8,89.71000000000001
2020,8,2,3,15,0,0,2.4000000000000004,25.8,89.71000000000001
2020,8,2,3,30,0,0,2.4000000000000004,25.8,89.71000000000001
2020,8,2,3,45,0,0,2.4000000000000004,25.8,88.84
2020,8,2,4,0,0,0,2.4000000000000004,25.8,88.84
2020,8,2,4,15,0,0,2.4000000000000004,25.8,88.84
2020,8,2,4,30,0,0,2.4000000000000004,25.8,88.84
2020,8,2,4,45,0,0,2.4000000000000004,25.700000000000003,88.88
2020,8,2,5,0,0,0,2.4000000000000004,25.700000000000003,88.88
2020,8,2,5,15,0,0,2.4000000000000004,25.8,88.36
2020,8,2,5,30,0,0,2.4000000000000004,25.900000000000002,87.84
2020,8,2,5,45,0,0,2.4000000000000004,26,88.35000000000001
2020,8,2,6,0,0,0,2.4000000000000004,26.1,87.83
2020,8,2,6,15,17,30,2.5,26.3,86.8
2020,8,2,6,30,50,144,2.5,26.6,85.29
2020,8,2,6,45,95,272,2.6,26.8,84.09
2020,8,2,7,0,147,372,2.7,27,83.11
2020,8,2,7,15,202,453,2.7,27.1,82.63
2020,8,2,7,30,259,519,2.7,27.3,81.67
2020,8,2,7,45,317,578,2.8000000000000003,27.5,79.67
2020,8,2,8,0,376,622,2.8000000000000003,27.6,79.21000000000001
2020,8,2,8,15,434,660,2.8000000000000003,27.8,78.29
2020,8,2,8,30,490,690,2.9000000000000004,27.900000000000002,77.84
2020,8,2,8,45,547,723,2.9000000000000004,28.1,77.03
2020,8,2,9,0,601,746,2.9000000000000004,28.200000000000003,76.58
2020,8,2,9,15,652,765,3,28.400000000000002,75.7
2020,8,2,9,30,700,781,3,28.5,75.26
2020,8,2,9,45,574,288,3,28.700000000000003,74.53
2020,8,2,10,0,610,292,3.1,28.8,74.10000000000001
2020,8,2,10,15,829,823,3.1,28.900000000000002,73.67
2020,8,2,10,30,866,833,3.2,29,73.25
2020,8,2,10,45,898,842,3.2,29.1,73.23
2020,8,2,11,0,711,282,3.3000000000000003,29.200000000000003,72.81
2020,8,2,11,15,713,257,3.3000000000000003,29.3,72.4
2020,8,2,11,30,756,297,3.3000000000000003,29.3,72.4
2020,8,2,11,45,735,250,3.3000000000000003,29.400000000000002,72.53
2020,8,2,12,0,709,207,3.3000000000000003,29.400000000000002,72.53
2020,8,2,12,15,662,152,3.3000000000000003,29.400000000000002,72.53
2020,8,2,12,30,1004,863,3.3000000000000003,29.400000000000002,72.53
2020,8,2,12,45,1002,864,3.3000000000000003,29.5,72.4
2020,8,2,13,0,607,110,3.3000000000000003,29.5,72.4
2020,8,2,13,15,983,859,3.3000000000000003,29.5,72.4
2020,8,2,13,30,968,855,3.3000000000000003,29.400000000000002,72.82000000000001
2020,8,2,13,45,950,861,3.3000000000000003,29.400000000000002,72.96000000000001
2020,8,2,14,0,925,854,3.3000000000000003,29.400000000000002,72.96000000000001
2020,8,2,14,15,897,848,3.3000000000000003,29.400000000000002,72.96000000000001
2020,8,2,14,30,865,840,3.3000000000000003,29.3,73.38
2020,8,2,14,45,829,832,3.3000000000000003,29.3,73.46000000000001
2020,8,2,15,0,788,820,3.3000000000000003,29.200000000000003,73.88
2020,8,2,15,15,745,808,3.3000000000000003,29.1,74.31
2020,8,2,15,30,699,794,3.3000000000000003,29.1,74.31
2020,8,2,15,45,502,289,3.4000000000000004,29,75.08
2020,8,2,16,0,406,176,3.4000000000000004,28.900000000000002,75.51
2020,8,2,16,15,281,56,3.4000000000000004,28.8,75.95
2020,8,2,16,30,355,226,3.4000000000000004,28.700000000000003,76.39
2020,8,2,16,45,433,683,3.4000000000000004,28.6,77.29
2020,8,2,17,0,376,648,3.4000000000000004,28.400000000000002,78.19
2020,8,2,17,15,318,606,3.3000000000000003,28.3,78.64
2020,8,2,17,30,259,555,3.3000000000000003,28.1,79.56
2020,8,2,17,45,203,496,3.2,27.900000000000002,81.75
2020,8,2,18,0,148,418,3.2,27.700000000000003,82.71000000000001
2020,8,2,18,15,47,0,3.2,27.5,83.68
2020,8,2,18,30,52,195,3.2,27.400000000000002,84.25
2020,8,2,18,45,11,0,3.2,27.3,86.03
2020,8,2,19,0,0,0,3.2,27.1,87.04
2020,8,2,19,15,0,0,3.2,27.1,87.04
2020,8,2,19,30,0,0,3.2,27.1,87.04
2020,8,2,19,45,0,0,3.2,27.1,87.04
2020,8,2,20,0,0,0,3.2,27,88.33
2020,8,2,20,15,0,0,3.2,26.900000000000002,88.94
2020,8,2,20,30,0,0,3.2,26.900000000000002,88.94
2020,8,2,20,45,0,0,3.2,26.900000000000002,89.28
2020,8,2,21,0,0,0,3.1,26.8,89.8
2020,8,2,21,15,0,0,3.1,26.8,89.8
2020,8,2,21,30,0,0,3.1,26.8,89.8
2020,8,2,21,45,0,0,3.1,26.8,89.67
2020,8,2,22,0,0,0,3,26.700000000000003,90.19
2020,8,2,22,15,0,0,3,26.700000000000003,90.19
2020,8,2,22,30,0,0,3,26.6,90.72
2020,8,2,22,45,0,0,2.9000000000000004,26.6,90.53
2020,8,2,23,0,0,0,2.9000000000000004,26.6,90.53
2020,8,2,23,15,0,0,2.8000000000000003,26.5,91.06
2020,8,2,23,30,0,0,2.8000000000000003,26.5,91.06
2020,8,2,23,45,0,0,2.8000000000000003,26.5,90.73
2020,8,3,0,0,0,0,2.7,26.5,90.73
2020,8,3,0,15,0,0,2.7,26.400000000000002,91.27
2020,8,3,0,30,0,0,2.7,26.400000000000002,91.27
2020,8,3,0,45,0,0,2.7,26.400000000000002,90.72
2020,8,3,1,0,0,0,2.7,26.400000000000002,90.72
2020,8,3,1,15,0,0,2.7,26.3,91.26
2020,8,3,1,30,0,0,2.7,26.3,91.26
2020,8,3,1,45,0,0,2.7,26.3,90.83
2020,8,3,2,0,0,0,2.7,26.3,90.83
2020,8,3,2,15,0,0,2.7,26.3,90.83
2020,8,3,2,30,0,0,2.7,26.200000000000003,91.37
2020,8,3,2,45,0,0,2.7,26.200000000000003,91.05
2020,8,3,3,0,0,0,2.7,26.200000000000003,91.05
2020,8,3,3,15,0,0,2.7,26.200000000000003,91.05
2020,8,3,3,30,0,0,2.7,26.200000000000003,91.05
2020,8,3,3,45,0,0,2.7,26.200000000000003,90.8
2020,8,3,4,0,0,0,2.7,26.200000000000003,90.8
2020,8,3,4,15,0,0,2.8000000000000003,26.200000000000003,90.8
2020,8,3,4,30,0,0,2.8000000000000003,26.200000000000003,90.8
2020,8,3,4,45,0,0,2.8000000000000003,26.1,91.17
2020,8,3,5,0,0,0,2.9000000000000004,26.1,91.17
2020,8,3,5,15,0,0,2.9000000000000004,26.200000000000003,90.72
2020,8,3,5,30,0,0,3,26.3,90.19
2020,8,3,5,45,0,0,3.1,26.400000000000002,90.37
2020,8,3,6,0,0,0,3.1,26.400000000000002,90.37
2020,8,3,6,15,18,56,3.2,26.6,89.31
2020,8,3,6,30,51,193,3.3000000000000003,26.700000000000003,88.79
2020,8,3,6,45,95,309,3.5,26.900000000000002,88.41
2020,8,3,7,0,146,408,3.6,27.1,87.38
2020,8,3,7,15,201,486,3.7,27.200000000000003,86.96000000000001
2020,8,3,7,30,258,549,3.8000000000000003,27.3,86.46000000000001
2020,8,3,7,45,314,585,3.8000000000000003,27.5,84.69
2020,8,3,8,0,372,628,3.9000000000000004,27.6,84.2
2020,8,3,8,15,429,664,4,27.700000000000003,83.71000000000001
2020,8,3,8,30,486,694,4.1000000000000005,27.8,83.23
2020,8,3,8,45,539,706,4.1000000000000005,28,81.53
2020,8,3,9,0,592,729,4.2,28.1,81.06
2020,8,3,9,15,643,749,4.2,28.200000000000003,80.59
2020,8,3,9,30,256,15,4.2,28.3,80.12
2020,8,3,9,45,735,768,4.3,28.400000000000002,79.5
2020,8,3,10,0,777,780,4.3,28.5,79.04
2020,8,3,10,15,816,792,4.3,28.6,78.58
2020,8,3,10,30,852,801,4.3,28.700000000000003,78.13
2020,8,3,10,45,886,815,4.3,28.8,77.57000000000001
2020,8,3,11,0,914,822,4.4,28.8,77.57000000000001
2020,8,3,11,15,938,827,4.4,28.900000000000002,77.12
2020,8,3,11,30,958,832,4.4,28.900000000000002,77.12
2020,8,3,11,45,488,49,4.4,29,76.62
2020,8,3,12,0,983,829,4.3,29.1,76.18
2020,8,3,12,15,989,831,4.3,29.1,76.18
2020,8,3,12,30,992,831,4.3,29.1,76.18
2020,8,3,12,45,541,68,4.3,29.1,76.18
2020,8,3,13,0,981,822,4.2,29.200000000000003,75.74
2020,8,3,13,15,970,820,4.2,29.200000000000003,75.74
2020,8,3,13,30,955,817,4.1000000000000005,29.200000000000003,75.74
2020,8,3,13,45,939,827,4.1000000000000005,29.200000000000003,75.59
2020,8,3,14,0,915,822,4.1000000000000005,29.200000000000003,75.59
2020,8,3,14,15,886,815,4,29.1,75.95
2020,8,3,14,30,854,806,4,29.1,75.95
2020,8,3,14,45,588,209,3.9000000000000004,29.1,75.75
2020,8,3,15,0,527,166,3.9000000000000004,29.1,75.75
2020,8,3,15,15,735,767,3.8000000000000003,29.1,75.75
2020,8,3,15,30,689,751,3.8000000000000003,29,76.19
2020,8,3,15,45,639,729,3.7,29,75.91
2020,8,3,16,0,589,709,3.7,29,75.91
2020,8,3,16,15,535,685,3.6,28.900000000000002,76.35000000000001
2020,8,3,16,30,480,657,3.6,28.8,76.79
2020,8,3,16,45,423,621,3.5,28.700000000000003,77.26
2020,8,3,17,0,366,582,3.5,28.6,77.71000000000001
2020,8,3,17,15,308,536,3.4000000000000004,28.400000000000002,78.61
2020,8,3,17,30,250,482,3.3000000000000003,28.200000000000003,79.53
2020,8,3,17,45,195,416,3.1,28,81.44
2020,8,3,18,0,141,335,3,27.8,82.39
2020,8,3,18,15,91,237,3,27.6,83.44
2020,8,3,18,30,47,123,3,27.400000000000002,84.42
2020,8,3,18,45,16,25,2.9000000000000004,27.3,85.8
2020,8,3,19,0,0,0,2.9000000000000004,27.1,86.81
2020,8,3,19,15,0,0,2.9000000000000004,27.1,86.81
2020,8,3,19,30,0,0,2.9000000000000004,27.1,86.81
2020,8,3,19,45,0,0,2.9000000000000004,27.1,86.81
2020,8,3,20,0,0,0,3,26.8,89.16
2020,8,3,20,15,0,0,3,26.8,89.16
2020,8,3,20,30,0,0,3,26.700000000000003,89.68
2020,8,3,20,45,0,0,3.1,26.700000000000003,90.53
2020,8,3,21,0,0,0,3.1,26.6,91.06
2020,8,3,21,15,0,0,3.2,26.6,91.06
2020,8,3,21,30,0,0,3.2,26.6,91.06
2020,8,3,21,45,0,0,3.2,26.6,91.62
2020,8,3,22,0,0,0,3.3000000000000003,26.6,91.62
2020,8,3,22,15,0,0,3.3000000000000003,26.5,92.16
2020,8,3,22,30,0,0,3.3000000000000003,26.5,92.16
2020,8,3,22,45,0,0,3.4000000000000004,26.5,92.17
2020,8,3,23,0,0,0,3.4000000000000004,26.5,92.17
2020,8,3,23,15,0,0,3.4000000000000004,26.5,92.17
2020,8,3,23,30,0,0,3.4000000000000004,26.5,92.17
2020,8,3,23,45,0,0,3.4000000000000004,26.400000000000002,92.42
2020,8,4,0,0,0,0,3.4000000000000004,26.400000000000002,92.33
2020,8,4,0,15,0,0,3.3000000000000003,26.400000000000002,92.33
2020,8,4,0,30,0,0,3.3000000000000003,26.400000000000002,92.33
2020,8,4,0,45,0,0,3.3000000000000003,26.400000000000002,91.82000000000001
2020,8,4,1,0,0,0,3.3000000000000003,26.3,92.36
2020,8,4,1,15,0,0,3.3000000000000003,26.3,92.36
2020,8,4,1,30,0,0,3.3000000000000003,26.3,92.36
2020,8,4,1,45,0,0,3.3000000000000003,26.3,91.8
2020,8,4,2,0,0,0,3.3000000000000003,26.3,91.71000000000001
2020,8,4,2,15,0,0,3.3000000000000003,26.3,91.71000000000001
2020,8,4,2,30,0,0,3.4000000000000004,26.200000000000003,92.25
2020,8,4,2,45,0,0,3.4000000000000004,26.200000000000003,91.7
2020,8,4,3,0,0,0,3.4000000000000004,26.200000000000003,91.7
2020,8,4,3,15,0,0,3.5,26.200000000000003,91.7
2020,8,4,3,30,0,0,3.5,26.200000000000003,91.7
2020,8,4,3,45,0,0,3.5,26.200000000000003,91.21000000000001
2020,8,4,4,0,0,0,3.6,26.200000000000003,91.21000000000001
2020,8,4,4,15,0,0,3.6,26.3,90.67
2020,8,4,4,30,0,0,3.6,26.3,90.67
2020,8,4,4,45,0,0,3.7,26.3,90.58
2020,8,4,5,0,0,0,3.7,26.3,90.58
2020,8,4,5,15,0,0,3.7,26.3,90.58
2020,8,4,5,30,0,0,3.8000000000000003,26.400000000000002,90.05
2020,8,4,5,45,0,0,3.8000000000000003,26.5,90.05
2020,8,4,6,0,0,0,3.8000000000000003,26.5,90.05
2020,8,4,6,15,15,14,3.9000000000000004,26.700000000000003,89
2020,8,4,6,30,47,103,3.9000000000000004,26.900000000000002,88.05
2020,8,4,6,45,90,202,4,27,87.36
2020,8,4,7,0,140,300,4.1000000000000005,27.200000000000003,86.34
2020,8,4,7,15,194,383,4.1000000000000005,27.400000000000002,85.34
2020,8,4,7,30,251,451,4.2,27.6,84.35000000000001
2020,8,4,7,45,307,495,4.2,27.700000000000003,82.58
2020,8,4,8,0,366,544,4.3,27.900000000000002,81.62
2020,8,4,8,15,423,585,4.3,28,81.15
2020,8,4,8,30,481,620,4.3,28.200000000000003,80.22
2020,8,4,8,45,534,639,4.3,28.400000000000002,78.97
2020,8,4,9,0,588,665,4.3,28.5,78.51
2020,8,4,9,15,640,688,4.3,28.6,78.06
2020,8,4,9,30,690,708,4.3,28.8,77.16
2020,8,4,9,45,734,715,4.2,28.900000000000002,76.71000000000001
2020,8,4,10,0,777,730,4.2,29,76.27
2020,8,4,10,15,817,743,4.2,29.1,75.83
2020,8,4,10,30,854,755,4.2,29.200000000000003,75.4
2020,8,4,10,45,893,792,4.2,29.3,75.25
2020,8,4,11,0,920,798,4.2,29.400000000000002,74.82000000000001
2020,8,4,11,15,417,32,4.2,29.5,74.39
2020,8,4,11,30,965,810,4.2,29.6,73.96000000000001
2020,8,4,11,45,978,804,4.1000000000000005,29.6,74.56
2020,8,4,12,0,988,805,4.1000000000000005,29.700000000000003,74.14
2020,8,4,12,15,754,257,4.1000000000000005,29.700000000000003,74.14
2020,8,4,12,30,997,808,4.1000000000000005,29.8,73.64
2020,8,4,12,45,991,792,4.1000000000000005,29.8,74.09
2020,8,4,13,0,983,789,4.1000000000000005,29.900000000000002,73.67
2020,8,4,13,15,971,786,4.1000000000000005,29.8,74.09
2020,8,4,13,30,955,782,4,29.8,74.09
2020,8,4,13,45,931,766,4,29.8,74.47
2020,8,4,14,0,774,409,4,29.700000000000003,74.9
2020,8,4,14,15,878,750,4,29.6,75.33
2020,8,4,14,30,844,739,4,29.6,75.33
2020,8,4,14,45,624,264,4,29.5,76.03
2020,8,4,15,0,764,697,3.9000000000000004,29.400000000000002,76.47
2020,8,4,15,15,569,279,3.9000000000000004,29.3,76.91
2020,8,4,15,30,469,171,3.9000000000000004,29.200000000000003,77.35000000000001
2020,8,4,15,45,622,626,3.9000000000000004,29,79.10000000000001
2020,8,4,16,0,570,600,3.9000000000000004,28.900000000000002,79.56
2020,8,4,16,15,517,572,3.8000000000000003,28.8,80.02
2020,8,4,16,30,462,539,3.8000000000000003,28.700000000000003,80.48
2020,8,4,16,45,404,485,3.8000000000000003,28.5,82.73
2020,8,4,17,0,347,440,3.7,28.400000000000002,83.21000000000001
2020,8,4,17,15,290,390,3.6,28.200000000000003,84.18
2020,8,4,17,30,234,331,3.6,28.1,84.67
2020,8,4,17,45,178,243,3.5,27.900000000000002,86.86
2020,8,4,18,0,126,169,3.4000000000000004,27.8,87.36
2020,8,4,18,15,79,92,3.4000000000000004,27.700000000000003,87.87
2020,8,4,18,30,38,27,3.4000000000000004,27.5,88.9
2020,8,4,18,45,7,0,3.4000000000000004,27.400000000000002,90.28
2020,8,4,19,0,0,0,3.3000000000000003,27.3,90.9
2020,8,4,19,15,0,0,3.3000000000000003,27.3,90.9
2020,8,4,19,30,0,0,3.3000000000000003,27.3,90.9
2020,8,4,19,45,0,0,3.3000000000000003,27.3,90.9
2020,8,4,20,0,0,0,3.3000000000000003,27,92.59
2020,8,4,20,15,0,0,3.3000000000000003,27,92.59
2020,8,4,20,30,0,0,3.3000000000000003,26.900000000000002,93.14
2020,8,4,20,45,0,0,3.3000000000000003,26.900000000000002,92.79
2020,8,4,21,0,0,0,3.3000000000000003,26.8,93.33
2020,8,4,21,15,0,0,3.3000000000000003,26.8,93.33
2020,8,4,21,30,0,0,3.3000000000000003,26.8,93.33
2020,8,4,21,45,0,0,3.3000000000000003,26.700000000000003,93.24
2020,8,4,22,0,0,0,3.3000000000000003,26.700000000000003,93.24
2020,8,4,22,15,0,0,3.3000000000000003,26.6,93.78
2020,8,4,22,30,0,0,3.3000000000000003,26.6,93.78
2020,8,4,22,45,0,0,3.3000000000000003,26.5,93.37
2020,8,4,23,0,0,0,3.3000000000000003,26.5,93.37
2020,8,4,23,15,0,0,3.3000000000000003,26.400000000000002,93.92
2020,8,4,23,30,0,0,3.3000000000000003,26.400000000000002,93.92
2020,8,4,23,45,0,0,3.4000000000000004,26.3,92.89
2020,8,5,0,0,0,0,3.4000000000000004,26.3,92.89
2020,8,5,0,15,0,0,3.4000000000000004,26.3,92.89
2020,8,5,0,30,0,0,3.4000000000000004,26.200000000000003,93.44
2020,8,5,0,45,0,0,3.4000000000000004,26.200000000000003,91.92
2020,8,5,1,0,0,0,3.4000000000000004,26.1,92.46000000000001
2020,8,5,1,15,0,0,3.4000000000000004,26.1,92.46000000000001
2020,8,5,1,30,0,0,3.5,26.1,92.46000000000001
2020,8,5,1,45,0,0,3.5,26,91.31
2020,8,5,2,0,0,0,3.5,26,91.31
2020,8,5,2,15,0,0,3.5,26,91.31
2020,8,5,2,30,0,0,3.6,26,91.31
2020,8,5,2,45,0,0,3.6,25.900000000000002,89.96000000000001
2020,8,5,3,0,0,0,3.6,25.900000000000002,89.96000000000001
2020,8,5,3,15,0,0,3.6,25.900000000000002,89.96000000000001
2020,8,5,3,30,0,0,3.6,25.900000000000002,89.96000000000001
2020,8,5,3,45,0,0,3.6,25.900000000000002,88.26
2020,8,5,4,0,0,0,3.7,25.900000000000002,88.26
2020,8,5,4,15,0,0,3.7,25.8,88.78
2020,8,5,4,30,0,0,3.7,25.8,88.78
2020,8,5,4,45,0,0,3.7,25.8,87.4
2020,8,5,5,0,0,0,3.7,25.8,87.4
2020,8,5,5,15,0,0,3.7,25.900000000000002,86.89
2020,8,5,5,30,0,0,3.7,25.900000000000002,86.89
2020,8,5,5,45,0,0,3.7,26,86.02
2020,8,5,6,0,0,0,3.7,26.1,85.52
2020,8,5,6,15,6,0,3.8000000000000003,26.200000000000003,85.02
2020,8,5,6,30,34,16,3.9000000000000004,26.400000000000002,84.02
2020,8,5,6,45,75,68,4,26.6,82.58
2020,8,5,7,0,123,135,4.1000000000000005,26.8,81.62
2020,8,5,7,15,119,70,4.1000000000000005,27,80.67
2020,8,5,7,30,203,262,4.2,27.200000000000003,79.73
2020,8,5,7,45,285,330,4.2,27.400000000000002,76.79
2020,8,5,8,0,341,381,4.3,27.6,75.91
2020,8,5,8,15,398,426,4.3,27.8,75.03
2020,8,5,8,30,453,464,4.3,28,74.16
2020,8,5,8,45,508,503,4.4,28.1,72.64
2020,8,5,9,0,561,533,4.4,28.3,71.8
2020,8,5,9,15,612,560,4.4,28.5,70.98
2020,8,5,9,30,660,583,4.5,28.6,70.57000000000001
2020,8,5,9,45,707,607,4.5,28.8,69.16
2020,8,5,10,0,750,624,4.5,28.900000000000002,68.76
2020,8,5,10,15,790,640,4.5,29,68.37
2020,8,5,10,30,826,653,4.5,29.1,67.98
2020,8,5,10,45,888,781,4.5,29.200000000000003,67.76
2020,8,5,11,0,917,789,4.6000000000000005,29.3,67.38
2020,8,5,11,15,942,796,4.5,29.400000000000002,66.99
2020,8,5,11,30,962,801,4.5,29.400000000000002,66.92
2020,8,5,11,45,972,784,4.5,29.5,66.87
2020,8,5,12,0,983,787,4.5,29.5,66.87
2020,8,5,12,15,990,788,4.4,29.6,66.49
2020,8,5,12,30,526,60,4.4,29.6,66.49
2020,8,5,12,45,986,772,4.3,29.6,66.64
2020,8,5,13,0,979,770,4.3,29.6,66.64
2020,8,5,13,15,967,767,4.2,29.700000000000003,66.25
2020,8,5,13,30,950,761,4.1000000000000005,29.700000000000003,66.19
2020,8,5,13,45,927,745,4.1000000000000005,29.700000000000003,66.06
2020,8,5,14,0,902,738,4,29.700000000000003,66.06
2020,8,5,14,15,874,729,4,29.6,66.44
2020,8,5,14,30,841,719,3.9000000000000004,29.6,66.44
2020,8,5,14,45,807,719,3.9000000000000004,29.5,66.55
2020,8,5,15,0,654,389,3.8000000000000003,29.5,66.55
2020,8,5,15,15,570,282,3.8000000000000003,29.400000000000002,66.93
2020,8,5,15,30,492,206,3.7,29.3,67.32000000000001
2020,8,5,15,45,453,200,3.7,29.200000000000003,67.92
2020,8,5,16,0,579,640,3.6,29.200000000000003,67.86
2020,8,5,16,15,427,307,3.6,29,68.64
2020,8,5,16,30,469,580,3.6,28.900000000000002,69.04
2020,8,5,16,45,414,552,3.5,28.700000000000003,70.14
2020,8,5,17,0,356,509,3.5,28.6,70.55
2020,8,5,17,15,298,459,3.4000000000000004,28.400000000000002,71.44
2020,8,5,17,30,241,400,3.3000000000000003,28.200000000000003,72.27
2020,8,5,17,45,186,339,3.3000000000000003,28,74.53
2020,8,5,18,0,133,257,3.2,27.8,75.4
2020,8,5,18,15,84,161,3.2,27.6,76.28
2020,8,5,18,30,42,64,3.2,27.5,76.73
2020,8,5,18,45,12,5,3.2,27.3,79.32000000000001
2020,8,5,19,0,0,0,3.2,27.1,80.25
2020,8,5,19,15,0,0,3.2,27.1,80.25
2020,8,5,19,30,0,0,3.2,27.1,80.25
2020,8,5,19,45,0,0,3.2,27.1,80.25
2020,8,5,20,0,0,0,3.3000000000000003,26.900000000000002,82.35000000000001
2020,8,5,20,15,0,0,3.4000000000000004,26.8,82.84
2020,8,5,20,30,0,0,3.4000000000000004,26.8,82.84
2020,8,5,20,45,0,0,3.4000000000000004,26.700000000000003,84.18
2020,8,5,21,0,0,0,3.5,26.700000000000003,84.18
2020,8,5,21,15,0,0,3.5,26.6,84.67
2020,8,5,21,30,0,0,3.5,26.6,84.67
2020,8,5,21,45,0,0,3.6,26.6,85.27
2020,8,5,22,0,0,0,3.6,26.5,85.78
2020,8,5,22,15,0,0,3.6,26.5,85.78
2020,8,5,22,30,0,0,3.6,26.400000000000002,86.28
2020,8,5,22,45,0,0,3.6,26.3,87.35000000000001
2020,8,5,23,0,0,0,3.6,26.3,87.35000000000001
2020,8,5,23,15,0,0,3.6,26.200000000000003,87.77
2020,8,5,23,30,0,0,3.6,26.200000000000003,87.77
2020,8,5,23,45,0,0,3.5,26.1,88.58
2020,8,6,0,0,0,0,3.5,26.1,88.58
2020,8,6,0,15,0,0,3.5,26,89.10000000000001
2020,8,6,0,30,0,0,3.5,25.900000000000002,89.63
2020,8,6,0,45,0,0,3.5,25.900000000000002,89.25
2020,8,6,1,0,0,0,3.5,25.8,89.78
2020,8,6,1,15,0,0,3.5,25.8,89.78
2020,8,6,1,30,0,0,3.5,25.700000000000003,90.31
2020,8,6,1,45,0,0,3.5,25.700000000000003,89.73
2020,8,6,2,0,0,0,3.5,25.6,90.26
2020,8,6,2,15,0,0,3.5,25.6,90.26
2020,8,6,2,30,0,0,3.5,25.6,90.26
2020,8,6,2,45,0,0,3.5,25.5,90.17
2020,8,6,3,0,0,0,3.5,25.5,90.17
2020,8,6,3,15,0,0,3.5,25.5,90.17
2020,8,6,3,30,0,0,3.5,25.5,90.17
2020,8,6,3,45,0,0,3.5,25.5,89.62
2020,8,6,4,0,0,0,3.5,25.5,89.62
2020,8,6,4,15,0,0,3.5,25.5,89.62
2020,8,6,4,30,0,0,3.5,25.5,89.62
2020,8,6,4,45,0,0,3.4000000000000004,25.5,88.84
2020,8,6,5,0,0,0,3.4000000000000004,25.5,88.84
2020,8,6,5,15,0,0,3.5,25.5,88.84
2020,8,6,5,30,0,0,3.5,25.6,88.31
2020,8,6,5,45,0,0,3.5,25.700000000000003,88.11
2020,8,6,6,0,0,0,3.5,25.8,87.68
2020,8,6,6,15,17,59,3.6,26.1,86.15
2020,8,6,6,30,51,207,3.7,26.3,85.14
2020,8,6,6,45,97,354,3.8000000000000003,26.5,83.62
2020,8,6,7,0,150,455,3.9000000000000004,26.700000000000003,82.64
2020,8,6,7,15,206,533,3.9000000000000004,26.900000000000002,81.68
2020,8,6,7,30,264,595,3.9000000000000004,27.1,80.73
2020,8,6,7,45,324,653,3.9000000000000004,27.3,78.31
2020,8,6,8,0,383,693,4,27.5,77.4
2020,8,6,8,15,442,726,4,27.6,76.95
2020,8,6,8,30,501,756,4,27.8,76.06
2020,8,6,8,45,557,783,4.1000000000000005,28,73.78
2020,8,6,9,0,612,803,4.1000000000000005,28.200000000000003,72.93
2020,8,6,9,15,413,138,4.1000000000000005,28.3,72.51
2020,8,6,9,30,714,837,4.1000000000000005,28.5,71.68
2020,8,6,9,45,761,849,4.1000000000000005,28.6,70.31
2020,8,6,10,0,804,860,4.1000000000000005,28.8,69.5
2020,8,6,10,15,846,872,4.2,28.900000000000002,69.10000000000001
2020,8,6,10,30,882,880,4.2,29,68.7
2020,8,6,10,45,917,890,4.2,29.1,68.11
2020,8,6,11,0,946,896,4.2,29.200000000000003,67.72
2020,8,6,11,15,970,901,4.2,29.3,67.26
2020,8,6,11,30,992,906,4.2,29.400000000000002,66.88
2020,8,6,11,45,1008,910,4.2,29.5,66.24
2020,8,6,12,0,1021,914,4.2,29.5,66.24
2020,8,6,12,15,1028,915,4.2,29.6,65.86
2020,8,6,12,30,1030,916,4.2,29.6,65.86
2020,8,6,12,45,1029,915,4.1000000000000005,29.700000000000003,65.26
2020,8,6,13,0,1022,914,4.1000000000000005,29.700000000000003,65.26
2020,8,6,13,15,1010,912,4.1000000000000005,29.700000000000003,65.26
2020,8,6,13,30,994,909,4.1000000000000005,29.700000000000003,65.19
2020,8,6,13,45,973,902,4.1000000000000005,29.700000000000003,65.12
2020,8,6,14,0,948,897,4.1000000000000005,29.700000000000003,65.12
2020,8,6,14,15,919,890,4,29.6,65.49
2020,8,6,14,30,886,883,4,29.5,65.87
2020,8,6,14,45,846,869,4,29.5,65.93
2020,8,6,15,0,806,858,4,29.400000000000002,66.31
2020,8,6,15,15,762,847,4,29.3,66.7
2020,8,6,15,30,715,833,4,29.3,66.7
2020,8,6,15,45,663,811,4,29.200000000000003,67.26
2020,8,6,16,0,610,791,3.9000000000000004,29.1,67.65
2020,8,6,16,15,555,770,3.9000000000000004,28.900000000000002,68.43
2020,8,6,16,30,498,745,3.9000000000000004,28.8,68.83
2020,8,6,16,45,440,711,3.9000000000000004,28.700000000000003,69.61
2020,8,6,17,0,380,676,3.8000000000000003,28.6,70.01
2020,8,6,17,15,321,634,3.8000000000000003,28.3,71.31
2020,8,6,17,30,261,581,3.7,28.1,72.14
2020,8,6,17,45,203,517,3.6,27.900000000000002,74.4
2020,8,6,18,0,146,436,3.5,27.700000000000003,75.27
2020,8,6,18,15,94,332,3.5,27.6,75.71000000000001
2020,8,6,18,30,35,63,3.5,27.400000000000002,76.60000000000001
2020,8,6,18,45,7,0,3.4000000000000004,27.3,78.95
2020,8,6,19,0,0,0,3.4000000000000004,27.1,79.88
2020,8,6,19,15,0,0,3.4000000000000004,27.1,79.88
2020,8,6,19,30,0,0,3.4000000000000004,27.1,79.88
2020,8,6,19,45,0,0,3.4000000000000004,27.1,79.88
2020,8,6,20,0,0,0,3.4000000000000004,26.900000000000002,81.84
2020,8,6,20,15,0,0,3.4000000000000004,26.8,82.32000000000001
2020,8,6,20,30,0,0,3.4000000000000004,26.700000000000003,82.8
2020,8,6,20,45,0,0,3.4000000000000004,26.6,83.54
2020,8,6,21,0,0,0,3.4000000000000004,26.6,83.54
2020,8,6,21,15,0,0,3.4000000000000004,26.5,84.04
2020,8,6,21,30,0,0,3.4000000000000004,26.5,84.04
2020,8,6,21,45,0,0,3.4000000000000004,26.400000000000002,84.38
2020,8,6,22,0,0,0,3.4000000000000004,26.400000000000002,84.38
2020,8,6,22,15,0,0,3.4000000000000004,26.400000000000002,84.38
2020,8,6,22,30,0,0,3.4000000000000004,26.400000000000002,84.38
2020,8,6,22,45,0,0,3.4000000000000004,26.400000000000002,84.19
2020,8,6,23,0,0,0,3.4000000000000004,26.3,84.69
2020,8,6,23,15,0,0,3.4000000000000004,26.3,84.69
2020,8,6,23,30,0,0,3.4000000000000004,26.3,84.69
2020,8,6,23,45,0,0,3.4000000000000004,26.3,84.56
2020,8,7,0,0,0,0,3.3000000000000003,26.3,84.56
2020,8,7,0,15,0,0,3.3000000000000003,26.200000000000003,85.06
2020,8,7,0,30,0,0,3.3000000000000003,26.200000000000003,85.06
2020,8,7,0,45,0,0,3.3000000000000003,26.200000000000003,84.93
2020,8,7,1,0,0,0,3.3000000000000003,26.200000000000003,84.93
2020,8,7,1,15,0,0,3.4000000000000004,26.200000000000003,84.93
2020,8,7,1,30,0,0,3.4000000000000004,26.1,85.43
2020,8,7,1,45,0,0,3.4000000000000004,26.1,85.26
2020,8,7,2,0,0,0,3.4000000000000004,26.1,85.26
2020,8,7,2,15,0,0,3.4000000000000004,26.1,85.26
2020,8,7,2,30,0,0,3.4000000000000004,26.1,85.26
2020,8,7,2,45,0,0,3.4000000000000004,26.1,85.37
2020,8,7,3,0,0,0,3.4000000000000004,26.1,85.37
2020,8,7,3,15,0,0,3.5,26.1,85.37
2020,8,7,3,30,0,0,3.5,26.1,85.37
2020,8,7,3,45,0,0,3.5,26.1,85.82000000000001
2020,8,7,4,0,0,0,3.5,26.1,85.82000000000001
2020,8,7,4,15,0,0,3.5,26.1,85.82000000000001
2020,8,7,4,30,0,0,3.6,26.1,85.82000000000001
2020,8,7,4,45,0,0,3.6,26.1,86.46000000000001
2020,8,7,5,0,0,0,3.6,26.1,86.46000000000001
2020,8,7,5,15,0,0,3.6,26.1,86.46000000000001
2020,8,7,5,30,0,0,3.6,26.200000000000003,86.04
2020,8,7,5,45,0,0,3.7,26.3,87
2020,8,7,6,0,0,0,3.7,26.400000000000002,86.49
2020,8,7,6,15,17,61,3.8000000000000003,26.6,85.48
2020,8,7,6,30,50,209,3.9000000000000004,26.8,84.49
2020,8,7,6,45,94,333,4,27,83.63
2020,8,7,7,0,146,434,4.1000000000000005,27.200000000000003,82.65
2020,8,7,7,15,201,512,4.2,27.400000000000002,81.7
2020,8,7,7,30,259,575,4.3,27.5,81.22
2020,8,7,7,45,316,615,4.3,27.700000000000003,78.45
2020,8,7,8,0,374,657,4.4,27.900000000000002,77.54
2020,8,7,8,15,432,692,4.4,28,77.09
2020,8,7,8,30,489,721,4.5,28.200000000000003,76.28
2020,8,7,8,45,543,735,4.5,28.3,75.06
2020,8,7,9,0,597,757,4.5,28.5,74.2
2020,8,7,9,15,648,776,4.5,28.6,73.77
2020,8,7,9,30,697,792,4.5,28.700000000000003,73.35000000000001
2020,8,7,9,45,741,799,4.5,28.8,72.81
2020,8,7,10,0,784,812,4.5,29,71.97
2020,8,7,10,15,824,823,4.5,29,71.97
2020,8,7,10,30,860,832,4.5,29.1,71.56
2020,8,7,10,45,639,211,4.5,29.1,71.98
2020,8,7,11,0,583,128,4.5,29.200000000000003,71.49
2020,8,7,11,15,530,78,4.5,29.200000000000003,71.49
2020,8,7,11,30,664,178,4.5,29.200000000000003,71.49
2020,8,7,11,45,244,12,4.5,29.200000000000003,72.36
2020,8,7,12,0,777,296,4.5,29.200000000000003,72.36
2020,8,7,12,15,729,225,4.5,29.1,72.78
2020,8,7,12,30,746,243,4.4,29.1,72.78
2020,8,7,12,45,435,31,4.4,29.1,73.91
2020,8,7,13,0,603,108,4.3,29,74.34
2020,8,7,13,15,974,840,4.3,29,74.34
2020,8,7,13,30,958,836,4.3,29,74.34
2020,8,7,13,45,370,23,4.2,28.900000000000002,75.98
2020,8,7,14,0,458,50,4.2,28.900000000000002,75.98
2020,8,7,14,15,387,30,4.2,28.900000000000002,75.98
2020,8,7,14,30,854,818,4.1000000000000005,28.8,76.42
2020,8,7,14,45,817,803,4.1000000000000005,28.8,77.48
2020,8,7,15,0,777,792,4.1000000000000005,28.8,77.4
2020,8,7,15,15,734,779,4.1000000000000005,28.700000000000003,77.85000000000001
2020,8,7,15,30,505,231,4.1000000000000005,28.700000000000003,77.85000000000001
2020,8,7,15,45,475,241,4.1000000000000005,28.6,79.32000000000001
2020,8,7,16,0,405,180,4.1000000000000005,28.5,79.78
2020,8,7,16,15,427,313,4.1000000000000005,28.400000000000002,80.24
2020,8,7,16,30,306,132,4,28.3,80.71000000000001
2020,8,7,16,45,272,134,4,28.200000000000003,82.44
2020,8,7,17,0,207,74,4,28.1,82.92
2020,8,7,17,15,138,15,3.9000000000000004,28,83.4
2020,8,7,17,30,81,0,3.9000000000000004,27.900000000000002,83.97
2020,8,7,17,45,139,160,3.8000000000000003,27.700000000000003,86.47
2020,8,7,18,0,93,95,3.8000000000000003,27.6,86.97
2020,8,7,18,15,54,32,3.8000000000000003,27.5,87.48
2020,8,7,18,30,29,10,3.8000000000000003,27.400000000000002,87.99
2020,8,7,18,45,8,0,3.7,27.3,89.96000000000001
2020,8,7,19,0,0,0,3.7,27.200000000000003,90.48
2020,8,7,19,15,0,0,3.7,27.200000000000003,90.48
2020,8,7,19,30,0,0,3.7,27.200000000000003,90.48
2020,8,7,19,45,0,0,3.7,27.200000000000003,90.48
2020,8,7,20,0,0,0,3.8000000000000003,27.1,92.11
2020,8,7,20,15,0,0,3.9000000000000004,27,92.65
2020,8,7,20,30,0,0,3.9000000000000004,27,92.65
2020,8,7,20,45,0,0,4,27,93.15
2020,8,7,21,0,0,0,4,27,93.15
2020,8,7,21,15,0,0,4,26.900000000000002,93.69
2020,8,7,21,30,0,0,4,26.900000000000002,93.69
2020,8,7,21,45,0,0,4,26.900000000000002,93.84
2020,8,7,22,0,0,0,4.1000000000000005,26.900000000000002,93.84
2020,8,7,22,15,0,0,4.1000000000000005,26.900000000000002,93.84
2020,8,7,22,30,0,0,4.1000000000000005,26.900000000000002,93.84
2020,8,7,22,45,0,0,4.1000000000000005,26.8,94.19
2020,8,7,23,0,0,0,4.1000000000000005,26.8,94.19
2020,8,7,23,15,0,0,4.1000000000000005,26.8,94.19
2020,8,7,23,30,0,0,4.1000000000000005,26.8,94.19
2020,8,7,23,45,0,0,4.1000000000000005,26.8,93.44
2020,8,8,0,0,0,0,4.1000000000000005,26.8,93.44
2020,8,8,0,15,0,0,4.1000000000000005,26.8,93.34
2020,8,8,0,30,0,0,4.1000000000000005,26.8,93.34
2020,8,8,0,45,0,0,4.1000000000000005,26.700000000000003,93.18
2020,8,8,1,0,0,0,4.1000000000000005,26.700000000000003,93.18
2020,8,8,1,15,0,0,4.2,26.700000000000003,93.18
2020,8,8,1,30,0,0,4.2,26.700000000000003,93.18
2020,8,8,1,45,0,0,4.2,26.700000000000003,91.94
2020,8,8,2,0,0,0,4.3,26.700000000000003,91.94
2020,8,8,2,15,0,0,4.2,26.700000000000003,91.94
2020,8,8,2,30,0,0,4.2,26.700000000000003,91.94
2020,8,8,2,45,0,0,4.2,26.6,91.69
2020,8,8,3,0,0,0,4.2,26.6,91.69
2020,8,8,3,15,0,0,4.2,26.6,91.69
2020,8,8,3,30,0,0,4.2,26.6,91.69
2020,8,8,3,45,0,0,4.2,26.5,91.28
2020,8,8,4,0,0,0,4.2,26.5,91.28
2020,8,8,4,15,0,0,4.2,26.5,91.28
2020,8,8,4,30,0,0,4.2,26.5,91.28
2020,8,8,4,45,0,0,4.3,26.400000000000002,90.72
2020,8,8,5,0,0,0,4.3,26.400000000000002,90.81
2020,8,8,5,15,0,0,4.3,26.5,90.28
2020,8,8,5,30,0,0,4.3,26.5,90.28
2020,8,8,5,45,0,0,4.4,26.6,89.46000000000001
2020,8,8,6,0,0,0,4.4,26.6,89.46000000000001
2020,8,8,6,15,6,0,4.5,26.700000000000003,88.94
2020,8,8,6,30,34,18,4.6000000000000005,26.900000000000002,87.9
2020,8,8,6,45,76,83,4.7,27,86.62
2020,8,8,7,0,124,158,4.800000000000001,27.200000000000003,85.61
2020,8,8,7,15,176,232,4.9,27.400000000000002,84.62
2020,8,8,7,30,230,299,5,27.6,83.64
2020,8,8,7,45,291,377,5.1000000000000005,27.700000000000003,81.59
2020,8,8,8,0,348,429,5.1000000000000005,27.900000000000002,80.73
2020,8,8,8,15,405,473,5.2,28.1,79.8
2020,8,8,8,30,461,512,5.2,28.3,78.88
2020,8,8,8,45,519,562,5.2,28.400000000000002,78.05
2020,8,8,9,0,573,591,5.300000000000001,28.6,77.15
2020,8,8,9,15,624,616,5.300000000000001,28.8,76.27
2020,8,8,9,30,672,637,5.300000000000001,28.900000000000002,75.83
2020,8,8,9,45,721,670,5.300000000000001,29.1,75.01
2020,8,8,10,0,764,687,5.300000000000001,29.200000000000003,74.58
2020,8,8,10,15,804,701,5.300000000000001,29.3,74.08
2020,8,8,10,30,840,713,5.300000000000001,29.400000000000002,73.65
2020,8,8,10,45,870,710,5.4,29.5,73.45
2020,8,8,11,0,898,719,5.4,29.6,73.03
2020,8,8,11,15,923,726,5.300000000000001,29.6,73.03
2020,8,8,11,30,943,732,5.300000000000001,29.700000000000003,72.61
2020,8,8,11,45,960,743,5.300000000000001,29.700000000000003,72.91
2020,8,8,12,0,971,746,5.300000000000001,29.8,72.5
2020,8,8,12,15,978,748,5.300000000000001,29.8,72.5
2020,8,8,12,30,980,748,5.2,29.8,72.5
2020,8,8,12,45,979,754,5.2,29.8,72.42
2020,8,8,13,0,971,751,5.1000000000000005,29.8,72.42
2020,8,8,13,15,959,748,5.1000000000000005,29.8,72.42
2020,8,8,13,30,943,743,5,29.8,72.42
2020,8,8,13,45,924,742,5,29.700000000000003,72.72
2020,8,8,14,0,900,735,5,29.700000000000003,72.72
2020,8,8,14,15,871,726,4.9,29.6,73.13
2020,8,8,14,30,838,715,4.9,29.6,73.13
2020,8,8,14,45,803,710,4.800000000000001,29.5,73.42
2020,8,8,15,0,763,696,4.800000000000001,29.5,73.35000000000001
2020,8,8,15,15,719,680,4.7,29.400000000000002,73.77
2020,8,8,15,30,673,661,4.7,29.3,74.2
2020,8,8,15,45,625,647,4.7,29.200000000000003,74.64
2020,8,8,16,0,573,622,4.6000000000000005,29.1,75.07000000000001
2020,8,8,16,15,519,594,4.6000000000000005,29,75.5
2020,8,8,16,30,463,562,4.6000000000000005,28.900000000000002,75.94
2020,8,8,16,45,408,532,4.5,28.8,76.41
2020,8,8,17,0,350,489,4.5,28.700000000000003,76.86
2020,8,8,17,15,293,438,4.4,28.5,77.83
2020,8,8,17,30,235,377,4.3,28.3,78.73
2020,8,8,17,45,181,319,4.2,28.1,80.57000000000001
2020,8,8,18,0,128,236,4.1000000000000005,28,81.04
2020,8,8,18,15,79,141,4.1000000000000005,27.8,81.99
2020,8,8,18,30,38,50,4,27.700000000000003,82.47
2020,8,8,18,45,9,2,4,27.5,85.31
2020,8,8,19,0,0,0,3.9000000000000004,27.400000000000002,85.89
2020,8,8,19,15,0,0,3.9000000000000004,27.400000000000002,85.89
2020,8,8,19,30,0,0,3.9000000000000004,27.400000000000002,85.89
2020,8,8,19,45,0,0,3.9000000000000004,27.400000000000002,85.89
2020,8,8,20,0,0,0,4,27.1,88.48
2020,8,8,20,15,0,0,4,27.1,88.48
2020,8,8,20,30,0,0,4.1000000000000005,27,89.08
2020,8,8,20,45,0,0,4.1000000000000005,27,89.44
2020,8,8,21,0,0,0,4.1000000000000005,27,89.44
2020,8,8,21,15,0,0,4.1000000000000005,26.900000000000002,89.96000000000001
2020,8,8,21,30,0,0,4.1000000000000005,26.900000000000002,89.96000000000001
2020,8,8,21,45,0,0,4.1000000000000005,26.8,90.45
2020,8,8,22,0,0,0,4.1000000000000005,26.8,90.45
2020,8,8,22,15,0,0,4.1000000000000005,26.700000000000003,90.98
2020,8,8,22,30,0,0,4.1000000000000005,26.700000000000003,90.98
2020,8,8,22,45,0,0,4.1000000000000005,26.700000000000003,90.43
2020,8,8,23,0,0,0,4,26.6,90.97
2020,8,8,23,15,0,0,4,26.6,90.97
2020,8,8,23,30,0,0,4,26.5,91.41
2020,8,8,23,45,0,0,4,26.5,90.06
2020,8,9,0,0,0,0,4,26.5,90.06
2020,8,9,0,15,0,0,4,26.400000000000002,90.59
2020,8,9,0,30,0,0,4,26.400000000000002,90.59
2020,8,9,0,45,0,0,4,26.400000000000002,88.5
2020,8,9,1,0,0,0,4,26.400000000000002,88.42
2020,8,9,1,15,0,0,4,26.3,88.94
2020,8,9,1,30,0,0,4,26.3,88.94
2020,8,9,1,45,0,0,3.9000000000000004,26.3,87.26
2020,8,9,2,0,0,0,3.9000000000000004,26.3,87.26
2020,8,9,2,15,0,0,3.9000000000000004,26.200000000000003,87.78
2020,8,9,2,30,0,0,3.9000000000000004,26.200000000000003,87.78
2020,8,9,2,45,0,0,3.8000000000000003,26.200000000000003,86.77
2020,8,9,3,0,0,0,3.8000000000000003,26.1,87.28
2020,8,9,3,15,0,0,3.8000000000000003,26.1,87.28
2020,8,9,3,30,0,0,3.8000000000000003,26.1,87.28
2020,8,9,3,45,0,0,3.8000000000000003,26,86.52
2020,8,9,4,0,0,0,3.7,26,86.52
2020,8,9,4,15,0,0,3.7,26,86.52
2020,8,9,4,30,0,0,3.7,26,86.52
2020,8,9,4,45,0,0,3.7,26,86.01
2020,8,9,5,0,0,0,3.7,26,86.01
2020,8,9,5,15,0,0,3.8000000000000003,26.1,85.5
2020,8,9,5,30,0,0,3.8000000000000003,26.1,85.5
2020,8,9,5,45,0,0,3.8000000000000003,26.200000000000003,85.61
2020,8,9,6,0,0,0,3.8000000000000003,26.3,85.11
2020,8,9,6,15,15,26,3.9000000000000004,26.5,84.12
2020,8,9,6,30,47,149,4,26.700000000000003,83.14
2020,8,9,6,45,93,294,4.1000000000000005,26.900000000000002,82.31
2020,8,9,7,0,145,399,4.2,27.1,81.35000000000001
2020,8,9,7,15,200,481,4.3,27.3,80.4
2020,8,9,7,30,258,547,4.3,27.400000000000002,79.94
2020,8,9,7,45,318,607,4.4,27.6,79.02
2020,8,9,8,0,377,651,4.4,27.8,78.10000000000001
2020,8,9,8,15,436,687,4.4,28,77.2
2020,8,9,8,30,493,717,4.4,28.1,76.76
2020,8,9,8,45,550,744,4.4,28.3,76.24
2020,8,9,9,0,604,765,4.5,28.5,75.37
2020,8,9,9,15,656,785,4.5,28.700000000000003,74.5
2020,8,9,9,30,705,801,4.5,28.8,74.07000000000001
2020,8,9,9,45,751,814,4.5,29,73.31
2020,8,9,10,0,794,826,4.4,29.1,72.89
2020,8,9,10,15,835,837,4.4,29.200000000000003,72.48
2020,8,9,10,30,870,845,4.4,29.3,72.06
2020,8,9,10,45,899,841,4.4,29.400000000000002,71.75
2020,8,9,11,0,928,848,4.4,29.5,71.34
2020,8,9,11,15,952,853,4.3,29.6,70.93
2020,8,9,11,30,973,858,4.3,29.6,70.93
2020,8,9,11,45,989,863,4.3,29.700000000000003,70.65
2020,8,9,12,0,999,864,4.2,29.8,70.25
2020,8,9,12,15,1005,866,4.2,29.8,70.25
2020,8,9,12,30,1007,866,4.2,29.8,70.18
2020,8,9,12,45,1006,868,4.1000000000000005,29.900000000000002,69.79
2020,8,9,13,0,999,867,4.1000000000000005,29.900000000000002,69.79
2020,8,9,13,15,987,864,4.1000000000000005,29.900000000000002,69.79
2020,8,9,13,30,971,861,4.1000000000000005,29.8,70.19
2020,8,9,13,45,957,882,4,29.8,70.17
2020,8,9,14,0,932,877,4,29.8,70.10000000000001
2020,8,9,14,15,903,871,4,29.700000000000003,70.51
2020,8,9,14,30,869,862,4,29.6,70.91
2020,8,9,14,45,833,854,4,29.5,71.58
2020,8,9,15,0,792,844,4,29.5,71.58
2020,8,9,15,15,749,832,4,29.3,72.41
2020,8,9,15,30,702,818,4,29.200000000000003,72.82000000000001
2020,8,9,15,45,652,803,4,29.1,73.58
2020,8,9,16,0,600,785,4,29,74.01
2020,8,9,16,15,545,763,4,28.8,74.87
2020,8,9,16,30,489,738,4,28.6,75.74
2020,8,9,16,45,432,711,4,28.5,76.58
2020,8,9,17,0,373,676,4,28.3,77.48
2020,8,9,17,15,313,633,4,28.200000000000003,77.93
2020,8,9,17,30,254,582,4,28,78.84
2020,8,9,17,45,197,526,3.9000000000000004,27.8,80.43
2020,8,9,18,0,141,445,3.9000000000000004,27.6,81.37
2020,8,9,18,15,90,340,3.9000000000000004,27.5,81.85000000000001
2020,8,9,18,30,45,203,3.9000000000000004,27.400000000000002,82.41
2020,8,9,18,45,14,53,3.9000000000000004,27.3,83.7
2020,8,9,19,0,0,0,3.9000000000000004,27.200000000000003,84.19
2020,8,9,19,15,0,0,3.9000000000000004,27.200000000000003,84.19
2020,8,9,19,30,0,0,3.9000000000000004,27.200000000000003,84.19
2020,8,9,19,45,0,0,3.9000000000000004,27.200000000000003,84.19
2020,8,9,20,0,0,0,4,26.900000000000002,86.14
2020,8,9,20,15,0,0,4,26.8,86.65
2020,8,9,20,30,0,0,4,26.8,86.74
2020,8,9,20,45,0,0,4,26.700000000000003,87.51
2020,8,9,21,0,0,0,4,26.6,88.02
2020,8,9,21,15,0,0,4,26.6,88.02
2020,8,9,21,30,0,0,4,26.5,88.54
2020,8,9,21,45,0,0,3.9000000000000004,26.5,88.19
2020,8,9,22,0,0,0,3.9000000000000004,26.5,88.19
2020,8,9,22,15,0,0,3.9000000000000004,26.400000000000002,88.71000000000001
2020,8,9,22,30,0,0,3.9000000000000004,26.400000000000002,88.71000000000001
2020,8,9,22,45,0,0,3.8000000000000003,26.3,88.71000000000001
2020,8,9,23,0,0,0,3.8000000000000003,26.3,88.71000000000001
2020,8,9,23,15,0,0,3.8000000000000003,26.3,88.71000000000001
2020,8,9,23,30,0,0,3.7,26.3,88.62
2020,8,9,23,45,0,0,3.7,26.200000000000003,88.59
2020,8,10,0,0,0,0,3.6,26.200000000000003,88.59
2020,8,10,0,15,0,0,3.6,26.200000000000003,88.59
2020,8,10,0,30,0,0,3.5,26.1,89.11
2020,8,10,0,45,0,0,3.5,26.1,88.71000000000001
2020,8,10,1,0,0,0,3.5,26.1,88.71000000000001
2020,8,10,1,15,0,0,3.5,26.1,88.62
2020,8,10,1,30,0,0,3.4000000000000004,26,89.15
2020,8,10,1,45,0,0,3.4000000000000004,26,88.94
2020,8,10,2,0,0,0,3.4000000000000004,26,88.94
2020,8,10,2,15,0,0,3.4000000000000004,26,88.94
2020,8,10,2,30,0,0,3.4000000000000004,26,88.94
2020,8,10,2,45,0,0,3.4000000000000004,25.900000000000002,89.32000000000001
2020,8,10,3,0,0,0,3.4000000000000004,25.900000000000002,89.32000000000001
2020,8,10,3,15,0,0,3.4000000000000004,25.900000000000002,89.32000000000001
2020,8,10,3,30,0,0,3.4000000000000004,25.900000000000002,89.32000000000001
2020,8,10,3,45,0,0,3.4000000000000004,25.900000000000002,89.32000000000001
2020,8,10,4,0,0,0,3.4000000000000004,25.900000000000002,89.32000000000001
2020,8,10,4,15,0,0,3.4000000000000004,25.8,89.85000000000001
2020,8,10,4,30,0,0,3.4000000000000004,25.8,89.85000000000001
2020,8,10,4,45,0,0,3.4000000000000004,25.8,89.69
2020,8,10,5,0,0,0,3.4000000000000004,25.8,89.69
2020,8,10,5,15,0,0,3.4000000000000004,25.900000000000002,89.16
2020,8,10,5,30,0,0,3.5,25.900000000000002,89.16
2020,8,10,5,45,0,0,3.5,26,89.24
2020,8,10,6,0,0,0,3.5,26.1,88.71000000000001
2020,8,10,6,15,16,72,3.6,26.3,87.68
2020,8,10,6,30,50,235,3.6,26.400000000000002,87.16
2020,8,10,6,45,96,374,3.7,26.6,86.10000000000001
2020,8,10,7,0,149,475,3.8000000000000003,26.8,85.18
2020,8,10,7,15,206,553,3.8000000000000003,26.900000000000002,84.68
2020,8,10,7,30,265,614,3.9000000000000004,27.1,83.7
2020,8,10,7,45,324,660,3.9000000000000004,27.3,80.94
2020,8,10,8,0,384,700,4,27.400000000000002,80.47
2020,8,10,8,15,443,734,4,27.6,79.54
2020,8,10,8,30,500,760,4,27.8,78.62
2020,8,10,8,45,556,781,4,28,76.61
2020,8,10,9,0,610,802,4,28.200000000000003,75.73
2020,8,10,9,15,662,819,4,28.400000000000002,74.86
2020,8,10,9,30,712,835,4,28.5,74.43
2020,8,10,9,45,759,847,4,28.700000000000003,72.78
2020,8,10,10,0,230,10,4,28.8,72.37
2020,8,10,10,15,346,27,4.1000000000000005,28.900000000000002,71.95
2020,8,10,10,30,564,149,4.1000000000000005,29,71.54
2020,8,10,10,45,910,879,4.1000000000000005,29.200000000000003,70.76
2020,8,10,11,0,939,885,4.2,29.3,70.35000000000001
2020,8,10,11,15,963,890,4.2,29.3,70.35000000000001
2020,8,10,11,30,984,894,4.2,29.400000000000002,69.88
2020,8,10,11,45,542,73,4.3,29.5,69.79
2020,8,10,12,0,466,40,4.3,29.6,69.39
2020,8,10,12,15,1018,901,4.3,29.6,69.39
2020,8,10,12,30,1020,901,4.3,29.6,69.39
2020,8,10,12,45,1018,901,4.4,29.6,69.57000000000001
2020,8,10,13,0,1010,900,4.4,29.700000000000003,69.17
2020,8,10,13,15,641,145,4.4,29.6,69.5
2020,8,10,13,30,982,894,4.4,29.6,69.5
2020,8,10,13,45,959,880,4.4,29.6,69.83
2020,8,10,14,0,934,875,4.4,29.6,69.83
2020,8,10,14,15,690,287,4.4,29.5,70.23
2020,8,10,14,30,719,406,4.4,29.400000000000002,70.64
2020,8,10,14,45,344,27,4.4,29.400000000000002,71.07000000000001
2020,8,10,15,0,495,133,4.5,29.3,71.41
2020,8,10,15,15,619,393,4.4,29.200000000000003,71.82000000000001
2020,8,10,15,30,443,140,4.4,29.1,72.24
2020,8,10,15,45,429,166,4.4,29,73.12
2020,8,10,16,0,451,276,4.4,28.900000000000002,73.54
2020,8,10,16,15,425,316,4.4,28.700000000000003,74.4
2020,8,10,16,30,395,354,4.4,28.6,74.83
2020,8,10,16,45,266,127,4.3,28.400000000000002,75.8
2020,8,10,17,0,138,2,4.3,28.3,76.24
2020,8,10,17,15,122,2,4.2,28.1,77.13
2020,8,10,17,30,44,0,4.2,27.8,78.48
2020,8,10,17,45,114,70,4.1000000000000005,27.6,80.09
2020,8,10,18,0,77,37,4,27.400000000000002,81.03
2020,8,10,18,15,58,75,3.9000000000000004,27.3,81.59
2020,8,10,18,30,35,98,3.9000000000000004,27.1,82.54
2020,8,10,18,45,8,0,3.8000000000000003,27,84.32000000000001
2020,8,10,19,0,0,0,3.7,26.8,85.31
2020,8,10,19,15,0,0,3.7,26.8,85.31
2020,8,10,19,30,0,0,3.7,26.8,85.31
2020,8,10,19,45,0,0,3.7,26.8,85.31
2020,8,10,20,0,0,0,3.7,26.5,87.3
2020,8,10,20,15,0,0,3.7,26.5,87.3
2020,8,10,20,30,0,0,3.7,26.5,87.3
2020,8,10,20,45,0,0,3.7,26.400000000000002,87.68
2020,8,10,21,0,0,0,3.7,26.400000000000002,87.76
2020,8,10,21,15,0,0,3.7,26.400000000000002,87.76
2020,8,10,21,30,0,0,3.7,26.3,88.28
2020,8,10,21,45,0,0,3.7,26.3,88.07000000000001
2020,8,10,22,0,0,0,3.7,26.3,88.07000000000001
2020,8,10,22,15,0,0,3.7,26.3,88.07000000000001
2020,8,10,22,30,0,0,3.7,26.200000000000003,88.59
2020,8,10,22,45,0,0,3.7,26.200000000000003,88.42
2020,8,10,23,0,0,0,3.6,26.200000000000003,88.33
2020,8,10,23,15,0,0,3.6,26.200000000000003,88.33
2020,8,10,23,30,0,0,3.6,26.1,88.86
2020,8,10,23,45,0,0,3.6,26.1,88.43
2020,8,11,0,0,0,0,3.6,26.1,88.43
2020,8,11,0,15,0,0,3.6,26.1,88.43
2020,8,11,0,30,0,0,3.5,26,88.95
2020,8,11,0,45,0,0,3.5,26,88.46000000000001
2020,8,11,1,0,0,0,3.5,26,88.46000000000001
2020,8,11,1,15,0,0,3.5,26,88.46000000000001
2020,8,11,1,30,0,0,3.5,25.900000000000002,88.98
2020,8,11,1,45,0,0,3.5,25.900000000000002,88.78
2020,8,11,2,0,0,0,3.4000000000000004,25.900000000000002,88.78
2020,8,11,2,15,0,0,3.4000000000000004,25.900000000000002,88.78
2020,8,11,2,30,0,0,3.4000000000000004,25.8,89.31
2020,8,11,2,45,0,0,3.4000000000000004,25.8,88.8
2020,8,11,3,0,0,0,3.5,25.8,88.8
2020,8,11,3,15,0,0,3.4000000000000004,25.8,88.8
2020,8,11,3,30,0,0,3.4000000000000004,25.8,88.8
2020,8,11,3,45,0,0,3.4000000000000004,25.8,88.45
2020,8,11,4,0,0,0,3.4000000000000004,25.700000000000003,88.97
2020,8,11,4,15,0,0,3.4000000000000004,25.700000000000003,88.97
2020,8,11,4,30,0,0,3.4000000000000004,25.700000000000003,88.97
2020,8,11,4,45,0,0,3.4000000000000004,25.700000000000003,88.73
2020,8,11,5,0,0,0,3.4000000000000004,25.700000000000003,88.73
2020,8,11,5,15,0,0,3.4000000000000004,25.8,88.21000000000001
2020,8,11,5,30,0,0,3.4000000000000004,25.900000000000002,87.69
2020,8,11,5,45,0,0,3.5,25.900000000000002,88.05
2020,8,11,6,0,0,0,3.5,26,87.54
2020,8,11,6,15,16,97,3.5,26.200000000000003,86.51
2020,8,11,6,30,51,268,3.6,26.3,86
2020,8,11,6,45,98,407,3.7,26.5,84.61
2020,8,11,7,0,152,506,3.7,26.700000000000003,83.62
2020,8,11,7,15,209,582,3.8000000000000003,26.8,83.13
2020,8,11,7,30,267,639,3.8000000000000003,27,82.16
2020,8,11,7,45,327,686,3.8000000000000003,27.200000000000003,80.44
2020,8,11,8,0,387,724,3.8000000000000003,27.3,79.97
2020,8,11,8,15,446,756,3.8000000000000003,27.5,79.04
2020,8,11,8,30,504,783,3.9000000000000004,27.700000000000003,78.21000000000001
2020,8,11,8,45,224,20,3.9000000000000004,27.900000000000002,76.88
2020,8,11,9,0,428,218,3.9000000000000004,28.1,76
2020,8,11,9,15,668,843,3.9000000000000004,28.200000000000003,75.56
2020,8,11,9,30,718,857,3.9000000000000004,28.400000000000002,74.69
2020,8,11,9,45,763,868,4,28.5,73.81
2020,8,11,10,0,807,878,4,28.700000000000003,72.96000000000001
2020,8,11,10,15,847,888,4,28.8,72.54
2020,8,11,10,30,884,896,4,28.900000000000002,72.12
2020,8,11,10,45,912,885,4,29,71.73
2020,8,11,11,0,597,141,4.1000000000000005,29.1,71.32000000000001
2020,8,11,11,15,636,163,4.1000000000000005,29.1,71.32000000000001
2020,8,11,11,30,985,900,4.1000000000000005,29.200000000000003,70.84
2020,8,11,11,45,1000,901,4.1000000000000005,29.200000000000003,71.33
2020,8,11,12,0,730,230,4.1000000000000005,29.3,70.93
2020,8,11,12,15,818,368,4.1000000000000005,29.3,70.93
2020,8,11,12,30,827,381,4.1000000000000005,29.3,70.93
2020,8,11,12,45,1017,903,4.1000000000000005,29.3,71.18
2020,8,11,13,0,1010,902,4.1000000000000005,29.400000000000002,70.77
2020,8,11,13,15,998,900,4.1000000000000005,29.3,71.11
2020,8,11,13,30,983,898,4.1000000000000005,29.3,71.11
2020,8,11,13,45,956,868,4.1000000000000005,29.3,71.5
2020,8,11,14,0,930,863,4.1000000000000005,29.3,71.5
2020,8,11,14,15,901,856,4,29.200000000000003,71.91
2020,8,11,14,30,868,848,4,29.200000000000003,71.91
2020,8,11,14,45,832,841,4,29.200000000000003,72.46000000000001
2020,8,11,15,0,791,830,4,29.1,72.87
2020,8,11,15,15,747,818,4,29.1,72.87
2020,8,11,15,30,700,803,4,29,73.29
2020,8,11,15,45,651,786,4,28.900000000000002,74.39
2020,8,11,16,0,598,766,4,28.8,74.82000000000001
2020,8,11,16,15,543,743,4,28.700000000000003,75.26
2020,8,11,16,30,487,718,4,28.6,75.69
2020,8,11,16,45,428,683,4,28.5,76.93
2020,8,11,17,0,369,645,4.1000000000000005,28.400000000000002,77.38
2020,8,11,17,15,232,248,4,28.200000000000003,78.36
2020,8,11,17,30,128,38,4,28.1,78.82000000000001
2020,8,11,17,45,110,60,3.9000000000000004,27.900000000000002,81.14
2020,8,11,18,0,78,44,3.9000000000000004,27.8,81.61
2020,8,11,18,15,58,78,3.9000000000000004,27.6,82.57000000000001
2020,8,11,18,30,26,9,3.9000000000000004,27.5,83.05
2020,8,11,18,45,6,0,3.9000000000000004,27.400000000000002,84.89
2020,8,11,19,0,0,0,3.9000000000000004,27.3,85.39
2020,8,11,19,15,0,0,3.9000000000000004,27.3,85.39
2020,8,11,19,30,0,0,3.9000000000000004,27.3,85.39
2020,8,11,19,45,0,0,3.9000000000000004,27.3,85.39
2020,8,11,20,0,0,0,4.1000000000000005,27.1,87.29
2020,8,11,20,15,0,0,4.1000000000000005,27.1,87.29
2020,8,11,20,30,0,0,4.1000000000000005,27,87.8
2020,8,11,20,45,0,0,4.2,27,87.97
2020,8,11,21,0,0,0,4.2,26.900000000000002,88.49
2020,8,11,21,15,0,0,4.2,26.900000000000002,88.49
2020,8,11,21,30,0,0,4.3,26.900000000000002,88.58
2020,8,11,21,45,0,0,4.3,26.8,88.49
2020,8,11,22,0,0,0,4.3,26.8,88.49
2020,8,11,22,15,0,0,4.3,26.8,88.49
2020,8,11,22,30,0,0,4.3,26.8,88.49
2020,8,11,22,45,0,0,4.2,26.700000000000003,87.94
2020,8,11,23,0,0,0,4.2,26.700000000000003,87.94
2020,8,11,23,15,0,0,4.2,26.700000000000003,87.94
2020,8,11,23,30,0,0,4.2,26.6,88.46000000000001
2020,8,11,23,45,0,0,4.1000000000000005,26.6,87.23
2020,8,12,0,0,0,0,4.1000000000000005,26.6,87.23
2020,8,12,0,15,0,0,4.1000000000000005,26.5,87.75
2020,8,12,0,30,0,0,4.1000000000000005,26.5,87.75
2020,8,12,0,45,0,0,4.1000000000000005,26.5,86.42
2020,8,12,1,0,0,0,4.1000000000000005,26.5,86.42
2020,8,12,1,15,0,0,4.1000000000000005,26.400000000000002,86.93
2020,8,12,1,30,0,0,4.1000000000000005,26.400000000000002,86.93
2020,8,12,1,45,0,0,4.1000000000000005,26.400000000000002,86.43
2020,8,12,2,0,0,0,4.1000000000000005,26.400000000000002,86.43
2020,8,12,2,15,0,0,4,26.400000000000002,86.43
2020,8,12,2,30,0,0,4,26.400000000000002,86.43
2020,8,12,2,45,0,0,4,26.400000000000002,86.71000000000001
2020,8,12,3,0,0,0,4,26.400000000000002,86.71000000000001
2020,8,12,3,15,0,0,4,26.400000000000002,86.71000000000001
2020,8,12,3,30,0,0,4,26.400000000000002,86.71000000000001
2020,8,12,3,45,0,0,4,26.400000000000002,87.53
2020,8,12,4,0,0,0,4,26.400000000000002,87.53
2020,8,12,4,15,0,0,4,26.3,88.05
2020,8,12,4,30,0,0,4,26.3,88.05
2020,8,12,4,45,0,0,4,26.3,89.27
2020,8,12,5,0,0,0,4,26.3,89.27
2020,8,12,5,15,0,0,3.9000000000000004,26.400000000000002,88.75
2020,8,12,5,30,0,0,3.9000000000000004,26.400000000000002,88.75
2020,8,12,5,45,0,0,3.9000000000000004,26.400000000000002,90.78
2020,8,12,6,0,0,0,3.9000000000000004,26.5,90.25
2020,8,12,6,15,13,20,4,26.6,89.82000000000001
2020,8,12,6,30,44,134,4,26.700000000000003,89.29
2020,8,12,6,45,39,0,4.1000000000000005,26.8,90.37
2020,8,12,7,0,139,373,4.1000000000000005,26.900000000000002,89.84
2020,8,12,7,15,194,456,4.2,27.1,88.8
2020,8,12,7,30,105,0,4.2,27.200000000000003,88.28
2020,8,12,7,45,113,0,4.3,27.400000000000002,87.43
2020,8,12,8,0,316,380,4.4,27.5,86.92
2020,8,12,8,15,379,443,4.4,27.700000000000003,85.91
2020,8,12,8,30,413,396,4.4,27.8,85.42
2020,8,12,8,45,454,381,4.5,28,85.13
2020,8,12,9,0,507,407,4.5,28.200000000000003,84.15
2020,8,12,9,15,640,749,4.5,28.3,83.66
2020,8,12,9,30,420,109,4.6000000000000005,28.400000000000002,83.18
2020,8,12,9,45,492,159,4.6000000000000005,28.6,83.2
2020,8,12,10,0,508,143,4.6000000000000005,28.700000000000003,82.72
2020,8,12,10,15,435,62,4.6000000000000005,28.700000000000003,82.72
2020,8,12,10,30,632,233,4.7,28.8,82.24
2020,8,12,10,45,632,200,4.7,28.900000000000002,82.11
2020,8,12,11,0,561,109,4.7,28.900000000000002,82.11
2020,8,12,11,15,480,53,4.7,29,81.64
2020,8,12,11,30,459,42,4.7,29,81.64
2020,8,12,11,45,319,17,4.7,29,81.73
2020,8,12,12,0,289,15,4.800000000000001,29,81.73
2020,8,12,12,15,400,25,4.800000000000001,29,81.73
2020,8,12,12,30,530,62,4.7,29,81.73
2020,8,12,12,45,588,94,4.7,29,81.5
2020,8,12,13,0,555,77,4.7,29,81.42
2020,8,12,13,15,586,101,4.7,28.900000000000002,81.89
2020,8,12,13,30,584,107,4.6000000000000005,28.900000000000002,81.89
2020,8,12,13,45,550,92,4.6000000000000005,28.900000000000002,81.52
2020,8,12,14,0,529,88,4.6000000000000005,28.8,81.99
2020,8,12,14,15,585,151,4.5,28.8,81.99
2020,8,12,14,30,509,101,4.5,28.700000000000003,82.46000000000001
2020,8,12,14,45,510,122,4.4,28.700000000000003,82.14
2020,8,12,15,0,654,403,4.4,28.6,82.62
2020,8,12,15,15,589,329,4.3,28.5,83.10000000000001
2020,8,12,15,30,531,286,4.3,28.5,83.10000000000001
2020,8,12,15,45,490,279,4.2,28.400000000000002,83.45
2020,8,12,16,0,403,185,4.2,28.3,83.93
2020,8,12,16,15,411,283,4.1000000000000005,28.3,83.93
2020,8,12,16,30,366,276,4,28.200000000000003,84.42
2020,8,12,16,45,329,295,4,28.1,85.43
2020,8,12,17,0,286,295,3.9000000000000004,28,85.92
2020,8,12,17,15,203,152,3.8000000000000003,27.900000000000002,86.42
2020,8,12,17,30,151,97,3.8000000000000003,27.700000000000003,87.43
2020,8,12,17,45,148,237,3.7,27.6,88.82000000000001
2020,8,12,18,0,93,122,3.6,27.5,89.33
2020,8,12,18,15,48,22,3.6,27.400000000000002,89.86
2020,8,12,18,30,24,0,3.7,27.3,90.38
2020,8,12,18,45,4,0,3.7,27.3,91.05
2020,8,12,19,0,0,0,3.7,27.200000000000003,91.58
2020,8,12,19,15,0,0,3.7,27.200000000000003,91.58
2020,8,12,19,30,0,0,3.7,27.200000000000003,91.58
2020,8,12,19,45,0,0,3.7,27.200000000000003,91.58
2020,8,12,20,0,0,0,3.9000000000000004,27.1,92.65
2020,8,12,20,15,0,0,3.9000000000000004,27.1,92.65
2020,8,12,20,30,0,0,3.9000000000000004,27.1,92.65
2020,8,12,20,45,0,0,4,27.1,92.9
2020,8,12,21,0,0,0,4,27,93.44
2020,8,12,21,15,0,0,4,27,93.44
2020,8,12,21,30,0,0,4.1000000000000005,27,93.44
2020,8,12,21,45,0,0,4.1000000000000005,27,93.36
2020,8,12,22,0,0,0,4.1000000000000005,27,93.36
2020,8,12,22,15,0,0,4.1000000000000005,26.900000000000002,93.91
2020,8,12,22,30,0,0,4.1000000000000005,26.900000000000002,93.91
2020,8,12,22,45,0,0,4.2,26.900000000000002,93.37
2020,8,12,23,0,0,0,4.2,26.900000000000002,93.37
2020,8,12,23,15,0,0,4.2,26.8,93.92
2020,8,12,23,30,0,0,4.2,26.8,93.92
2020,8,12,23,45,0,0,4.2,26.700000000000003,93.3
2020,8,13,0,0,0,0,4.2,26.700000000000003,93.3
2020,8,13,0,15,0,0,4.2,26.6,93.85000000000001
2020,8,13,0,30,0,0,4.2,26.6,93.85000000000001
2020,8,13,0,45,0,0,4.2,26.5,92.58
2020,8,13,1,0,0,0,4.3,26.5,92.58
2020,8,13,1,15,0,0,4.3,26.5,92.58
2020,8,13,1,30,0,0,4.3,26.400000000000002,93.12
2020,8,13,1,45,0,0,4.3,26.400000000000002,90.55
2020,8,13,2,0,0,0,4.4,26.400000000000002,90.55
2020,8,13,2,15,0,0,4.4,26.3,91.09
2020,8,13,2,30,0,0,4.4,26.3,91.09
2020,8,13,2,45,0,0,4.4,26.3,88.38
2020,8,13,3,0,0,0,4.4,26.200000000000003,88.9
2020,8,13,3,15,0,0,4.4,26.200000000000003,88.9
2020,8,13,3,30,0,0,4.4,26.200000000000003,88.9
2020,8,13,3,45,0,0,4.4,26.200000000000003,86.91
2020,8,13,4,0,0,0,4.4,26.1,87.42
2020,8,13,4,15,0,0,4.4,26.1,87.42
2020,8,13,4,30,0,0,4.4,26.1,87.42
2020,8,13,4,45,0,0,4.4,26.1,86.08
2020,8,13,5,0,0,0,4.4,26,86.67
2020,8,13,5,15,0,0,4.4,26.1,86.16
2020,8,13,5,30,0,0,4.4,26.1,86.16
2020,8,13,5,45,0,0,4.4,26.200000000000003,85.71000000000001
2020,8,13,6,0,0,0,4.4,26.200000000000003,85.71000000000001
2020,8,13,6,15,13,18,4.4,26.400000000000002,84.71000000000001
2020,8,13,6,30,45,133,4.5,26.5,84.22
2020,8,13,6,45,90,269,4.5,26.700000000000003,83.39
2020,8,13,7,0,141,375,4.6000000000000005,26.900000000000002,82.42
2020,8,13,7,15,197,460,4.6000000000000005,27.1,81.54
2020,8,13,7,30,255,528,4.7,27.3,80.60000000000001
2020,8,13,7,45,315,583,4.800000000000001,27.5,78.42
2020,8,13,8,0,374,628,4.9,27.700000000000003,77.51
2020,8,13,8,15,433,665,4.9,27.900000000000002,76.62
2020,8,13,8,30,491,698,4.9,28.1,75.73
2020,8,13,8,45,547,722,5,28.3,73.96000000000001
2020,8,13,9,0,602,746,5,28.400000000000002,73.54
2020,8,13,9,15,655,766,5,28.6,72.69
2020,8,13,9,30,705,784,5.1000000000000005,28.8,71.86
2020,8,13,9,45,751,796,5.1000000000000005,28.900000000000002,71.16
2020,8,13,10,0,795,809,5.1000000000000005,29.1,70.35000000000001
2020,8,13,10,15,542,151,5.1000000000000005,29.200000000000003,69.95
2020,8,13,10,30,512,100,5.1000000000000005,29.3,69.54
2020,8,13,10,45,904,839,5.1000000000000005,29.400000000000002,69.42
2020,8,13,11,0,933,846,5.1000000000000005,29.5,68.96000000000001
2020,8,13,11,15,958,852,5.1000000000000005,29.6,68.56
2020,8,13,11,30,978,856,5,29.700000000000003,68.17
2020,8,13,11,45,993,859,5,29.700000000000003,68.58
2020,8,13,12,0,1003,860,5,29.8,68.19
2020,8,13,12,15,1009,861,5,29.8,68.19
2020,8,13,12,30,1011,861,4.9,29.900000000000002,67.73
2020,8,13,12,45,1008,860,4.9,29.900000000000002,68.32000000000001
2020,8,13,13,0,999,858,4.9,29.900000000000002,68.32000000000001
2020,8,13,13,15,987,855,4.9,29.900000000000002,68.32000000000001
2020,8,13,13,30,971,851,4.9,29.900000000000002,68.32000000000001
2020,8,13,13,45,949,845,4.800000000000001,29.900000000000002,69.31
2020,8,13,14,0,923,840,4.800000000000001,29.900000000000002,69.24
2020,8,13,14,15,893,831,4.800000000000001,29.8,69.63
2020,8,13,14,30,859,822,4.800000000000001,29.700000000000003,70.03
2020,8,13,14,45,821,809,4.7,29.700000000000003,71.35000000000001
2020,8,13,15,0,779,796,4.7,29.6,71.76
2020,8,13,15,15,734,781,4.7,29.5,72.18
2020,8,13,15,30,687,766,4.6000000000000005,29.400000000000002,72.59
2020,8,13,15,45,636,748,4.6000000000000005,29.3,74.47
2020,8,13,16,0,584,727,4.5,29.200000000000003,74.9
2020,8,13,16,15,529,703,4.5,29.1,75.34
2020,8,13,16,30,472,673,4.5,29,75.77
2020,8,13,16,45,414,644,4.4,28.8,77.87
2020,8,13,17,0,355,603,4.4,28.700000000000003,78.32000000000001
2020,8,13,17,15,296,556,4.3,28.5,79.23
2020,8,13,17,30,238,498,4.1000000000000005,28.3,80.15
2020,8,13,17,45,182,435,4,28.1,82.75
2020,8,13,18,0,127,347,3.9000000000000004,27.900000000000002,83.72
2020,8,13,18,15,78,237,3.9000000000000004,27.8,84.29
2020,8,13,18,30,36,107,3.8000000000000003,27.700000000000003,84.78
2020,8,13,18,45,0,0,3.8000000000000003,27.5,87.8
2020,8,13,19,0,0,0,3.7,27.400000000000002,88.31
2020,8,13,19,15,0,0,3.7,27.400000000000002,88.31
2020,8,13,19,30,0,0,3.7,27.400000000000002,88.31
2020,8,13,19,45,0,0,3.7,27.400000000000002,88.31
2020,8,13,20,0,0,0,3.8000000000000003,27,91.55
2020,8,13,20,15,0,0,3.8000000000000003,27,91.55
2020,8,13,20,30,0,0,3.8000000000000003,26.900000000000002,92.08
2020,8,13,20,45,0,0,3.9000000000000004,26.900000000000002,92.49
2020,8,13,21,0,0,0,3.9000000000000004,26.8,93.12
2020,8,13,21,15,0,0,3.9000000000000004,26.8,93.12
2020,8,13,21,30,0,0,3.9000000000000004,26.700000000000003,93.67
2020,8,13,21,45,0,0,3.9000000000000004,26.700000000000003,93.49
2020,8,13,22,0,0,0,3.9000000000000004,26.700000000000003,93.49
2020,8,13,22,15,0,0,3.9000000000000004,26.6,94.04
2020,8,13,22,30,0,0,3.9000000000000004,26.6,93.95
2020,8,13,22,45,0,0,3.9000000000000004,26.6,92.9
2020,8,13,23,0,0,0,3.9000000000000004,26.6,92.9
2020,8,13,23,15,0,0,3.9000000000000004,26.6,92.9
2020,8,13,23,30,0,0,3.9000000000000004,26.5,93.44
2020,8,13,23,45,0,0,3.9000000000000004,26.5,92.11
2020,8,14,0,0,0,0,3.9000000000000004,26.5,92.11
2020,8,14,0,15,0,0,3.8000000000000003,26.5,92.11
2020,8,14,0,30,0,0,3.8000000000000003,26.5,92.02
2020,8,14,0,45,0,0,3.8000000000000003,26.400000000000002,91.21000000000001
2020,8,14,1,0,0,0,3.8000000000000003,26.400000000000002,91.21000000000001
2020,8,14,1,15,0,0,3.8000000000000003,26.400000000000002,91.21000000000001
2020,8,14,1,30,0,0,3.7,26.400000000000002,91.21000000000001
2020,8,14,1,45,0,0,3.7,26.3,90.52
2020,8,14,2,0,0,0,3.7,26.3,90.52
2020,8,14,2,15,0,0,3.7,26.3,90.52
2020,8,14,2,30,0,0,3.7,26.3,90.52
2020,8,14,2,45,0,0,3.7,26.200000000000003,90.26
2020,8,14,3,0,0,0,3.7,26.200000000000003,90.26
2020,8,14,3,15,0,0,3.7,26.200000000000003,90.26
2020,8,14,3,30,0,0,3.7,26.200000000000003,90.26
2020,8,14,3,45,0,0,3.7,26.1,90.14
2020,8,14,4,0,0,0,3.7,26.1,90.14
2020,8,14,4,15,0,0,3.7,26.1,90.14
2020,8,14,4,30,0,0,3.7,26.1,90.14
2020,8,14,4,45,0,0,3.7,26,90.53
2020,8,14,5,0,0,0,3.7,26,90.53
2020,8,14,5,15,0,0,3.7,26.1,90
2020,8,14,5,30,0,0,3.7,26.1,90
2020,8,14,5,45,0,0,3.7,26.1,91.06
2020,8,14,6,0,0,0,3.8000000000000003,26.200000000000003,90.53
2020,8,14,6,15,14,63,3.8000000000000003,26.400000000000002,89.47
2020,8,14,6,30,47,226,3.9000000000000004,26.5,88.95
2020,8,14,6,45,93,374,4,26.700000000000003,88.39
2020,8,14,7,0,146,476,4.1000000000000005,26.8,87.88
2020,8,14,7,15,202,554,4.1000000000000005,27,86.85000000000001
2020,8,14,7,30,261,615,4.2,27.200000000000003,85.84
2020,8,14,7,45,320,660,4.3,27.3,83.79
2020,8,14,8,0,379,700,4.3,27.5,82.82000000000001
2020,8,14,8,15,438,733,4.4,27.700000000000003,81.86
2020,8,14,8,30,496,761,4.5,27.900000000000002,80.92
2020,8,14,8,45,550,772,4.6000000000000005,28.1,78.60000000000001
2020,8,14,9,0,605,793,4.7,28.3,77.69
2020,8,14,9,15,657,811,4.800000000000001,28.400000000000002,77.24
2020,8,14,9,30,707,827,4.9,28.6,76.35000000000001
2020,8,14,9,45,752,832,4.9,28.700000000000003,74.74
2020,8,14,10,0,796,845,5,28.900000000000002,73.88
2020,8,14,10,15,836,855,5,29,73.46000000000001
2020,8,14,10,30,874,865,5,29.1,73.04
2020,8,14,10,45,905,866,5.1000000000000005,29.200000000000003,71.44
2020,8,14,11,0,934,873,5.1000000000000005,29.3,71.03
2020,8,14,11,15,460,45,5.1000000000000005,29.400000000000002,70.62
2020,8,14,11,30,980,884,5,29.5,70.15
2020,8,14,11,45,994,880,5,29.6,69.17
2020,8,14,12,0,1005,882,5,29.700000000000003,68.78
2020,8,14,12,15,1011,884,4.9,29.700000000000003,68.78
2020,8,14,12,30,1013,884,4.9,29.8,68.38
2020,8,14,12,45,1010,884,4.9,29.8,68.08
2020,8,14,13,0,543,71,4.800000000000001,29.900000000000002,67.69
2020,8,14,13,15,991,880,4.800000000000001,29.8,68.01
2020,8,14,13,30,555,87,4.800000000000001,29.8,68.01
2020,8,14,13,45,951,865,4.800000000000001,29.8,68.38
2020,8,14,14,0,925,860,4.7,29.8,68.38
2020,8,14,14,15,349,23,4.7,29.700000000000003,68.78
2020,8,14,14,30,861,843,4.7,29.6,69.17
2020,8,14,14,45,555,172,4.7,29.5,70.60000000000001
2020,8,14,15,0,641,361,4.7,29.400000000000002,71
2020,8,14,15,15,520,207,4.6000000000000005,29.3,71.41
2020,8,14,15,30,510,250,4.6000000000000005,29.200000000000003,71.82000000000001
2020,8,14,15,45,432,176,4.6000000000000005,29.1,73.4
2020,8,14,16,0,291,49,4.6000000000000005,28.900000000000002,74.25
2020,8,14,16,15,383,223,4.6000000000000005,28.8,74.68
2020,8,14,16,30,284,106,4.6000000000000005,28.6,75.55
2020,8,14,16,45,265,132,4.6000000000000005,28.5,76.87
2020,8,14,17,0,361,662,4.6000000000000005,28.3,77.76
2020,8,14,17,15,302,618,4.5,28.1,78.67
2020,8,14,17,30,243,563,4.4,27.900000000000002,79.59
2020,8,14,17,45,185,503,4.4,27.700000000000003,81.62
2020,8,14,18,0,130,416,4.3,27.6,82.10000000000001
2020,8,14,18,15,53,69,4.2,27.400000000000002,83.15
2020,8,14,18,30,28,58,4.2,27.3,83.63
2020,8,14,18,45,0,0,4.1000000000000005,27.200000000000003,85.86
2020,8,14,19,0,0,0,4.1000000000000005,27,86.87
2020,8,14,19,15,0,0,4.1000000000000005,27,86.87
2020,8,14,19,30,0,0,4.1000000000000005,27,86.87
2020,8,14,19,45,0,0,4.1000000000000005,27,86.87
2020,8,14,20,0,0,0,4,26.700000000000003,89.67
2020,8,14,20,15,0,0,3.9000000000000004,26.700000000000003,89.67
2020,8,14,20,30,0,0,3.9000000000000004,26.6,90.19
2020,8,14,20,45,0,0,3.9000000000000004,26.6,91.05
2020,8,14,21,0,0,0,3.8000000000000003,26.5,91.59
2020,8,14,21,15,0,0,3.8000000000000003,26.5,91.59
2020,8,14,21,30,0,0,3.7,26.400000000000002,92.22
2020,8,14,21,45,0,0,3.6,26.400000000000002,92.68
2020,8,14,22,0,0,0,3.6,26.400000000000002,92.68
2020,8,14,22,15,0,0,3.5,26.3,93.22
2020,8,14,22,30,0,0,3.4000000000000004,26.3,93.22
2020,8,14,22,45,0,0,3.3000000000000003,26.3,93.66
2020,8,14,23,0,0,0,3.2,26.3,93.56
2020,8,14,23,15,0,0,3.2,26.200000000000003,94.11
2020,8,14,23,30,0,0,3.1,26.200000000000003,94.11
2020,8,14,23,45,0,0,3,26.200000000000003,94.60000000000001
2020,8,15,0,0,0,0,3,26.200000000000003,94.60000000000001
2020,8,15,0,15,0,0,2.9000000000000004,26.200000000000003,94.60000000000001
2020,8,15,0,30,0,0,2.9000000000000004,26.200000000000003,94.60000000000001
2020,8,15,0,45,0,0,2.9000000000000004,26.200000000000003,94.87
2020,8,15,1,0,0,0,2.8000000000000003,26.200000000000003,94.87
2020,8,15,1,15,0,0,2.9000000000000004,26.200000000000003,94.78
2020,8,15,1,30,0,0,2.9000000000000004,26.200000000000003,94.78
2020,8,15,1,45,0,0,2.9000000000000004,26.200000000000003,94.44
2020,8,15,2,0,0,0,2.9000000000000004,26.200000000000003,94.44
2020,8,15,2,15,0,0,3,26.200000000000003,94.44
2020,8,15,2,30,0,0,3,26.200000000000003,94.44
2020,8,15,2,45,0,0,3.1,26.200000000000003,93.3
2020,8,15,3,0,0,0,3.1,26.200000000000003,93.3
2020,8,15,3,15,0,0,3.2,26.200000000000003,93.3
2020,8,15,3,30,0,0,3.2,26.200000000000003,93.3
2020,8,15,3,45,0,0,3.3000000000000003,26.1,92.04
2020,8,15,4,0,0,0,3.4000000000000004,26.1,92.04
2020,8,15,4,15,0,0,3.4000000000000004,26.1,92.04
2020,8,15,4,30,0,0,3.5,26.1,92.04
2020,8,15,4,45,0,0,3.5,26,90.95
2020,8,15,5,0,0,0,3.6,26,90.95
2020,8,15,5,15,0,0,3.6,26,90.95
2020,8,15,5,30,0,0,3.7,26,90.95
2020,8,15,5,45,0,0,3.8000000000000003,26,89.55
2020,8,15,6,0,0,0,3.8000000000000003,26.1,89.02
2020,8,15,6,15,15,79,3.9000000000000004,26.200000000000003,88.5
2020,8,15,6,30,49,256,3.9000000000000004,26.400000000000002,87.56
2020,8,15,6,45,96,384,4,26.5,85.14
2020,8,15,7,0,151,492,4,26.700000000000003,84.14
2020,8,15,7,15,210,574,4,26.8,83.65
2020,8,15,7,30,270,636,3.9000000000000004,27,82.68
2020,8,15,7,45,331,683,3.9000000000000004,27.200000000000003,78.4
2020,8,15,8,0,393,724,3.9000000000000004,27.400000000000002,77.49
2020,8,15,8,15,453,757,3.8000000000000003,27.6,76.59
2020,8,15,8,30,513,786,3.7,27.8,75.7
2020,8,15,8,45,570,809,3.6,28,72.29
2020,8,15,9,0,626,830,3.5,28.3,71.05
2020,8,15,9,15,677,845,3.4000000000000004,28.5,70.3
2020,8,15,9,30,727,858,3.3000000000000003,28.6,69.9
2020,8,15,9,45,772,868,3.2,28.8,67.78
2020,8,15,10,0,815,878,3.2,29,67.01
2020,8,15,10,15,856,888,3.2,29.200000000000003,66.24
2020,8,15,10,30,891,894,3.2,29.3,65.86
2020,8,15,10,45,920,891,3.2,29.5,66.38
2020,8,15,11,0,948,896,3.1,29.6,66
2020,8,15,11,15,971,899,3.2,29.700000000000003,65.56
2020,8,15,11,30,989,902,3.2,29.8,65.18
2020,8,15,11,45,1003,901,3.2,29.900000000000002,67.33
2020,8,15,12,0,1014,903,3.2,30,66.94
2020,8,15,12,15,1019,903,3.2,30,66.94
2020,8,15,12,30,1020,904,3.1,30.1,66.56
2020,8,15,12,45,1016,900,3.1,30.1,68.57000000000001
2020,8,15,13,0,1008,899,3.1,30.1,68.57000000000001
2020,8,15,13,15,636,141,3.1,30.1,68.5
2020,8,15,13,30,979,893,3,30.1,68.5
2020,8,15,13,45,952,867,3,30.1,69.48
2020,8,15,14,0,926,861,3,30.1,69.48
2020,8,15,14,15,897,854,3,30,69.88
2020,8,15,14,30,863,846,2.9000000000000004,30,69.88
2020,8,15,14,45,827,841,2.9000000000000004,29.900000000000002,70.53
2020,8,15,15,0,785,830,2.9000000000000004,29.900000000000002,70.53
2020,8,15,15,15,741,817,2.9000000000000004,29.8,70.94
2020,8,15,15,30,693,803,2.8000000000000003,29.6,71.75
2020,8,15,15,45,643,789,2.8000000000000003,29.5,72.77
2020,8,15,16,0,590,769,2.8000000000000003,29.400000000000002,73.19
2020,8,15,16,15,535,746,2.8000000000000003,29.3,73.61
2020,8,15,16,30,478,719,2.7,29.200000000000003,74.03
2020,8,15,16,45,421,696,2.7,29,75.71000000000001
2020,8,15,17,0,361,659,2.7,28.900000000000002,76.15
2020,8,15,17,15,302,613,2.6,28.700000000000003,77.03
2020,8,15,17,30,242,558,2.5,28.400000000000002,78.46000000000001
2020,8,15,17,45,185,498,2.4000000000000004,28.200000000000003,81.46000000000001
2020,8,15,18,0,129,410,2.4000000000000004,28,82.41
2020,8,15,18,15,78,296,2.4000000000000004,27.8,83.37
2020,8,15,18,30,36,152,2.3000000000000003,27.6,84.35000000000001
2020,8,15,18,45,0,0,2.3000000000000003,27.5,86.2
2020,8,15,19,0,0,0,2.3000000000000003,27.3,87.21000000000001
2020,8,15,19,15,0,0,2.3000000000000003,27.3,87.21000000000001
2020,8,15,19,30,0,0,2.3000000000000003,27.3,87.21000000000001
2020,8,15,19,45,0,0,2.3000000000000003,27.3,87.21000000000001
2020,8,15,20,0,0,0,2.4000000000000004,27.1,88.85000000000001
2020,8,15,20,15,0,0,2.4000000000000004,27,89.37
2020,8,15,20,30,0,0,2.4000000000000004,27,89.37
2020,8,15,20,45,0,0,2.5,27,89.60000000000001
2020,8,15,21,0,0,0,2.5,26.900000000000002,90.13
2020,8,15,21,15,0,0,2.6,26.900000000000002,90.22
2020,8,15,21,30,0,0,2.6,26.900000000000002,90.22
2020,8,15,21,45,0,0,2.6,26.8,91.04
2020,8,15,22,0,0,0,2.7,26.8,91.04
2020,8,15,22,15,0,0,2.7,26.8,91.04
2020,8,15,22,30,0,0,2.7,26.700000000000003,91.57000000000001
2020,8,15,22,45,0,0,2.6,26.700000000000003,91.45
2020,8,15,23,0,0,0,2.6,26.700000000000003,91.45
2020,8,15,23,15,0,0,2.6,26.6,91.98
2020,8,15,23,30,0,0,2.5,26.6,91.98
2020,8,15,23,45,0,0,2.5,26.5,91.84
2020,8,16,0,0,0,0,2.4000000000000004,26.5,91.75
2020,8,16,0,15,0,0,2.3000000000000003,26.5,91.75
2020,8,16,0,30,0,0,2.3000000000000003,26.400000000000002,92.29
2020,8,16,0,45,0,0,2.2,26.400000000000002,91.49
2020,8,16,1,0,0,0,2.1,26.400000000000002,91.49
2020,8,16,1,15,0,0,2.1,26.400000000000002,91.49
2020,8,16,1,30,0,0,2.1,26.400000000000002,91.4
2020,8,16,1,45,0,0,2,26.400000000000002,90.72
2020,8,16,2,0,0,0,2,26.400000000000002,90.72
2020,8,16,2,15,0,0,2,26.400000000000002,90.72
2020,8,16,2,30,0,0,2,26.3,91.25
2020,8,16,2,45,0,0,2,26.3,91.12
2020,8,16,3,0,0,0,2,26.3,91.12
2020,8,16,3,15,0,0,2,26.3,91.12
2020,8,16,3,30,0,0,1.9000000000000001,26.3,91.12
2020,8,16,3,45,0,0,1.9000000000000001,26.3,90.84
2020,8,16,4,0,0,0,1.9000000000000001,26.3,90.84
2020,8,16,4,15,0,0,1.8,26.3,90.84
2020,8,16,4,30,0,0,1.8,26.3,90.84
2020,8,16,4,45,0,0,1.8,26.3,90.38
2020,8,16,5,0,0,0,1.7000000000000002,26.3,90.47
2020,8,16,5,15,0,0,1.7000000000000002,26.400000000000002,89.94
2020,8,16,5,30,0,0,1.6,26.5,89.42
2020,8,16,5,45,0,0,1.6,26.6,90.2
2020,8,16,6,0,0,0,1.6,26.6,90.2
2020,8,16,6,15,13,55,1.6,26.8,89.15
2020,8,16,6,30,45,209,1.6,27,88.11
2020,8,16,6,45,91,348,1.7000000000000002,27.200000000000003,87.99
2020,8,16,7,0,143,452,1.7000000000000002,27.400000000000002,87.06
2020,8,16,7,15,199,531,1.8,27.6,86.05
2020,8,16,7,30,257,594,1.8,27.8,85.06
2020,8,16,7,45,317,647,1.9000000000000001,27.900000000000002,82.32000000000001
2020,8,16,8,0,376,688,1.9000000000000001,28.1,81.37
2020,8,16,8,15,435,721,2,28.3,80.44
2020,8,16,8,30,493,750,2,28.5,79.51
2020,8,16,8,45,549,772,2.1,28.8,77.42
2020,8,16,9,0,603,792,2.1,29,76.54
2020,8,16,9,15,655,810,2.2,29.1,76.10000000000001
2020,8,16,9,30,704,825,2.2,29.3,75.23
2020,8,16,9,45,750,836,2.3000000000000003,29.5,74.52
2020,8,16,10,0,793,847,2.3000000000000003,29.700000000000003,73.67
2020,8,16,10,15,833,857,2.4000000000000004,29.8,73.24
2020,8,16,10,30,869,866,2.4000000000000004,29.900000000000002,72.83
2020,8,16,10,45,897,858,2.5,29.900000000000002,73.87
2020,8,16,11,0,926,865,2.5,30,73.45
2020,8,16,11,15,950,870,2.6,30.1,73.03
2020,8,16,11,30,970,874,2.7,30.1,72.95
2020,8,16,11,45,982,869,2.7,30.200000000000003,73.59
2020,8,16,12,0,993,871,2.8000000000000003,30.200000000000003,73.59
2020,8,16,12,15,999,873,2.8000000000000003,30.200000000000003,73.59
2020,8,16,12,30,1001,873,2.9000000000000004,30.200000000000003,73.59
2020,8,16,12,45,996,865,3,30.1,74.51
2020,8,16,13,0,988,862,3,30.1,74.51
2020,8,16,13,15,976,860,3.1,30.1,74.51
2020,8,16,13,30,959,856,3.1,30,74.94
2020,8,16,13,45,936,843,3.1,30,75.07000000000001
2020,8,16,14,0,911,837,3.2,29.900000000000002,75.5
2020,8,16,14,15,882,830,3.2,29.900000000000002,75.43
2020,8,16,14,30,848,822,3.3000000000000003,29.8,75.86
2020,8,16,14,45,810,808,3.3000000000000003,29.8,75.71000000000001
2020,8,16,15,0,769,796,3.3000000000000003,29.700000000000003,76.14
2020,8,16,15,15,725,783,3.4000000000000004,29.6,76.58
2020,8,16,15,30,678,767,3.4000000000000004,29.5,77.02
2020,8,16,15,45,339,67,3.4000000000000004,29.400000000000002,77.47
2020,8,16,16,0,575,726,3.4000000000000004,29.3,77.92
2020,8,16,16,15,521,702,3.4000000000000004,29.200000000000003,78.37
2020,8,16,16,30,425,490,3.4000000000000004,29,79.36
2020,8,16,16,45,407,640,3.4000000000000004,28.900000000000002,80.05
2020,8,16,17,0,348,601,3.4000000000000004,28.8,80.51
2020,8,16,17,15,290,554,3.3000000000000003,28.6,81.45
2020,8,16,17,30,232,496,3.2,28.400000000000002,82.39
2020,8,16,17,45,144,247,3.2,28.3,83.85000000000001
2020,8,16,18,0,102,218,3.1,28.1,84.82000000000001
2020,8,16,18,15,53,83,3.1,28,85.32000000000001
2020,8,16,18,30,23,16,3.1,27.900000000000002,85.82000000000001
2020,8,16,18,45,0,0,3.1,27.700000000000003,87.59
2020,8,16,19,0,0,0,3.1,27.6,88.10000000000001
2020,8,16,19,15,0,0,3.1,27.6,88.10000000000001
2020,8,16,19,30,0,0,3.1,27.6,88.10000000000001
2020,8,16,19,45,0,0,3.1,27.6,88.10000000000001
2020,8,16,20,0,0,0,3.2,27.400000000000002,89.47
2020,8,16,20,15,0,0,3.2,27.400000000000002,89.47
2020,8,16,20,30,0,0,3.3000000000000003,27.3,90
2020,8,16,20,45,0,0,3.3000000000000003,27.3,90.09
2020,8,16,21,0,0,0,3.3000000000000003,27.3,90.09
2020,8,16,21,15,0,0,3.3000000000000003,27.200000000000003,90.62
2020,8,16,21,30,0,0,3.3000000000000003,27.200000000000003,90.71000000000001
2020,8,16,21,45,0,0,3.3000000000000003,27.200000000000003,90.64
2020,8,16,22,0,0,0,3.3000000000000003,27.200000000000003,90.64
2020,8,16,22,15,0,0,3.3000000000000003,27.1,91.18
2020,8,16,22,30,0,0,3.3000000000000003,27.1,91.08
2020,8,16,22,45,0,0,3.3000000000000003,27.1,90.94
2020,8,16,23,0,0,0,3.4000000000000004,27,91.47
2020,8,16,23,15,0,0,3.4000000000000004,27,91.47
2020,8,16,23,30,0,0,3.4000000000000004,27,91.47
2020,8,16,23,45,0,0,3.4000000000000004,27,91.44
2020,8,17,0,0,0,0,3.4000000000000004,27,91.44
2020,8,17,0,15,0,0,3.4000000000000004,27,91.44
2020,8,17,0,30,0,0,3.5,26.900000000000002,91.98
2020,8,17,0,45,0,0,3.5,26.900000000000002,92.04
2020,8,17,1,0,0,0,3.5,26.900000000000002,91.94
2020,8,17,1,15,0,0,3.5,26.900000000000002,91.94
2020,8,17,1,30,0,0,3.6,26.900000000000002,91.94
2020,8,17,1,45,0,0,3.6,26.900000000000002,92.07000000000001
2020,8,17,2,0,0,0,3.6,26.900000000000002,92.07000000000001
2020,8,17,2,15,0,0,3.6,26.900000000000002,92.07000000000001
2020,8,17,2,30,0,0,3.6,26.8,92.61
2020,8,17,2,45,0,0,3.7,26.8,92.56
2020,8,17,3,0,0,0,3.7,26.8,92.56
2020,8,17,3,15,0,0,3.7,26.8,92.56
2020,8,17,3,30,0,0,3.8000000000000003,26.8,92.56
2020,8,17,3,45,0,0,3.8000000000000003,26.8,92.21000000000001
2020,8,17,4,0,0,0,3.8000000000000003,26.8,92.21000000000001
2020,8,17,4,15,0,0,3.8000000000000003,26.8,92.21000000000001
2020,8,17,4,30,0,0,3.8000000000000003,26.8,92.21000000000001
2020,8,17,4,45,0,0,3.8000000000000003,26.8,91.72
2020,8,17,5,0,0,0,3.8000000000000003,26.8,91.82000000000001
2020,8,17,5,15,0,0,3.9000000000000004,26.8,91.82000000000001
2020,8,17,5,30,0,0,3.9000000000000004,26.8,91.82000000000001
2020,8,17,5,45,0,0,3.9000000000000004,26.900000000000002,90.59
2020,8,17,6,0,0,0,3.9000000000000004,26.900000000000002,90.59
2020,8,17,6,15,5,0,4,27.1,89.54
2020,8,17,6,30,33,24,4.1000000000000005,27.200000000000003,89.01
2020,8,17,6,45,73,88,4.2,27.400000000000002,87.25
2020,8,17,7,0,121,168,4.3,27.5,86.75
2020,8,17,7,15,173,246,4.4,27.700000000000003,85.83
2020,8,17,7,30,228,316,4.5,27.900000000000002,84.84
2020,8,17,7,45,283,368,4.6000000000000005,28,82.32000000000001
2020,8,17,8,0,341,421,4.6000000000000005,28.200000000000003,81.37
2020,8,17,8,15,398,466,4.7,28.400000000000002,80.44
2020,8,17,8,30,455,506,4.7,28.5,79.97
2020,8,17,8,45,509,533,4.7,28.700000000000003,77.46000000000001
2020,8,17,9,0,563,563,4.7,28.900000000000002,76.57000000000001
2020,8,17,9,15,614,589,4.800000000000001,29,76.13
2020,8,17,9,30,664,612,4.800000000000001,29.200000000000003,75.26
2020,8,17,9,45,710,630,4.800000000000001,29.3,73.59
2020,8,17,10,0,754,647,4.800000000000001,29.5,72.75
2020,8,17,10,15,794,662,4.800000000000001,29.6,72.33
2020,8,17,10,30,274,14,4.800000000000001,29.700000000000003,71.85000000000001
2020,8,17,10,45,878,751,4.800000000000001,29.8,70.58
2020,8,17,11,0,907,759,4.800000000000001,30,69.78
2020,8,17,11,15,931,766,4.9,30,69.78
2020,8,17,11,30,952,772,4.9,30.1,69.38
2020,8,17,11,45,968,777,4.9,30.200000000000003,68.31
2020,8,17,12,0,979,780,4.9,30.3,67.92
2020,8,17,12,15,985,782,4.9,30.3,67.92
2020,8,17,12,30,986,782,4.9,30.3,67.92
2020,8,17,12,45,983,779,4.9,30.400000000000002,67.3
2020,8,17,13,0,975,777,4.9,30.400000000000002,67.3
2020,8,17,13,15,963,774,4.9,30.400000000000002,67.3
2020,8,17,13,30,945,768,4.9,30.400000000000002,67.3
2020,8,17,13,45,922,758,4.9,30.3,67.64
2020,8,17,14,0,897,750,4.800000000000001,30.3,67.64
2020,8,17,14,15,867,741,4.800000000000001,30.3,67.64
2020,8,17,14,30,833,731,4.800000000000001,30.200000000000003,68.03
2020,8,17,14,45,795,714,4.800000000000001,30.1,68.57000000000001
2020,8,17,15,0,754,699,4.7,30.1,68.57000000000001
2020,8,17,15,15,709,683,4.7,30,68.96000000000001
2020,8,17,15,30,662,663,4.6000000000000005,29.900000000000002,69.36
2020,8,17,15,45,610,639,4.5,29.8,69.81
2020,8,17,16,0,558,614,4.5,29.700000000000003,70.21000000000001
2020,8,17,16,15,503,584,4.4,29.6,70.61
2020,8,17,16,30,448,551,4.4,29.5,71.02
2020,8,17,16,45,391,515,4.3,29.3,72.01
2020,8,17,17,0,332,469,4.2,29.200000000000003,72.43
2020,8,17,17,15,274,414,4.1000000000000005,29,73.27
2020,8,17,17,30,217,350,4,28.8,74.12
2020,8,17,17,45,163,284,3.9000000000000004,28.6,76.52
2020,8,17,18,0,110,196,3.8000000000000003,28.400000000000002,77.41
2020,8,17,18,15,64,101,3.8000000000000003,28.3,77.85000000000001
2020,8,17,18,30,26,22,3.7,28.1,78.76
2020,8,17,18,45,0,0,3.7,28,81.68
2020,8,17,19,0,0,0,3.6,27.8,82.63
2020,8,17,19,15,0,0,3.6,27.8,82.63
2020,8,17,19,30,0,0,3.6,27.8,82.63
2020,8,17,19,45,0,0,3.6,27.8,82.63
2020,8,17,20,0,0,0,3.8000000000000003,27.5,85.78
2020,8,17,20,15,0,0,3.9000000000000004,27.5,85.78
2020,8,17,20,30,0,0,4,27.400000000000002,86.28
2020,8,17,20,45,0,0,4,27.3,88.08
2020,8,17,21,0,0,0,4.1000000000000005,27.3,88.08
2020,8,17,21,15,0,0,4.2,27.200000000000003,88.60000000000001
2020,8,17,21,30,0,0,4.3,27.200000000000003,88.60000000000001
2020,8,17,21,45,0,0,4.4,27.200000000000003,89.10000000000001
2020,8,17,22,0,0,0,4.5,27.1,89.62
2020,8,17,22,15,0,0,4.4,27.1,89.62
2020,8,17,22,30,0,0,4.4,27.1,89.62
2020,8,17,22,45,0,0,4.4,27,89.85000000000001
2020,8,17,23,0,0,0,4.3,27,89.85000000000001
2020,8,17,23,15,0,0,4.4,27,89.76
2020,8,17,23,30,0,0,4.4,27,89.76
2020,8,17,23,45,0,0,4.4,27,88.47
2020,8,18,0,0,0,0,4.4,27,88.47
2020,8,18,0,15,0,0,4.4,27,88.47
2020,8,18,0,30,0,0,4.4,27,88.47
2020,8,18,0,45,0,0,4.4,27,87.23
2020,8,18,1,0,0,0,4.4,27,87.14
2020,8,18,1,15,0,0,4.4,27,87.14
2020,8,18,1,30,0,0,4.4,26.900000000000002,87.65
2020,8,18,1,45,0,0,4.4,26.900000000000002,86.39
2020,8,18,2,0,0,0,4.4,26.900000000000002,86.39
2020,8,18,2,15,0,0,4.4,26.900000000000002,86.39
2020,8,18,2,30,0,0,4.4,26.900000000000002,86.39
2020,8,18,2,45,0,0,4.4,26.900000000000002,85.89
2020,8,18,3,0,0,0,4.4,26.8,86.39
2020,8,18,3,15,0,0,4.4,26.8,86.39
2020,8,18,3,30,0,0,4.4,26.8,86.39
2020,8,18,3,45,0,0,4.5,26.8,85.67
2020,8,18,4,0,0,0,4.5,26.8,85.67
2020,8,18,4,15,0,0,4.5,26.8,85.67
2020,8,18,4,30,0,0,4.5,26.8,85.67
2020,8,18,4,45,0,0,4.5,26.8,85
2020,8,18,5,0,0,0,4.5,26.8,85
2020,8,18,5,15,0,0,4.5,26.8,85.08
2020,8,18,5,30,0,0,4.5,26.8,85.08
2020,8,18,5,45,0,0,4.5,26.900000000000002,84.75
2020,8,18,6,0,0,0,4.5,26.900000000000002,84.75
2020,8,18,6,15,7,1,4.6000000000000005,27.1,83.77
2020,8,18,6,30,36,45,4.7,27.3,82.79
2020,8,18,6,45,78,132,4.800000000000001,27.400000000000002,81.01
2020,8,18,7,0,126,225,4.9,27.6,80.07000000000001
2020,8,18,7,15,180,309,5,27.8,79.14
2020,8,18,7,30,236,380,5.2,28,78.23
2020,8,18,7,45,293,430,5.300000000000001,28.1,75.58
2020,8,18,8,0,352,482,5.4,28.3,74.71000000000001
2020,8,18,8,15,410,526,5.4,28.5,73.85000000000001
2020,8,18,8,30,467,564,5.5,28.6,73.42
2020,8,18,8,45,522,591,5.6000000000000005,28.8,72.19
2020,8,18,9,0,577,620,5.6000000000000005,29,71.43
2020,8,18,9,15,629,644,5.6000000000000005,29.1,70.95
2020,8,18,9,30,678,666,5.7,29.200000000000003,70.54
2020,8,18,9,45,725,681,5.7,29.3,70.54
2020,8,18,10,0,768,698,5.7,29.5,69.74
2020,8,18,10,15,807,711,5.7,29.5,69.74
2020,8,18,10,30,843,723,5.7,29.6,69.34
2020,8,18,10,45,870,709,5.800000000000001,29.700000000000003,69.66
2020,8,18,11,0,899,718,5.800000000000001,29.8,69.26
2020,8,18,11,15,923,725,5.800000000000001,29.8,69.26
2020,8,18,11,30,943,731,5.800000000000001,29.900000000000002,68.87
2020,8,18,11,45,957,732,5.800000000000001,29.900000000000002,69.61
2020,8,18,12,0,968,735,5.7,30,69.22
2020,8,18,12,15,974,736,5.7,30,69.22
2020,8,18,12,30,976,737,5.7,30,69.22
2020,8,18,12,45,584,92,5.7,30,69.31
2020,8,18,13,0,965,732,5.6000000000000005,30,69.31
2020,8,18,13,15,952,728,5.6000000000000005,30,69.31
2020,8,18,13,30,935,724,5.6000000000000005,29.900000000000002,69.7
2020,8,18,13,45,915,719,5.5,29.900000000000002,69.67
2020,8,18,14,0,889,711,5.5,29.900000000000002,69.67
2020,8,18,14,15,859,702,5.5,29.8,70.07000000000001
2020,8,18,14,30,825,690,5.4,29.8,70.07000000000001
2020,8,18,14,45,790,682,5.4,29.700000000000003,70.51
2020,8,18,15,0,748,666,5.4,29.700000000000003,70.51
2020,8,18,15,15,704,649,5.300000000000001,29.6,70.92
2020,8,18,15,30,656,629,5.300000000000001,29.5,71.32000000000001
2020,8,18,15,45,606,607,5.300000000000001,29.400000000000002,71.77
2020,8,18,16,0,262,32,5.300000000000001,29.3,72.19
2020,8,18,16,15,168,3,5.300000000000001,29.200000000000003,72.60000000000001
2020,8,18,16,30,218,33,5.2,29.1,73.02
2020,8,18,16,45,17,0,5.2,29,73.81
2020,8,18,17,0,78,0,5.2,28.8,74.67
2020,8,18,17,15,102,0,5.1000000000000005,28.700000000000003,75.10000000000001
2020,8,18,17,30,213,309,5,28.5,76.05
2020,8,18,17,45,158,241,4.9,28.400000000000002,77.43
2020,8,18,18,0,107,157,4.800000000000001,28.200000000000003,78.34
2020,8,18,18,15,60,73,4.7,28.1,78.79
2020,8,18,18,30,22,11,4.7,28,79.25
2020,8,18,18,45,0,0,4.6000000000000005,27.900000000000002,81.03
2020,8,18,19,0,0,0,4.5,27.8,81.5
2020,8,18,19,15,0,0,4.5,27.8,81.5
2020,8,18,19,30,0,0,4.5,27.8,81.5
2020,8,18,19,45,0,0,4.5,27.8,81.5
2020,8,18,20,0,0,0,4.4,27.6,83.48
2020,8,18,20,15,0,0,4.3,27.5,83.97
2020,8,18,20,30,0,0,4.3,27.5,83.97
2020,8,18,20,45,0,0,4.2,27.400000000000002,85.23
2020,8,18,21,0,0,0,4.2,27.400000000000002,85.23
2020,8,18,21,15,0,0,4.2,27.3,85.72
2020,8,18,21,30,0,0,4.1000000000000005,27.3,85.72
2020,8,18,21,45,0,0,4.1000000000000005,27.3,86.34
2020,8,18,22,0,0,0,4,27.200000000000003,86.84
2020,8,18,22,15,0,0,4,27.1,87.26
2020,8,18,22,30,0,0,3.9000000000000004,27.1,87.26
2020,8,18,22,45,0,0,3.8000000000000003,27,88.39
2020,8,18,23,0,0,0,3.8000000000000003,27,88.39
2020,8,18,23,15,0,0,3.7,26.900000000000002,88.9
2020,8,18,23,30,0,0,3.7,26.900000000000002,88.9
2020,8,18,23,45,0,0,3.7,26.8,89.33
2020,8,19,0,0,0,0,3.7,26.8,89.33
2020,8,19,0,15,0,0,3.8000000000000003,26.700000000000003,89.85000000000001
2020,8,19,0,30,0,0,3.8000000000000003,26.700000000000003,89.85000000000001
2020,8,19,0,45,0,0,3.8000000000000003,26.700000000000003,88.9
2020,8,19,1,0,0,0,3.9000000000000004,26.700000000000003,88.9
2020,8,19,1,15,0,0,3.9000000000000004,26.700000000000003,88.9
2020,8,19,1,30,0,0,3.9000000000000004,26.6,89.43
2020,8,19,1,45,0,0,4,26.6,88.13
2020,8,19,2,0,0,0,4,26.6,88.13
2020,8,19,2,15,0,0,4,26.6,88.13
2020,8,19,2,30,0,0,4.1000000000000005,26.5,88.65
2020,8,19,2,45,0,0,4.1000000000000005,26.5,87.28
2020,8,19,3,0,0,0,4.1000000000000005,26.5,87.28
2020,8,19,3,15,0,0,4.1000000000000005,26.400000000000002,87.79
2020,8,19,3,30,0,0,4.2,26.400000000000002,87.79
2020,8,19,3,45,0,0,4.2,26.400000000000002,86.21000000000001
2020,8,19,4,0,0,0,4.2,26.400000000000002,86.21000000000001
2020,8,19,4,15,0,0,4.2,26.400000000000002,86.21000000000001
2020,8,19,4,30,0,0,4.2,26.3,86.71000000000001
2020,8,19,4,45,0,0,4.3,26.3,85.06
2020,8,19,5,0,0,0,4.3,26.3,85.06
2020,8,19,5,15,0,0,4.3,26.400000000000002,84.56
2020,8,19,5,30,0,0,4.4,26.400000000000002,84.56
2020,8,19,5,45,0,0,4.4,26.5,83.38
2020,8,19,6,0,0,0,4.4,26.5,83.47
2020,8,19,6,15,9,3,4.6000000000000005,26.700000000000003,82.49
2020,8,19,6,30,39,69,4.7,26.900000000000002,81.53
2020,8,19,6,45,82,186,4.800000000000001,27.1,79.46000000000001
2020,8,19,7,0,132,291,4.9,27.3,78.54
2020,8,19,7,15,187,379,4.9,27.5,77.63
2020,8,19,7,30,245,450,5,27.700000000000003,76.73
2020,8,19,7,45,304,515,5,27.900000000000002,74.75
2020,8,19,8,0,364,564,5,28.1,73.89
2020,8,19,8,15,423,606,5,28.3,73.03
2020,8,19,8,30,481,642,5,28.5,72.19
2020,8,19,8,45,538,672,5,28.6,71.19
2020,8,19,9,0,593,698,5,28.8,70.37
2020,8,19,9,15,645,719,5,29,69.57000000000001
2020,8,19,9,30,695,739,5,29.1,69.17
2020,8,19,9,45,742,756,5,29.3,68.02
2020,8,19,10,0,786,770,5,29.400000000000002,67.63
2020,8,19,10,15,826,783,5,29.5,67.25
2020,8,19,10,30,863,794,5,29.6,66.86
2020,8,19,10,45,894,796,4.9,29.700000000000003,66.64
2020,8,19,11,0,923,803,4.9,29.8,66.26
2020,8,19,11,15,947,810,4.9,29.900000000000002,65.88
2020,8,19,11,30,967,815,4.800000000000001,29.900000000000002,65.88
2020,8,19,11,45,982,816,4.800000000000001,30,65.9
2020,8,19,12,0,993,819,4.800000000000001,30.1,65.52
2020,8,19,12,15,999,820,4.7,30.1,65.52
2020,8,19,12,30,1000,821,4.7,30.1,65.45
2020,8,19,12,45,997,819,4.7,30.200000000000003,65.3
2020,8,19,13,0,989,817,4.6000000000000005,30.200000000000003,65.3
2020,8,19,13,15,976,814,4.6000000000000005,30.200000000000003,65.3
2020,8,19,13,30,959,810,4.6000000000000005,30.200000000000003,65.3
2020,8,19,13,45,938,805,4.5,30.200000000000003,65.37
2020,8,19,14,0,912,798,4.5,30.200000000000003,65.37
2020,8,19,14,15,882,790,4.4,30.1,65.68
2020,8,19,14,30,848,780,4.3,30.1,65.68
2020,8,19,14,45,810,770,4.3,30.1,65.69
2020,8,19,15,0,768,757,4.2,30,66.07000000000001
2020,8,19,15,15,723,741,4.1000000000000005,29.900000000000002,66.45
2020,8,19,15,30,674,722,4.1000000000000005,29.900000000000002,66.45
2020,8,19,15,45,623,703,4,29.8,67.08
2020,8,19,16,0,570,679,3.9000000000000004,29.700000000000003,67.47
2020,8,19,16,15,514,651,3.9000000000000004,29.6,67.86
2020,8,19,16,30,457,619,3.8000000000000003,29.400000000000002,68.71000000000001
2020,8,19,16,45,398,581,3.8000000000000003,29.3,69.44
2020,8,19,17,0,339,536,3.8000000000000003,29.1,70.25
2020,8,19,17,15,280,482,3.7,28.900000000000002,71.06
2020,8,19,17,30,221,418,3.6,28.700000000000003,71.88
2020,8,19,17,45,165,340,3.5,28.400000000000002,74.54
2020,8,19,18,0,111,247,3.4000000000000004,28.200000000000003,75.41
2020,8,19,18,15,64,138,3.4000000000000004,28,76.29
2020,8,19,18,30,25,35,3.4000000000000004,27.900000000000002,76.73
2020,8,19,18,45,0,0,3.3000000000000003,27.700000000000003,79.68
2020,8,19,19,0,0,0,3.3000000000000003,27.5,80.61
2020,8,19,19,15,0,0,3.3000000000000003,27.5,80.61
2020,8,19,19,30,0,0,3.3000000000000003,27.5,80.61
2020,8,19,19,45,0,0,3.3000000000000003,27.5,80.61
2020,8,19,20,0,0,0,3.4000000000000004,27.200000000000003,83.27
2020,8,19,20,15,0,0,3.5,27.1,83.84
2020,8,19,20,30,0,0,3.5,27.1,83.84
2020,8,19,20,45,0,0,3.6,27,85.29
2020,8,19,21,0,0,0,3.6,27,85.29
2020,8,19,21,15,0,0,3.6,26.900000000000002,85.79
2020,8,19,21,30,0,0,3.7,26.900000000000002,85.79
2020,8,19,21,45,0,0,3.7,26.8,86.63
2020,8,19,22,0,0,0,3.7,26.8,86.63
2020,8,19,22,15,0,0,3.7,26.8,86.63
2020,8,19,22,30,0,0,3.7,26.700000000000003,87.14
2020,8,19,22,45,0,0,3.7,26.700000000000003,87.05
2020,8,19,23,0,0,0,3.7,26.6,87.56
2020,8,19,23,15,0,0,3.7,26.6,87.56
2020,8,19,23,30,0,0,3.7,26.6,87.56
2020,8,19,23,45,0,0,3.7,26.5,87.42
2020,8,20,0,0,0,0,3.7,26.5,87.42
2020,8,20,0,15,0,0,3.7,26.400000000000002,87.94
2020,8,20,0,30,0,0,3.7,26.400000000000002,87.94
2020,8,20,0,45,0,0,3.7,26.400000000000002,87.18
2020,8,20,1,0,0,0,3.6,26.3,87.69
2020,8,20,1,15,0,0,3.6,26.3,87.60000000000001
2020,8,20,1,30,0,0,3.6,26.3,87.60000000000001
2020,8,20,1,45,0,0,3.6,26.3,86.47
2020,8,20,2,0,0,0,3.6,26.3,86.47
2020,8,20,2,15,0,0,3.6,26.3,86.47
2020,8,20,2,30,0,0,3.6,26.3,86.47
2020,8,20,2,45,0,0,3.6,26.3,85.24
2020,8,20,3,0,0,0,3.6,26.3,85.24
2020,8,20,3,15,0,0,3.6,26.3,85.24
2020,8,20,3,30,0,0,3.6,26.3,85.24
2020,8,20,3,45,0,0,3.6,26.200000000000003,84.5
2020,8,20,4,0,0,0,3.6,26.200000000000003,84.5
2020,8,20,4,15,0,0,3.6,26.200000000000003,84.5
2020,8,20,4,30,0,0,3.6,26.200000000000003,84.5
2020,8,20,4,45,0,0,3.6,26.200000000000003,83.79
2020,8,20,5,0,0,0,3.6,26.200000000000003,83.79
2020,8,20,5,15,0,0,3.6,26.200000000000003,83.79
2020,8,20,5,30,0,0,3.6,26.3,83.3
2020,8,20,5,45,0,0,3.6,26.3,83.14
2020,8,20,6,0,0,0,3.7,26.400000000000002,82.65
2020,8,20,6,15,10,6,3.8000000000000003,26.6,81.69
2020,8,20,6,30,40,96,3.9000000000000004,26.8,80.74
2020,8,20,6,45,84,226,4,27,78.55
2020,8,20,7,0,136,334,4.1000000000000005,27.200000000000003,77.71000000000001
2020,8,20,7,15,192,423,4.2,27.400000000000002,76.81
2020,8,20,7,30,251,496,4.3,27.6,75.92
2020,8,20,7,45,312,559,4.4,27.700000000000003,73.65
2020,8,20,8,0,372,608,4.5,27.900000000000002,72.8
2020,8,20,8,15,432,648,4.5,28.1,71.95
2020,8,20,8,30,491,682,4.6000000000000005,28.3,71.13
2020,8,20,8,45,549,714,4.6000000000000005,28.400000000000002,70.34
2020,8,20,9,0,605,739,4.7,28.6,69.53
2020,8,20,9,15,658,760,4.7,28.8,68.73
2020,8,20,9,30,708,779,4.7,28.900000000000002,68.34
2020,8,20,9,45,757,799,4.800000000000001,29.1,67.66
2020,8,20,10,0,801,813,4.800000000000001,29.3,66.88
2020,8,20,10,15,841,823,4.800000000000001,29.400000000000002,66.5
2020,8,20,10,30,878,833,4.9,29.5,66.12
2020,8,20,10,45,915,858,4.9,29.6,66.02
2020,8,20,11,0,942,863,4.9,29.700000000000003,65.57000000000001
2020,8,20,11,15,966,869,4.9,29.8,65.2
2020,8,20,11,30,985,872,5,29.900000000000002,64.83
2020,8,20,11,45,1000,874,5,29.900000000000002,65.36
2020,8,20,12,0,1009,874,5,30,64.99
2020,8,20,12,15,1013,874,5,30,64.99
2020,8,20,12,30,1015,875,5,30,64.99
2020,8,20,12,45,1009,870,5,30,65.9
2020,8,20,13,0,1000,867,4.9,30,65.83
2020,8,20,13,15,986,863,4.9,30,65.83
2020,8,20,13,30,969,860,4.9,29.900000000000002,66.21000000000001
2020,8,20,13,45,945,852,4.9,29.900000000000002,67.67
2020,8,20,14,0,918,845,4.9,29.8,68.06
2020,8,20,14,15,887,836,4.800000000000001,29.700000000000003,68.45
2020,8,20,14,30,852,826,4.800000000000001,29.700000000000003,68.45
2020,8,20,14,45,814,816,4.800000000000001,29.6,70.57000000000001
2020,8,20,15,0,771,803,4.800000000000001,29.5,70.91
2020,8,20,15,15,725,788,4.800000000000001,29.400000000000002,71.31
2020,8,20,15,30,676,771,4.7,29.200000000000003,72.14
2020,8,20,15,45,627,759,4.7,29.1,74.4
2020,8,20,16,0,573,737,4.7,29,74.83
2020,8,20,16,15,517,711,4.7,28.8,75.7
2020,8,20,16,30,460,682,4.7,28.6,76.58
2020,8,20,16,45,171,16,4.6000000000000005,28.5,78.95
2020,8,20,17,0,154,19,4.6000000000000005,28.3,79.87
2020,8,20,17,15,131,17,4.5,28.1,80.8
2020,8,20,17,30,223,494,4.4,27.900000000000002,81.75
2020,8,20,17,45,166,414,4.4,27.700000000000003,85.08
2020,8,20,18,0,112,319,4.3,27.5,86.07000000000001
2020,8,20,18,15,64,201,4.2,27.400000000000002,86.58
2020,8,20,18,30,26,69,4.2,27.3,87.08
2020,8,20,18,45,0,0,4.1000000000000005,27.200000000000003,89.9
2020,8,20,19,0,0,0,4.1000000000000005,27.1,90.43
2020,8,20,19,15,0,0,4.1000000000000005,27.1,90.43
2020,8,20,19,30,0,0,4.1000000000000005,27.1,90.43
2020,8,20,19,45,0,0,4.1000000000000005,27.1,90.43
2020,8,20,20,0,0,0,4,26.900000000000002,93.05
2020,8,20,20,15,0,0,3.9000000000000004,26.900000000000002,93.15
2020,8,20,20,30,0,0,3.9000000000000004,26.900000000000002,93.15
2020,8,20,20,45,0,0,3.8000000000000003,26.900000000000002,94.3
2020,8,20,21,0,0,0,3.8000000000000003,26.8,94.85000000000001
2020,8,20,21,15,0,0,3.8000000000000003,26.8,94.85000000000001
2020,8,20,21,30,0,0,3.7,26.8,94.85000000000001
2020,8,20,21,45,0,0,3.7,26.8,95.41
2020,8,20,22,0,0,0,3.7,26.8,95.41
2020,8,20,22,15,0,0,3.7,26.8,95.41
2020,8,20,22,30,0,0,3.6,26.8,95.41
2020,8,20,22,45,0,0,3.6,26.8,95.27
2020,8,20,23,0,0,0,3.6,26.8,95.27
2020,8,20,23,15,0,0,3.6,26.8,95.27
2020,8,20,23,30,0,0,3.5,26.700000000000003,95.83
2020,8,20,23,45,0,0,3.5,26.700000000000003,94.97
2020,8,21,0,0,0,0,3.5,26.700000000000003,94.97
2020,8,21,0,15,0,0,3.4000000000000004,26.6,95.53
2020,8,21,0,30,0,0,3.4000000000000004,26.6,95.53
2020,8,21,0,45,0,0,3.4000000000000004,26.6,94.52
2020,8,21,1,0,0,0,3.3000000000000003,26.5,95.08
2020,8,21,1,15,0,0,3.3000000000000003,26.5,95.08
2020,8,21,1,30,0,0,3.3000000000000003,26.5,95.08
2020,8,21,1,45,0,0,3.2,26.5,93.9
2020,8,21,2,0,0,0,3.2,26.400000000000002,94.45
2020,8,21,2,15,0,0,3.2,26.400000000000002,94.45
2020,8,21,2,30,0,0,3.2,26.400000000000002,94.45
2020,8,21,2,45,0,0,3.2,26.400000000000002,93.3
2020,8,21,3,0,0,0,3.1,26.400000000000002,93.3
2020,8,21,3,15,0,0,3.1,26.400000000000002,93.3
2020,8,21,3,30,0,0,3.1,26.400000000000002,93.3
2020,8,21,3,45,0,0,3.1,26.3,92.72
2020,8,21,4,0,0,0,3.1,26.3,92.72
2020,8,21,4,15,0,0,3.1,26.3,92.72
2020,8,21,4,30,0,0,3.1,26.3,92.72
2020,8,21,4,45,0,0,3.1,26.3,91.9
2020,8,21,5,0,0,0,3.1,26.3,91.9
2020,8,21,5,15,0,0,3.2,26.400000000000002,91.45
2020,8,21,5,30,0,0,3.2,26.5,90.92
2020,8,21,5,45,0,0,3.2,26.5,91.34
2020,8,21,6,0,0,0,3.3000000000000003,26.6,90.81
2020,8,21,6,15,5,0,3.4000000000000004,26.700000000000003,90.28
2020,8,21,6,30,32,25,3.5,26.900000000000002,89.23
2020,8,21,6,45,73,107,3.6,27,89.68
2020,8,21,7,0,121,195,3.7,27.1,89.15
2020,8,21,7,15,173,276,3.8000000000000003,27.3,88.12
2020,8,21,7,30,229,347,3.8000000000000003,27.5,87.10000000000001
2020,8,21,7,45,287,421,3.9000000000000004,27.700000000000003,84.7
2020,8,21,8,0,345,473,4,27.8,84.21000000000001
2020,8,21,8,15,403,517,4.1000000000000005,28,83.24
2020,8,21,8,30,459,555,4.1000000000000005,28.200000000000003,82.36
2020,8,21,8,45,516,594,4.2,28.400000000000002,79.98
2020,8,21,9,0,571,623,4.3,28.6,79.06
2020,8,21,9,15,622,647,4.3,28.8,78.16
2020,8,21,9,30,672,668,4.4,28.900000000000002,77.71000000000001
2020,8,21,9,45,719,691,4.4,29.1,76.37
2020,8,21,10,0,762,707,4.5,29.200000000000003,75.93
2020,8,21,10,15,802,720,4.5,29.3,75.49
2020,8,21,10,30,445,57,4.5,29.400000000000002,75.06
2020,8,21,10,45,868,733,4.5,29.5,74.77
2020,8,21,11,0,440,42,4.5,29.6,74.35000000000001
2020,8,21,11,15,920,748,4.5,29.6,74.35000000000001
2020,8,21,11,30,940,754,4.5,29.700000000000003,73.92
2020,8,21,11,45,957,767,4.5,29.700000000000003,74.4
2020,8,21,12,0,627,126,4.5,29.8,73.9
2020,8,21,12,15,973,771,4.5,29.8,73.9
2020,8,21,12,30,974,771,4.4,29.700000000000003,74.33
2020,8,21,12,45,973,780,4.4,29.700000000000003,74.9
2020,8,21,13,0,966,778,4.4,29.700000000000003,74.9
2020,8,21,13,15,954,774,4.3,29.700000000000003,74.9
2020,8,21,13,30,693,217,4.3,29.6,75.25
2020,8,21,13,45,916,772,4.3,29.5,76.62
2020,8,21,14,0,891,764,4.2,29.5,76.62
2020,8,21,14,15,860,755,4.2,29.400000000000002,77.06
2020,8,21,14,30,826,745,4.2,29.3,77.5
2020,8,21,14,45,207,8,4.2,29.200000000000003,79.17
2020,8,21,15,0,344,33,4.1000000000000005,29.1,79.63
2020,8,21,15,15,703,707,4.1000000000000005,29,80.09
2020,8,21,15,30,656,689,4.1000000000000005,28.900000000000002,80.55
2020,8,21,15,45,606,674,4.1000000000000005,28.8,82.2
2020,8,21,16,0,103,0,4.1000000000000005,28.700000000000003,82.67
2020,8,21,16,15,498,621,4.1000000000000005,28.6,83.15
2020,8,21,16,30,261,83,4.1000000000000005,28.5,83.72
2020,8,21,16,45,146,2,4,28.3,85.9
2020,8,21,17,0,13,0,4,28.200000000000003,86.4
2020,8,21,17,15,253,414,4,28,87.41
2020,8,21,17,30,119,40,3.9000000000000004,27.900000000000002,87.92
2020,8,21,17,45,113,118,3.9000000000000004,27.700000000000003,90.03
2020,8,21,18,0,67,38,3.8000000000000003,27.6,90.56
2020,8,21,18,15,46,73,3.8000000000000003,27.5,91.09
2020,8,21,18,30,17,0,3.8000000000000003,27.400000000000002,91.62
2020,8,21,18,45,0,0,3.7,27.3,92.36
2020,8,21,19,0,0,0,3.7,27.3,92.36
2020,8,21,19,15,0,0,3.7,27.3,92.36
2020,8,21,19,30,0,0,3.7,27.3,92.36
2020,8,21,19,45,0,0,3.7,27.3,92.36
2020,8,21,20,0,0,0,3.5,27.1,93.27
2020,8,21,20,15,0,0,3.5,27,93.82000000000001
2020,8,21,20,30,0,0,3.4000000000000004,27,93.91
2020,8,21,20,45,0,0,3.4000000000000004,27,93.97
2020,8,21,21,0,0,0,3.3000000000000003,26.900000000000002,94.52
2020,8,21,21,15,0,0,3.2,26.900000000000002,94.52
2020,8,21,21,30,0,0,3.2,26.900000000000002,94.42
2020,8,21,21,45,0,0,3.1,26.900000000000002,94.53
2020,8,21,22,0,0,0,3,26.8,95.09
2020,8,21,22,15,0,0,3,26.8,95.09
2020,8,21,22,30,0,0,2.9000000000000004,26.8,95.09
2020,8,21,22,45,0,0,2.9000000000000004,26.8,95.67
2020,8,21,23,0,0,0,2.8000000000000003,26.8,95.67
2020,8,21,23,15,0,0,2.8000000000000003,26.700000000000003,96.14
2020,8,21,23,30,0,0,2.8000000000000003,26.700000000000003,96.14
2020,8,21,23,45,0,0,2.8000000000000003,26.700000000000003,96.95
2020,8,22,0,0,0,0,2.8000000000000003,26.700000000000003,96.95
2020,8,22,0,15,0,0,2.7,26.700000000000003,96.85000000000001
2020,8,22,0,30,0,0,2.7,26.700000000000003,96.85000000000001
2020,8,22,0,45,0,0,2.7,26.700000000000003,97.26
2020,8,22,1,0,0,0,2.7,26.700000000000003,97.26
2020,8,22,1,15,0,0,2.6,26.700000000000003,97.26
2020,8,22,1,30,0,0,2.6,26.6,97.83
2020,8,22,1,45,0,0,2.6,26.6,97.47
2020,8,22,2,0,0,0,2.6,26.6,97.47
2020,8,22,2,15,0,0,2.6,26.6,97.47
2020,8,22,2,30,0,0,2.6,26.6,97.47
2020,8,22,2,45,0,0,2.6,26.6,97.03
2020,8,22,3,0,0,0,2.6,26.6,97.03
2020,8,22,3,15,0,0,2.6,26.5,97.60000000000001
2020,8,22,3,30,0,0,2.6,26.5,97.60000000000001
2020,8,22,3,45,0,0,2.6,26.5,97.12
2020,8,22,4,0,0,0,2.6,26.5,97.12
2020,8,22,4,15,0,0,2.6,26.5,97.12
2020,8,22,4,30,0,0,2.6,26.400000000000002,97.69
2020,8,22,4,45,0,0,2.6,26.400000000000002,97.19
2020,8,22,5,0,0,0,2.6,26.400000000000002,97.19
2020,8,22,5,15,0,0,2.6,26.400000000000002,97.19
2020,8,22,5,30,0,0,2.6,26.400000000000002,97.29
2020,8,22,5,45,0,0,2.6,26.3,97.87
2020,8,22,6,0,0,0,2.6,26.3,97.87
2020,8,22,6,15,3,0,2.6,26.400000000000002,97.3
2020,8,22,6,30,14,0,2.7,26.400000000000002,97.3
2020,8,22,6,45,20,0,2.7,26.5,97.51
2020,8,22,7,0,24,0,2.8000000000000003,26.5,97.51
2020,8,22,7,15,45,0,2.9000000000000004,26.6,96.94
2020,8,22,7,30,20,0,3,26.6,96.94
2020,8,22,7,45,45,0,3.1,26.6,96.98
2020,8,22,8,0,42,0,3.2,26.700000000000003,96.42
2020,8,22,8,15,40,0,3.3000000000000003,26.700000000000003,96.42
2020,8,22,8,30,18,0,3.5,26.8,95.85000000000001
2020,8,22,8,45,13,0,3.6,26.900000000000002,95.23
2020,8,22,9,0,15,0,3.8000000000000003,26.900000000000002,95.23
2020,8,22,9,15,25,0,4,27,94.68
2020,8,22,9,30,21,0,4.3,27,94.68
2020,8,22,9,45,24,0,4.5,27,94.81
2020,8,22,10,0,28,0,4.800000000000001,27,94.81
2020,8,22,10,15,38,0,5.1000000000000005,27,94.81
2020,8,22,10,30,94,0,5.4,27,94.81
2020,8,22,10,45,103,0,5.7,26.900000000000002,96.04
2020,8,22,11,0,108,0,6,26.900000000000002,96.04
2020,8,22,11,15,89,0,6.4,26.900000000000002,96.04
2020,8,22,11,30,63,0,6.7,26.900000000000002,96.04
2020,8,22,11,45,62,0,7,26.900000000000002,96.5
2020,8,22,12,0,63,0,7.300000000000001,26.900000000000002,96.5
2020,8,22,12,15,49,0,7.5,27,95.94
2020,8,22,12,30,61,0,7.6000000000000005,27,95.94
2020,8,22,12,45,48,0,7.800000000000001,27,95.31
2020,8,22,13,0,47,0,7.9,27.1,94.85000000000001
2020,8,22,13,15,45,0,7.9,27,95.41
2020,8,22,13,30,43,0,7.800000000000001,27,95.41
2020,8,22,13,45,94,0,7.800000000000001,26.900000000000002,94.51
2020,8,22,14,0,81,0,7.7,26.900000000000002,94.51
2020,8,22,14,15,53,0,7.800000000000001,26.8,95.07000000000001
2020,8,22,14,30,61,0,7.800000000000001,26.8,95.07000000000001
2020,8,22,14,45,58,0,7.800000000000001,26.700000000000003,93.86
2020,8,22,15,0,70,0,7.800000000000001,26.700000000000003,93.86
2020,8,22,15,15,104,0,7.800000000000001,26.6,94.42
2020,8,22,15,30,71,0,7.9,26.5,95.07000000000001
2020,8,22,15,45,53,0,7.9,26.5,93.41
2020,8,22,16,0,62,0,8,26.400000000000002,93.96000000000001
2020,8,22,16,15,47,0,7.9,26.3,94.51
2020,8,22,16,30,75,0,7.800000000000001,26.3,94.51
2020,8,22,16,45,71,0,7.7,26.200000000000003,93.83
2020,8,22,17,0,60,0,7.6000000000000005,26.200000000000003,93.83
2020,8,22,17,15,46,0,7.6000000000000005,26.1,94.39
2020,8,22,17,30,33,0,7.7,26.1,94.39
2020,8,22,17,45,30,0,7.7,26,93.66
2020,8,22,18,0,16,0,7.7,25.900000000000002,94.21000000000001
2020,8,22,18,15,18,0,7.7,25.900000000000002,94.31
2020,8,22,18,30,10,0,7.6000000000000005,25.8,94.86
2020,8,22,18,45,0,0,7.6000000000000005,25.700000000000003,92.51
2020,8,22,19,0,0,0,7.6000000000000005,25.700000000000003,92.51
2020,8,22,19,15,0,0,7.6000000000000005,25.700000000000003,92.51
2020,8,22,19,30,0,0,7.6000000000000005,25.700000000000003,92.51
2020,8,22,19,45,0,0,7.6000000000000005,25.700000000000003,92.51
2020,8,22,20,0,0,0,6.9,25.400000000000002,91.11
2020,8,22,20,15,0,0,6.800000000000001,25.400000000000002,91.11
2020,8,22,20,30,0,0,6.7,25.400000000000002,91.11
2020,8,22,20,45,0,0,6.6000000000000005,25.5,91.46000000000001
2020,8,22,21,0,0,0,6.4,25.5,91.46000000000001
2020,8,22,21,15,0,0,6.4,25.6,90.92
2020,8,22,21,30,0,0,6.4,25.700000000000003,90.38
2020,8,22,21,45,0,0,6.4,25.8,93.69
2020,8,22,22,0,0,0,6.300000000000001,25.900000000000002,93.14
2020,8,22,22,15,0,0,6.300000000000001,26,92.5
2020,8,22,22,30,0,0,6.2,26.1,91.96000000000001
2020,8,22,22,45,0,0,6.1000000000000005,26.200000000000003,94.46000000000001
2020,8,22,23,0,0,0,6.1000000000000005,26.3,93.9
2020,8,22,23,15,0,0,6,26.400000000000002,93.35000000000001
2020,8,22,23,30,0,0,5.9,26.5,92.81
2020,8,22,23,45,0,0,5.800000000000001,26.5,92.95
2020,8,23,0,0,0,0,5.7,26.6,92.41
2020,8,23,0,15,0,0,5.7,26.6,92.41
2020,8,23,0,30,0,0,5.6000000000000005,26.6,92.41
2020,8,23,0,45,0,0,5.5,26.700000000000003,91.79
2020,8,23,1,0,0,0,5.5,26.700000000000003,91.79
2020,8,23,1,15,0,0,5.4,26.700000000000003,91.79
2020,8,23,1,30,0,0,5.300000000000001,26.700000000000003,91.79
2020,8,23,1,45,0,0,5.2,26.700000000000003,92.21000000000001
2020,8,23,2,0,0,0,5.1000000000000005,26.700000000000003,92.21000000000001
2020,8,23,2,15,0,0,5,26.700000000000003,92.21000000000001
2020,8,23,2,30,0,0,4.9,26.700000000000003,92.21000000000001
2020,8,23,2,45,0,0,4.7,26.700000000000003,92.7
2020,8,23,3,0,0,0,4.6000000000000005,26.700000000000003,92.7
2020,8,23,3,15,0,0,4.5,26.700000000000003,92.7
2020,8,23,3,30,0,0,4.5,26.700000000000003,92.7
2020,8,23,3,45,0,0,4.4,26.700000000000003,93.07000000000001
2020,8,23,4,0,0,0,4.3,26.700000000000003,93.16
2020,8,23,4,15,0,0,4.3,26.700000000000003,93.16
2020,8,23,4,30,0,0,4.3,26.700000000000003,93.16
2020,8,23,4,45,0,0,4.4,26.700000000000003,93.23
2020,8,23,5,0,0,0,4.4,26.700000000000003,93.23
2020,8,23,5,15,0,0,4.4,26.700000000000003,93.23
2020,8,23,5,30,0,0,4.4,26.700000000000003,93.23
2020,8,23,5,45,0,0,4.4,26.700000000000003,92.94
2020,8,23,6,0,0,0,4.4,26.700000000000003,92.94
2020,8,23,6,15,5,0,4.4,26.700000000000003,92.94
2020,8,23,6,30,27,18,4.5,26.8,92.49
2020,8,23,6,45,61,99,4.5,26.900000000000002,91.60000000000001
2020,8,23,7,0,101,153,4.5,26.900000000000002,91.60000000000001
2020,8,23,7,15,115,74,4.5,27,91.06
2020,8,23,7,30,150,87,4.5,27.1,90.53
2020,8,23,7,45,287,420,4.5,27.200000000000003,89.21000000000001
2020,8,23,8,0,232,125,4.5,27.3,88.7
2020,8,23,8,15,368,409,4.5,27.400000000000002,88.18
2020,8,23,8,30,394,342,4.5,27.5,87.67
2020,8,23,8,45,468,428,4.5,27.6,85.74
2020,8,23,9,0,495,376,4.5,27.700000000000003,85.24
2020,8,23,9,15,386,105,4.5,27.700000000000003,85.24
2020,8,23,9,30,242,13,4.4,27.8,84.75
2020,8,23,9,45,319,28,4.4,27.900000000000002,83.26
2020,8,23,10,0,398,54,4.4,28,82.78
2020,8,23,10,15,404,47,4.4,28,82.78
2020,8,23,10,30,549,133,4.3,28.1,82.3
2020,8,23,10,45,613,178,4.3,28.200000000000003,81.25
2020,8,23,11,0,712,282,4.3,28.3,80.69
2020,8,23,11,15,922,756,4.3,28.3,80.69
2020,8,23,11,30,748,285,4.3,28.400000000000002,80.23
2020,8,23,11,45,957,771,4.2,28.5,79.34
2020,8,23,12,0,969,774,4.2,28.5,79.34
2020,8,23,12,15,974,776,4.2,28.6,78.89
2020,8,23,12,30,838,403,4.1000000000000005,28.6,78.89
2020,8,23,12,45,801,334,4.1000000000000005,28.6,78.42
2020,8,23,13,0,758,275,4.1000000000000005,28.6,78.42
2020,8,23,13,15,722,240,4,28.6,78.34
2020,8,23,13,30,727,266,4,28.6,78.34
2020,8,23,13,45,708,262,4,28.6,77.99
2020,8,23,14,0,694,272,3.9000000000000004,28.6,77.99
2020,8,23,14,15,646,235,3.9000000000000004,28.6,77.99
2020,8,23,14,30,676,326,3.9000000000000004,28.6,77.99
2020,8,23,14,45,608,261,3.8000000000000003,28.5,78.36
2020,8,23,15,0,585,276,3.8000000000000003,28.5,78.36
2020,8,23,15,15,535,248,3.8000000000000003,28.400000000000002,78.82000000000001
2020,8,23,15,30,467,193,3.7,28.400000000000002,78.82000000000001
2020,8,23,15,45,457,240,3.7,28.3,79.45
2020,8,23,16,0,366,144,3.7,28.3,79.45
2020,8,23,16,15,196,12,3.7,28.200000000000003,79.91
2020,8,23,16,30,306,166,3.6,28.1,80.38
2020,8,23,16,45,253,131,3.6,28,81.82000000000001
2020,8,23,17,0,264,277,3.6,27.900000000000002,82.29
2020,8,23,17,15,197,182,3.6,27.700000000000003,83.26
2020,8,23,17,30,107,20,3.6,27.6,83.74
2020,8,23,17,45,125,196,3.5,27.400000000000002,86.10000000000001
2020,8,23,18,0,77,108,3.5,27.3,86.61
2020,8,23,18,15,52,74,3.5,27.200000000000003,87.11
2020,8,23,18,30,17,9,3.6,27.1,87.62
2020,8,23,18,45,0,0,3.6,27,88.94
2020,8,23,19,0,0,0,3.6,26.900000000000002,89.46000000000001
2020,8,23,19,15,0,0,3.6,26.900000000000002,89.46000000000001
2020,8,23,19,30,0,0,3.6,26.900000000000002,89.46000000000001
2020,8,23,19,45,0,0,3.6,26.900000000000002,89.46000000000001
2020,8,23,20,0,0,0,3.8000000000000003,26.8,90.8
2020,8,23,20,15,0,0,3.8000000000000003,26.8,90.8
2020,8,23,20,30,0,0,3.8000000000000003,26.700000000000003,91.34
2020,8,23,20,45,0,0,3.9000000000000004,26.700000000000003,92.07000000000001
2020,8,23,21,0,0,0,3.9000000000000004,26.700000000000003,92.07000000000001
2020,8,23,21,15,0,0,3.9000000000000004,26.6,92.61
2020,8,23,21,30,0,0,3.9000000000000004,26.6,92.61
2020,8,23,21,45,0,0,4,26.6,92.94
2020,8,23,22,0,0,0,4,26.5,93.48
2020,8,23,22,15,0,0,3.9000000000000004,26.5,93.48
2020,8,23,22,30,0,0,3.9000000000000004,26.5,93.48
2020,8,23,22,45,0,0,3.9000000000000004,26.5,93.48
2020,8,23,23,0,0,0,3.9000000000000004,26.400000000000002,94.03
2020,8,23,23,15,0,0,3.8000000000000003,26.400000000000002,94.03
2020,8,23,23,30,0,0,3.8000000000000003,26.400000000000002,93.93
2020,8,23,23,45,0,0,3.7,26.400000000000002,93.32000000000001
2020,8,24,0,0,0,0,3.7,26.400000000000002,93.32000000000001
2020,8,24,0,15,0,0,3.6,26.3,93.87
2020,8,24,0,30,0,0,3.6,26.3,93.87
2020,8,24,0,45,0,0,3.6,26.3,93.03
2020,8,24,1,0,0,0,3.5,26.3,93.03
2020,8,24,1,15,0,0,3.5,26.200000000000003,93.58
2020,8,24,1,30,0,0,3.5,26.200000000000003,93.48
2020,8,24,1,45,0,0,3.4000000000000004,26.200000000000003,92.47
2020,8,24,2,0,0,0,3.4000000000000004,26.200000000000003,92.47
2020,8,24,2,15,0,0,3.4000000000000004,26.200000000000003,92.47
2020,8,24,2,30,0,0,3.4000000000000004,26.200000000000003,92.47
2020,8,24,2,45,0,0,3.4000000000000004,26.1,92.03
2020,8,24,3,0,0,0,3.4000000000000004,26.1,92.03
2020,8,24,3,15,0,0,3.4000000000000004,26.1,92.03
2020,8,24,3,30,0,0,3.4000000000000004,26.1,92.03
2020,8,24,3,45,0,0,3.4000000000000004,26.1,91.29
2020,8,24,4,0,0,0,3.4000000000000004,26.1,91.29
2020,8,24,4,15,0,0,3.4000000000000004,26.1,91.29
2020,8,24,4,30,0,0,3.4000000000000004,26.1,91.29
2020,8,24,4,45,0,0,3.4000000000000004,26,91.52
2020,8,24,5,0,0,0,3.4000000000000004,26,91.52
2020,8,24,5,15,0,0,3.5,26,91.52
2020,8,24,5,30,0,0,3.5,26.1,90.98
2020,8,24,5,45,0,0,3.5,26.1,91.14
2020,8,24,6,0,0,0,3.5,26.1,91.14
2020,8,24,6,15,5,0,3.6,26.200000000000003,90.61
2020,8,24,6,30,26,11,3.7,26.3,90.08
2020,8,24,6,45,63,113,3.8000000000000003,26.400000000000002,89.68
2020,8,24,7,0,111,225,3.9000000000000004,26.5,89.24
2020,8,24,7,15,184,407,3.9000000000000004,26.6,88.72
2020,8,24,7,30,241,478,4,26.700000000000003,88.2
2020,8,24,7,45,302,548,4.1000000000000005,26.8,85.12
2020,8,24,8,0,331,457,4.1000000000000005,27,84.13
2020,8,24,8,15,357,370,4.2,27.1,83.64
2020,8,24,8,30,309,136,4.2,27.200000000000003,83.15
2020,8,24,8,45,248,33,4.2,27.3,79.73
2020,8,24,9,0,386,148,4.2,27.5,78.8
2020,8,24,9,15,412,136,4.2,27.6,78.35000000000001
2020,8,24,9,30,396,87,4.2,27.700000000000003,77.89
2020,8,24,9,45,506,177,4.2,27.8,75.42
2020,8,24,10,0,385,47,4.2,28,74.55
2020,8,24,10,15,405,47,4.2,28,74.55
2020,8,24,10,30,334,22,4.2,28.1,74.11
2020,8,24,10,45,292,15,4.1000000000000005,28.200000000000003,73.34
2020,8,24,11,0,290,15,4.1000000000000005,28.3,72.91
2020,8,24,11,15,260,13,4.1000000000000005,28.3,72.91
2020,8,24,11,30,218,11,4,28.3,72.84
2020,8,24,11,45,223,11,4,28.3,73.08
2020,8,24,12,0,268,14,4,28.400000000000002,72.66
2020,8,24,12,15,273,14,3.9000000000000004,28.400000000000002,72.66
2020,8,24,12,30,246,13,3.9000000000000004,28.400000000000002,72.66
2020,8,24,12,45,255,13,3.8000000000000003,28.400000000000002,72.93
2020,8,24,13,0,344,19,3.8000000000000003,28.400000000000002,72.93
2020,8,24,13,15,337,18,3.8000000000000003,28.400000000000002,72.86
2020,8,24,13,30,350,20,3.7,28.3,73.28
2020,8,24,13,45,320,17,3.7,28.3,73.44
2020,8,24,14,0,364,24,3.7,28.3,73.44
2020,8,24,14,15,383,31,3.6,28.200000000000003,73.87
2020,8,24,14,30,430,55,3.6,28.200000000000003,73.87
2020,8,24,14,45,441,73,3.6,28.200000000000003,74.03
2020,8,24,15,0,373,46,3.6,28.1,74.39
2020,8,24,15,15,418,95,3.5,28,74.82000000000001
2020,8,24,15,30,407,113,3.5,27.900000000000002,75.26
2020,8,24,15,45,365,100,3.4000000000000004,27.8,75.91
2020,8,24,16,0,407,220,3.4000000000000004,27.8,75.91
2020,8,24,16,15,394,285,3.3000000000000003,27.6,76.8
2020,8,24,16,30,322,207,3.3000000000000003,27.5,77.25
2020,8,24,16,45,318,319,3.2,27.3,79.01
2020,8,24,17,0,118,0,3.2,27.200000000000003,79.47
2020,8,24,17,15,171,104,3,27,80.4
2020,8,24,17,30,149,145,2.9000000000000004,26.8,81.35000000000001
2020,8,24,17,45,122,186,2.8000000000000003,26.6,84.15
2020,8,24,18,0,78,127,2.7,26.400000000000002,85.14
2020,8,24,18,15,39,44,2.7,26.3,85.64
2020,8,24,18,30,16,0,2.7,26.200000000000003,86.23
2020,8,24,18,45,0,0,2.6,26,88.05
2020,8,24,19,0,0,0,2.6,25.900000000000002,88.57000000000001
2020,8,24,19,15,0,0,2.6,25.900000000000002,88.57000000000001
2020,8,24,19,30,0,0,2.6,25.900000000000002,88.57000000000001
2020,8,24,19,45,0,0,2.6,25.900000000000002,88.57000000000001
2020,8,24,20,0,0,0,2.6,25.8,89.32000000000001
2020,8,24,20,15,0,0,2.6,25.700000000000003,89.85000000000001
2020,8,24,20,30,0,0,2.6,25.700000000000003,89.85000000000001
2020,8,24,20,45,0,0,2.5,25.700000000000003,90.05
2020,8,24,21,0,0,0,2.5,25.700000000000003,90.05
2020,8,24,21,15,0,0,2.5,25.6,90.58
2020,8,24,21,30,0,0,2.5,25.6,90.58
2020,8,24,21,45,0,0,2.5,25.6,90.62
2020,8,24,22,0,0,0,2.5,25.5,91.25
2020,8,24,22,15,0,0,2.5,25.5,91.15
2020,8,24,22,30,0,0,2.5,25.5,91.15
2020,8,24,22,45,0,0,2.5,25.5,91.21000000000001
2020,8,24,23,0,0,0,2.5,25.5,91.21000000000001
2020,8,24,23,15,0,0,2.5,25.5,91.21000000000001
2020,8,24,23,30,0,0,2.5,25.5,91.21000000000001
2020,8,24,23,45,0,0,2.5,25.5,91.10000000000001
2020,8,25,0,0,0,0,2.6,25.5,91.10000000000001
2020,8,25,0,15,0,0,2.6,25.5,91.10000000000001
2020,8,25,0,30,0,0,2.6,25.400000000000002,91.54
2020,8,25,0,45,0,0,2.6,25.400000000000002,91.44
2020,8,25,1,0,0,0,2.6,25.400000000000002,91.44
2020,8,25,1,15,0,0,2.7,25.400000000000002,91.44
2020,8,25,1,30,0,0,2.7,25.400000000000002,91.44
2020,8,25,1,45,0,0,2.7,25.400000000000002,91.37
2020,8,25,2,0,0,0,2.7,25.400000000000002,91.37
2020,8,25,2,15,0,0,2.7,25.400000000000002,91.37
2020,8,25,2,30,0,0,2.7,25.400000000000002,91.37
2020,8,25,2,45,0,0,2.8000000000000003,25.400000000000002,91.23
2020,8,25,3,0,0,0,2.8000000000000003,25.400000000000002,91.23
2020,8,25,3,15,0,0,2.8000000000000003,25.400000000000002,91.23
2020,8,25,3,30,0,0,2.8000000000000003,25.400000000000002,91.23
2020,8,25,3,45,0,0,2.9000000000000004,25.400000000000002,91.56
2020,8,25,4,0,0,0,2.9000000000000004,25.400000000000002,91.56
2020,8,25,4,15,0,0,2.9000000000000004,25.400000000000002,91.56
2020,8,25,4,30,0,0,2.9000000000000004,25.400000000000002,91.56
2020,8,25,4,45,0,0,2.9000000000000004,25.400000000000002,91.83
2020,8,25,5,0,0,0,2.9000000000000004,25.400000000000002,91.83
2020,8,25,5,15,0,0,3,25.5,91.28
2020,8,25,5,30,0,0,3,25.6,90.75
2020,8,25,5,45,0,0,3,25.700000000000003,91.52
2020,8,25,6,0,0,0,3,25.700000000000003,91.52
2020,8,25,6,15,10,19,3.1,26,89.91
2020,8,25,6,30,40,150,3.2,26.200000000000003,88.86
2020,8,25,6,45,84,292,3.2,26.400000000000002,89.89
2020,8,25,7,0,136,402,3.3000000000000003,26.6,88.84
2020,8,25,7,15,193,489,3.4000000000000004,26.700000000000003,88.33
2020,8,25,7,30,251,555,3.4000000000000004,26.900000000000002,87.3
2020,8,25,7,45,312,613,3.5,27,85.93
2020,8,25,8,0,335,477,3.5,27.1,85.43
2020,8,25,8,15,319,248,3.6,27.3,84.43
2020,8,25,8,30,489,724,3.6,27.400000000000002,83.94
2020,8,25,8,45,546,750,3.7,27.6,82.18
2020,8,25,9,0,600,773,3.7,27.700000000000003,81.7
2020,8,25,9,15,652,791,3.8000000000000003,27.900000000000002,80.76
2020,8,25,9,30,579,376,3.8000000000000003,28,80.29
2020,8,25,9,45,623,391,3.8000000000000003,28.1,79.73
2020,8,25,10,0,791,829,3.9000000000000004,28.200000000000003,79.27
2020,8,25,10,15,371,34,3.9000000000000004,28.3,78.81
2020,8,25,10,30,866,848,4,28.400000000000002,78.36
2020,8,25,10,45,897,849,4,28.5,78.39
2020,8,25,11,0,925,856,4.1000000000000005,28.5,78.39
2020,8,25,11,15,450,42,4.1000000000000005,28.6,77.86
2020,8,25,11,30,967,865,4.1000000000000005,28.6,77.86
2020,8,25,11,45,979,854,4.2,28.700000000000003,78.12
2020,8,25,12,0,989,857,4.2,28.8,77.67
2020,8,25,12,15,995,858,4.2,28.8,77.67
2020,8,25,12,30,996,858,4.2,28.8,77.67
2020,8,25,12,45,989,847,4.2,28.8,78.12
2020,8,25,13,0,981,845,4.2,28.8,78.12
2020,8,25,13,15,432,33,4.2,28.8,78.12
2020,8,25,13,30,951,838,4.2,28.8,78.04
2020,8,25,13,45,927,828,4.2,28.8,78.26
2020,8,25,14,0,901,821,4.1000000000000005,28.8,78.26
2020,8,25,14,15,870,813,4.1000000000000005,28.8,78.26
2020,8,25,14,30,836,804,4.1000000000000005,28.700000000000003,78.72
2020,8,25,14,45,799,795,4,28.700000000000003,78.87
2020,8,25,15,0,757,782,4,28.700000000000003,78.87
2020,8,25,15,15,711,767,3.9000000000000004,28.6,79.32000000000001
2020,8,25,15,30,663,750,3.9000000000000004,28.6,79.32000000000001
2020,8,25,15,45,614,738,3.8000000000000003,28.5,79.87
2020,8,25,16,0,560,715,3.8000000000000003,28.5,79.87
2020,8,25,16,15,504,690,3.7,28.400000000000002,80.34
2020,8,25,16,30,447,659,3.7,28.3,80.8
2020,8,25,16,45,390,632,3.6,28.200000000000003,81.67
2020,8,25,17,0,330,590,3.5,28.1,82.15
2020,8,25,17,15,271,538,3.4000000000000004,27.900000000000002,83.11
2020,8,25,17,30,212,474,3.3000000000000003,27.700000000000003,84.08
2020,8,25,17,45,157,412,3.2,27.6,85.8
2020,8,25,18,0,103,312,3.1,27.400000000000002,86.81
2020,8,25,18,15,56,189,3.2,27.3,87.32000000000001
2020,8,25,18,30,20,53,3.2,27.200000000000003,87.83
2020,8,25,18,45,0,0,3.2,27.1,89.10000000000001
2020,8,25,19,0,0,0,3.2,27,89.62
2020,8,25,19,15,0,0,3.2,27,89.62
2020,8,25,19,30,0,0,3.2,27,89.62
2020,8,25,19,45,0,0,3.2,27,89.62
2020,8,25,20,0,0,0,3.3000000000000003,26.900000000000002,90.41
2020,8,25,20,15,0,0,3.3000000000000003,26.900000000000002,90.41
2020,8,25,20,30,0,0,3.4000000000000004,26.900000000000002,90.5
2020,8,25,20,45,0,0,3.4000000000000004,26.900000000000002,90.60000000000001
2020,8,25,21,0,0,0,3.4000000000000004,26.900000000000002,90.60000000000001
2020,8,25,21,15,0,0,3.4000000000000004,26.8,91.14
2020,8,25,21,30,0,0,3.4000000000000004,26.8,91.14
2020,8,25,21,45,0,0,3.4000000000000004,26.8,91.17
2020,8,25,22,0,0,0,3.4000000000000004,26.8,91.17
2020,8,25,22,15,0,0,3.4000000000000004,26.8,91.17
2020,8,25,22,30,0,0,3.4000000000000004,26.700000000000003,91.7
2020,8,25,22,45,0,0,3.5,26.700000000000003,91.55
2020,8,25,23,0,0,0,3.5,26.700000000000003,91.55
2020,8,25,23,15,0,0,3.5,26.700000000000003,91.55
2020,8,25,23,30,0,0,3.5,26.6,92.09
2020,8,25,23,45,0,0,3.5,26.6,91.61
2020,8,26,0,0,0,0,3.5,26.6,91.61
2020,8,26,0,15,0,0,3.5,26.5,92.14
2020,8,26,0,30,0,0,3.5,26.5,92.05
2020,8,26,0,45,0,0,3.5,26.5,91.46000000000001
2020,8,26,1,0,0,0,3.5,26.5,91.46000000000001
2020,8,26,1,15,0,0,3.5,26.400000000000002,92
2020,8,26,1,30,0,0,3.5,26.400000000000002,92
2020,8,26,1,45,0,0,3.5,26.400000000000002,91.55
2020,8,26,2,0,0,0,3.5,26.400000000000002,91.55
2020,8,26,2,15,0,0,3.5,26.3,92.09
2020,8,26,2,30,0,0,3.5,26.3,92.09
2020,8,26,2,45,0,0,3.5,26.3,91.73
2020,8,26,3,0,0,0,3.5,26.3,91.73
2020,8,26,3,15,0,0,3.5,26.3,91.73
2020,8,26,3,30,0,0,3.6,26.200000000000003,92.27
2020,8,26,3,45,0,0,3.6,26.200000000000003,91.97
2020,8,26,4,0,0,0,3.6,26.200000000000003,91.97
2020,8,26,4,15,0,0,3.6,26.200000000000003,91.97
2020,8,26,4,30,0,0,3.6,26.200000000000003,92.06
2020,8,26,4,45,0,0,3.6,26.200000000000003,91.46000000000001
2020,8,26,5,0,0,0,3.6,26.1,92
2020,8,26,5,15,0,0,3.6,26.200000000000003,91.46000000000001
2020,8,26,5,30,0,0,3.6,26.200000000000003,91.46000000000001
2020,8,26,5,45,0,0,3.6,26.3,90.76
2020,8,26,6,0,0,0,3.6,26.3,90.76
2020,8,26,6,15,10,9,3.7,26.5,89.7
2020,8,26,6,30,39,120,3.7,26.700000000000003,88.65
2020,8,26,6,45,82,249,3.8000000000000003,26.8,88.08
2020,8,26,7,0,134,361,3.9000000000000004,27,87.06
2020,8,26,7,15,190,451,3.9000000000000004,27.200000000000003,86.05
2020,8,26,7,30,249,523,4,27.400000000000002,85.05
2020,8,26,7,45,309,577,4,27.6,81.68
2020,8,26,8,0,369,624,4.1000000000000005,27.700000000000003,81.2
2020,8,26,8,15,429,664,4.1000000000000005,27.900000000000002,80.26
2020,8,26,8,30,488,697,4.1000000000000005,28.1,79.34
2020,8,26,8,45,546,725,4.2,28.3,76.71000000000001
2020,8,26,9,0,601,749,4.2,28.5,75.83
2020,8,26,9,15,654,770,4.2,28.700000000000003,74.96000000000001
2020,8,26,9,30,705,787,4.2,28.8,74.53
2020,8,26,9,45,752,806,4.2,29,73.10000000000001
2020,8,26,10,0,797,819,4.2,29.200000000000003,72.26
2020,8,26,10,15,837,830,4.2,29.3,71.85000000000001
2020,8,26,10,30,505,95,4.2,29.400000000000002,71.44
2020,8,26,10,45,908,856,4.2,29.5,71.12
2020,8,26,11,0,937,863,4.2,29.6,70.71000000000001
2020,8,26,11,15,302,16,4.2,29.700000000000003,70.31
2020,8,26,11,30,981,873,4.2,29.8,69.91
2020,8,26,11,45,996,877,4.2,29.8,70.59
2020,8,26,12,0,434,32,4.2,29.900000000000002,70.19
2020,8,26,12,15,361,20,4.1000000000000005,29.900000000000002,70.19
2020,8,26,12,30,670,162,4.1000000000000005,30,69.79
2020,8,26,12,45,610,113,4.1000000000000005,30,70.36
2020,8,26,13,0,1001,880,4.1000000000000005,30.1,69.89
2020,8,26,13,15,988,877,4,30,70.29
2020,8,26,13,30,968,871,4,30,70.29
2020,8,26,13,45,946,866,4,30,70.61
2020,8,26,14,0,919,860,4,30,70.61
2020,8,26,14,15,442,53,4,30,70.61
2020,8,26,14,30,853,843,3.9000000000000004,29.900000000000002,71.02
2020,8,26,14,45,814,834,3.9000000000000004,29.900000000000002,71.18
2020,8,26,15,0,771,821,3.9000000000000004,29.8,71.59
2020,8,26,15,15,725,807,3.9000000000000004,29.700000000000003,72
2020,8,26,15,30,676,791,3.9000000000000004,29.6,72.41
2020,8,26,15,45,624,775,3.9000000000000004,29.5,72.99
2020,8,26,16,0,569,753,3.9000000000000004,29.400000000000002,73.41
2020,8,26,16,15,513,728,3.9000000000000004,29.3,73.84
2020,8,26,16,30,454,698,3.9000000000000004,29.1,74.69
2020,8,26,16,45,395,667,3.8000000000000003,29,75.25
2020,8,26,17,0,335,625,3.8000000000000003,28.900000000000002,75.69
2020,8,26,17,15,274,573,3.8000000000000003,28.6,77.01
2020,8,26,17,30,215,510,3.7,28.400000000000002,77.9
2020,8,26,17,45,158,439,3.6,28.200000000000003,80.03
2020,8,26,18,0,64,55,3.6,28,80.96000000000001
2020,8,26,18,15,18,0,3.6,27.8,81.99
2020,8,26,18,30,19,61,3.5,27.6,82.95
2020,8,26,18,45,0,0,3.5,27.5,84.93
2020,8,26,19,0,0,0,3.5,27.3,85.92
2020,8,26,19,15,0,0,3.5,27.3,85.92
2020,8,26,19,30,0,0,3.5,27.3,85.92
2020,8,26,19,45,0,0,3.5,27.3,85.92
2020,8,26,20,0,0,0,3.7,27.1,87.03
2020,8,26,20,15,0,0,3.7,27.1,87.03
2020,8,26,20,30,0,0,3.7,27.1,87.12
2020,8,26,20,45,0,0,3.7,27,87.41
2020,8,26,21,0,0,0,3.8000000000000003,27,87.41
2020,8,26,21,15,0,0,3.8000000000000003,27,87.41
2020,8,26,21,30,0,0,3.8000000000000003,26.900000000000002,87.92
2020,8,26,21,45,0,0,3.8000000000000003,26.900000000000002,88.03
2020,8,26,22,0,0,0,3.8000000000000003,26.8,88.54
2020,8,26,22,15,0,0,3.8000000000000003,26.8,88.54
2020,8,26,22,30,0,0,3.8000000000000003,26.8,88.54
2020,8,26,22,45,0,0,3.8000000000000003,26.700000000000003,88.89
2020,8,26,23,0,0,0,3.8000000000000003,26.700000000000003,88.89
2020,8,26,23,15,0,0,3.8000000000000003,26.700000000000003,88.89
2020,8,26,23,30,0,0,3.8000000000000003,26.700000000000003,88.89
2020,8,26,23,45,0,0,3.8000000000000003,26.6,88.85000000000001
2020,8,27,0,0,0,0,3.8000000000000003,26.6,88.85000000000001
2020,8,27,0,15,0,0,3.8000000000000003,26.6,88.85000000000001
2020,8,27,0,30,0,0,3.8000000000000003,26.6,88.85000000000001
2020,8,27,0,45,0,0,3.8000000000000003,26.6,88.58
2020,8,27,1,0,0,0,3.8000000000000003,26.5,89.11
2020,8,27,1,15,0,0,3.8000000000000003,26.5,89.11
2020,8,27,1,30,0,0,3.8000000000000003,26.5,89.11
2020,8,27,1,45,0,0,3.8000000000000003,26.400000000000002,89.29
2020,8,27,2,0,0,0,3.8000000000000003,26.400000000000002,89.29
2020,8,27,2,15,0,0,3.8000000000000003,26.400000000000002,89.29
2020,8,27,2,30,0,0,3.8000000000000003,26.400000000000002,89.29
2020,8,27,2,45,0,0,3.8000000000000003,26.3,89.42
2020,8,27,3,0,0,0,3.8000000000000003,26.3,89.42
2020,8,27,3,15,0,0,3.8000000000000003,26.3,89.42
2020,8,27,3,30,0,0,3.8000000000000003,26.3,89.42
2020,8,27,3,45,0,0,3.8000000000000003,26.200000000000003,89.7
2020,8,27,4,0,0,0,3.8000000000000003,26.200000000000003,89.7
2020,8,27,4,15,0,0,3.8000000000000003,26.200000000000003,89.7
2020,8,27,4,30,0,0,3.8000000000000003,26.200000000000003,89.7
2020,8,27,4,45,0,0,3.7,26.200000000000003,89.83
2020,8,27,5,0,0,0,3.7,26.200000000000003,89.83
2020,8,27,5,15,0,0,3.7,26.200000000000003,89.83
2020,8,27,5,30,0,0,3.7,26.200000000000003,89.83
2020,8,27,5,45,0,0,3.7,26.3,90.34
2020,8,27,6,0,0,0,3.7,26.3,90.34
2020,8,27,6,15,4,0,3.8000000000000003,26.5,89.29
2020,8,27,6,30,39,148,3.9000000000000004,26.700000000000003,88.25
2020,8,27,6,45,82,263,3.9000000000000004,26.900000000000002,87.71000000000001
2020,8,27,7,0,133,375,4,27.1,86.69
2020,8,27,7,15,189,463,4.1000000000000005,27.3,85.68
2020,8,27,7,30,248,533,4.1000000000000005,27.400000000000002,85.18
2020,8,27,7,45,303,556,4.2,27.6,83.3
2020,8,27,8,0,363,604,4.3,27.8,82.42
2020,8,27,8,15,423,644,4.3,27.900000000000002,81.94
2020,8,27,8,30,481,677,4.3,28.1,81
2020,8,27,8,45,532,673,4.3,28.3,80.44
2020,8,27,9,0,586,698,4.4,28.5,79.52
2020,8,27,9,15,639,720,4.4,28.6,79.06
2020,8,27,9,30,688,740,4.4,28.8,78.15
2020,8,27,9,45,728,725,4.4,28.900000000000002,78.27
2020,8,27,10,0,183,6,4.4,29,77.75
2020,8,27,10,15,812,753,4.4,29.1,77.3
2020,8,27,10,30,847,764,4.5,29.200000000000003,76.86
2020,8,27,10,45,883,789,4.5,29.3,77.36
2020,8,27,11,0,227,11,4.5,29.400000000000002,76.91
2020,8,27,11,15,935,802,4.5,29.400000000000002,76.91
2020,8,27,11,30,954,807,4.5,29.400000000000002,76.91
2020,8,27,11,45,962,785,4.5,29.5,77.38
2020,8,27,12,0,972,788,4.5,29.5,77.38
2020,8,27,12,15,977,789,4.5,29.5,77.38
2020,8,27,12,30,978,789,4.5,29.5,77.3
2020,8,27,12,45,969,769,4.5,29.5,77.97
2020,8,27,13,0,961,767,4.5,29.5,77.97
2020,8,27,13,15,948,764,4.5,29.5,77.97
2020,8,27,13,30,930,759,4.5,29.400000000000002,78.42
2020,8,27,13,45,904,738,4.5,29.400000000000002,78.96000000000001
2020,8,27,14,0,878,730,4.5,29.400000000000002,78.96000000000001
2020,8,27,14,15,847,720,4.5,29.3,79.42
2020,8,27,14,30,812,709,4.5,29.200000000000003,79.87
2020,8,27,14,45,772,689,4.5,29.1,80.78
2020,8,27,15,0,730,673,4.5,29,81.24
2020,8,27,15,15,685,655,4.5,28.8,82.18
2020,8,27,15,30,637,634,4.5,28.700000000000003,82.66
2020,8,27,15,45,585,610,4.5,28.5,84.41
2020,8,27,16,0,532,583,4.5,28.400000000000002,84.9
2020,8,27,16,15,477,551,4.4,28.200000000000003,85.89
2020,8,27,16,30,420,514,4.4,28.1,86.39
2020,8,27,16,45,363,477,4.4,27.900000000000002,88.58
2020,8,27,17,0,305,427,4.3,27.8,89.10000000000001
2020,8,27,17,15,10,0,4.3,27.6,90.14
2020,8,27,17,30,190,300,4.2,27.5,90.67
2020,8,27,17,45,137,230,4.2,27.400000000000002,92.32000000000001
2020,8,27,18,0,87,140,4.2,27.200000000000003,93.41
2020,8,27,18,15,43,53,4.2,27.200000000000003,93.41
2020,8,27,18,30,11,3,4.2,27.1,93.95
2020,8,27,18,45,0,0,4.2,27,95.14
2020,8,27,19,0,0,0,4.2,27,95.14
2020,8,27,19,15,0,0,4.2,27,95.14
2020,8,27,19,30,0,0,4.2,27,95.14
2020,8,27,19,45,0,0,4.2,27,95.14
2020,8,27,20,0,0,0,4.2,26.900000000000002,95.72
2020,8,27,20,15,0,0,4.3,26.900000000000002,95.72
2020,8,27,20,30,0,0,4.3,26.900000000000002,95.72
2020,8,27,20,45,0,0,4.3,26.900000000000002,94.85000000000001
2020,8,27,21,0,0,0,4.4,26.900000000000002,94.85000000000001
2020,8,27,21,15,0,0,4.4,26.900000000000002,94.85000000000001
2020,8,27,21,30,0,0,4.4,26.900000000000002,94.85000000000001
2020,8,27,21,45,0,0,4.4,26.900000000000002,93.73
2020,8,27,22,0,0,0,4.4,26.900000000000002,93.73
2020,8,27,22,15,0,0,4.3,26.900000000000002,93.73
2020,8,27,22,30,0,0,4.3,26.900000000000002,93.73
2020,8,27,22,45,0,0,4.2,26.8,92.92
2020,8,27,23,0,0,0,4.2,26.8,92.92
2020,8,27,23,15,0,0,4.1000000000000005,26.8,92.92
2020,8,27,23,30,0,0,4.1000000000000005,26.8,92.92
2020,8,27,23,45,0,0,4.1000000000000005,26.700000000000003,91.78
2020,8,28,0,0,0,0,4,26.700000000000003,91.78
2020,8,28,0,15,0,0,4,26.700000000000003,91.78
2020,8,28,0,30,0,0,4,26.700000000000003,91.78
2020,8,28,0,45,0,0,4,26.6,90.11
2020,8,28,1,0,0,0,4,26.6,90.02
2020,8,28,1,15,0,0,4,26.6,90.02
2020,8,28,1,30,0,0,4,26.6,90.02
2020,8,28,1,45,0,0,4,26.5,89.19
2020,8,28,2,0,0,0,4,26.5,89.19
2020,8,28,2,15,0,0,4,26.5,89.19
2020,8,28,2,30,0,0,4,26.5,89.19
2020,8,28,2,45,0,0,4,26.5,88.35000000000001
2020,8,28,3,0,0,0,4,26.400000000000002,88.87
2020,8,28,3,15,0,0,4,26.400000000000002,88.87
2020,8,28,3,30,0,0,4,26.400000000000002,88.87
2020,8,28,3,45,0,0,4,26.400000000000002,88.42
2020,8,28,4,0,0,0,4,26.400000000000002,88.42
2020,8,28,4,15,0,0,4,26.400000000000002,88.51
2020,8,28,4,30,0,0,4,26.400000000000002,88.51
2020,8,28,4,45,0,0,4,26.400000000000002,88.24
2020,8,28,5,0,0,0,4,26.400000000000002,88.24
2020,8,28,5,15,0,0,4,26.400000000000002,88.24
2020,8,28,5,30,0,0,4,26.400000000000002,88.24
2020,8,28,5,45,0,0,4,26.5,88.03
2020,8,28,6,0,0,0,4,26.5,88.03
2020,8,28,6,15,0,0,4.1000000000000005,26.700000000000003,87
2020,8,28,6,30,25,8,4.2,26.8,86.49
2020,8,28,6,45,65,51,4.3,27,85.8
2020,8,28,7,0,112,117,4.3,27.1,85.3
2020,8,28,7,15,164,188,4.4,27.3,84.4
2020,8,28,7,30,220,255,4.5,27.5,83.42
2020,8,28,7,45,276,311,4.5,27.700000000000003,81.14
2020,8,28,8,0,334,364,4.6000000000000005,27.8,80.67
2020,8,28,8,15,391,411,4.6000000000000005,28,79.74
2020,8,28,8,30,447,450,4.6000000000000005,28.1,79.27
2020,8,28,8,45,503,486,4.6000000000000005,28.3,77.51
2020,8,28,9,0,556,517,4.6000000000000005,28.400000000000002,77.07000000000001
2020,8,28,9,15,608,544,4.6000000000000005,28.6,76.18
2020,8,28,9,30,657,568,4.6000000000000005,28.8,75.31
2020,8,28,9,45,705,594,4.5,28.900000000000002,74.63
2020,8,28,10,0,748,612,4.5,29.1,73.78
2020,8,28,10,15,788,628,4.5,29.200000000000003,73.36
2020,8,28,10,30,823,641,4.5,29.3,72.94
2020,8,28,10,45,864,691,4.4,29.400000000000002,72.67
2020,8,28,11,0,892,700,4.4,29.5,72.26
2020,8,28,11,15,916,708,4.4,29.6,71.77
2020,8,28,11,30,935,714,4.3,29.700000000000003,71.36
2020,8,28,11,45,946,701,4.3,29.700000000000003,71.60000000000001
2020,8,28,12,0,956,704,4.2,29.8,71.19
2020,8,28,12,15,961,706,4.2,29.8,71.19
2020,8,28,12,30,962,706,4.2,29.900000000000002,70.79
2020,8,28,12,45,956,691,4.1000000000000005,29.900000000000002,70.57000000000001
2020,8,28,13,0,947,688,4.1000000000000005,29.900000000000002,70.57000000000001
2020,8,28,13,15,934,684,4,29.900000000000002,70.57000000000001
2020,8,28,13,30,916,678,4,29.900000000000002,70.57000000000001
2020,8,28,13,45,891,657,4,29.900000000000002,70.49
2020,8,28,14,0,864,648,4,29.900000000000002,70.49
2020,8,28,14,15,833,637,4,29.8,70.82000000000001
2020,8,28,14,30,798,625,3.9000000000000004,29.700000000000003,71.22
2020,8,28,14,45,757,597,3.9000000000000004,29.700000000000003,71.33
2020,8,28,15,0,715,579,3.9000000000000004,29.6,71.74
2020,8,28,15,15,670,559,3.9000000000000004,29.5,72.16
2020,8,28,15,30,621,536,4,29.400000000000002,72.57000000000001
2020,8,28,15,45,569,497,4,29.3,73.42
2020,8,28,16,0,516,467,4,29.200000000000003,73.85000000000001
2020,8,28,16,15,460,431,4,29,74.7
2020,8,28,16,30,404,392,4,28.900000000000002,75.13
2020,8,28,16,45,345,338,4,28.700000000000003,76.34
2020,8,28,17,0,288,288,4,28.5,77.22
2020,8,28,17,15,231,232,4,28.3,78.12
2020,8,28,17,30,176,171,4,28.200000000000003,78.66
2020,8,28,17,45,123,106,4,28,80.24
2020,8,28,18,0,74,48,3.9000000000000004,27.8,81.18
2020,8,28,18,15,31,9,3.9000000000000004,27.700000000000003,81.65
2020,8,28,18,30,4,0,3.9000000000000004,27.5,82.61
2020,8,28,18,45,0,0,3.9000000000000004,27.400000000000002,84.5
2020,8,28,19,0,0,0,3.9000000000000004,27.3,84.99
2020,8,28,19,15,0,0,3.9000000000000004,27.3,84.99
2020,8,28,19,30,0,0,3.9000000000000004,27.3,84.99
2020,8,28,19,45,0,0,3.9000000000000004,27.3,84.99
2020,8,28,20,0,0,0,4,27.1,87.03
2020,8,28,20,15,0,0,4,27.1,87.12
2020,8,28,20,30,0,0,4,27,87.63
2020,8,28,20,45,0,0,4,27,87.82000000000001
2020,8,28,21,0,0,0,4,27,87.82000000000001
2020,8,28,21,15,0,0,4,26.900000000000002,88.33
2020,8,28,21,30,0,0,3.9000000000000004,26.900000000000002,88.33
2020,8,28,21,45,0,0,3.9000000000000004,26.900000000000002,88.05
2020,8,28,22,0,0,0,3.9000000000000004,26.8,88.56
2020,8,28,22,15,0,0,3.9000000000000004,26.8,88.56
2020,8,28,22,30,0,0,3.8000000000000003,26.700000000000003,89.08
2020,8,28,22,45,0,0,3.8000000000000003,26.700000000000003,88.5
2020,8,28,23,0,0,0,3.8000000000000003,26.6,89.02
2020,8,28,23,15,0,0,3.7,26.6,89.02
2020,8,28,23,30,0,0,3.7,26.6,89.02
2020,8,28,23,45,0,0,3.7,26.5,88.69
2020,8,29,0,0,0,0,3.7,26.5,88.69
2020,8,29,0,15,0,0,3.6,26.5,88.69
2020,8,29,0,30,0,0,3.6,26.5,88.69
2020,8,29,0,45,0,0,3.6,26.400000000000002,88.57000000000001
2020,8,29,1,0,0,0,3.6,26.400000000000002,88.57000000000001
2020,8,29,1,15,0,0,3.6,26.400000000000002,88.48
2020,8,29,1,30,0,0,3.6,26.3,89
2020,8,29,1,45,0,0,3.6,26.3,88.4
2020,8,29,2,0,0,0,3.6,26.3,88.4
2020,8,29,2,15,0,0,3.7,26.3,88.4
2020,8,29,2,30,0,0,3.7,26.3,88.4
2020,8,29,2,45,0,0,3.7,26.3,87.17
2020,8,29,3,0,0,0,3.7,26.3,87.17
2020,8,29,3,15,0,0,3.8000000000000003,26.3,87.17
2020,8,29,3,30,0,0,3.8000000000000003,26.3,87.17
2020,8,29,3,45,0,0,3.8000000000000003,26.3,85.9
2020,8,29,4,0,0,0,3.9000000000000004,26.3,85.9
2020,8,29,4,15,0,0,3.9000000000000004,26.3,85.9
2020,8,29,4,30,0,0,3.9000000000000004,26.3,85.9
2020,8,29,4,45,0,0,3.9000000000000004,26.3,85.58
2020,8,29,5,0,0,0,3.8000000000000003,26.3,85.58
2020,8,29,5,15,0,0,3.8000000000000003,26.3,85.58
2020,8,29,5,30,0,0,3.8000000000000003,26.3,85.58
2020,8,29,5,45,0,0,3.8000000000000003,26.400000000000002,85.72
2020,8,29,6,0,0,0,3.8000000000000003,26.400000000000002,85.72
2020,8,29,6,15,0,0,3.9000000000000004,26.6,84.71000000000001
2020,8,29,6,30,24,7,4,26.8,83.73
2020,8,29,6,45,64,49,4.1000000000000005,26.900000000000002,83.98
2020,8,29,7,0,112,115,4.2,27.1,83.01
2020,8,29,7,15,164,186,4.2,27.3,82.04
2020,8,29,7,30,220,253,4.3,27.400000000000002,81.57000000000001
2020,8,29,7,45,277,316,4.4,27.6,79.19
2020,8,29,8,0,335,369,4.4,27.8,78.27
2020,8,29,8,15,393,416,4.4,27.900000000000002,77.82000000000001
2020,8,29,8,30,449,455,4.5,28.1,76.92
2020,8,29,8,45,505,492,4.5,28.3,75.3
2020,8,29,9,0,559,523,4.5,28.400000000000002,74.87
2020,8,29,9,15,611,551,4.5,28.6,74
2020,8,29,9,30,660,574,4.4,28.8,73.16
2020,8,29,9,45,708,600,4.4,28.900000000000002,72.53
2020,8,29,10,0,751,618,4.4,29.1,71.7
2020,8,29,10,15,790,633,4.4,29.200000000000003,71.29
2020,8,29,10,30,827,647,4.3,29.3,70.88
2020,8,29,10,45,864,684,4.3,29.400000000000002,70.63
2020,8,29,11,0,893,693,4.3,29.6,69.83
2020,8,29,11,15,916,701,4.2,29.6,69.83
2020,8,29,11,30,936,707,4.2,29.700000000000003,69.43
2020,8,29,11,45,951,715,4.1000000000000005,29.8,69.36
2020,8,29,12,0,961,718,4.1000000000000005,29.900000000000002,68.97
2020,8,29,12,15,967,719,4.1000000000000005,29.900000000000002,68.97
2020,8,29,12,30,528,63,4,29.900000000000002,68.97
2020,8,29,12,45,964,720,4,29.900000000000002,69.25
2020,8,29,13,0,345,19,4,30,68.79
2020,8,29,13,15,941,714,4,29.900000000000002,69.18
2020,8,29,13,30,925,709,4,29.900000000000002,69.18
2020,8,29,13,45,593,133,4,29.900000000000002,69.54
2020,8,29,14,0,876,698,4,29.900000000000002,69.54
2020,8,29,14,15,845,688,4,29.8,69.94
2020,8,29,14,30,810,675,4,29.8,69.94
2020,8,29,14,45,772,665,4,29.700000000000003,70.7
2020,8,29,15,0,729,649,4.1000000000000005,29.6,71.10000000000001
2020,8,29,15,15,683,629,4.1000000000000005,29.5,71.51
2020,8,29,15,30,634,607,4.1000000000000005,29.400000000000002,71.92
2020,8,29,15,45,582,583,4.2,29.3,73
2020,8,29,16,0,529,554,4.2,29.200000000000003,73.42
2020,8,29,16,15,473,520,4.2,29,74.27
2020,8,29,16,30,415,482,4.2,28.900000000000002,74.7
2020,8,29,16,45,357,438,4.3,28.700000000000003,76.03
2020,8,29,17,0,299,386,4.3,28.6,76.47
2020,8,29,17,15,241,326,4.3,28.400000000000002,77.43
2020,8,29,17,30,184,257,4.2,28.200000000000003,78.34
2020,8,29,17,45,130,184,4.2,28,80.35000000000001
2020,8,29,18,0,80,101,4.1000000000000005,27.8,81.28
2020,8,29,18,15,38,29,4.1000000000000005,27.700000000000003,81.76
2020,8,29,18,30,7,1,4.1000000000000005,27.5,82.72
2020,8,29,18,45,0,0,4.1000000000000005,27.400000000000002,84.75
2020,8,29,19,0,0,0,4,27.200000000000003,85.75
2020,8,29,19,15,0,0,4,27.200000000000003,85.75
2020,8,29,19,30,0,0,4,27.200000000000003,85.75
2020,8,29,19,45,0,0,4,27.200000000000003,85.75
2020,8,29,20,0,0,0,4.1000000000000005,27,87.21000000000001
2020,8,29,20,15,0,0,4.1000000000000005,27,87.21000000000001
2020,8,29,20,30,0,0,4.2,26.900000000000002,87.81
2020,8,29,20,45,0,0,4.2,26.900000000000002,87.99
2020,8,29,21,0,0,0,4.2,26.8,88.51
2020,8,29,21,15,0,0,4.2,26.8,88.51
2020,8,29,21,30,0,0,4.3,26.8,88.51
2020,8,29,21,45,0,0,4.3,26.8,88.63
2020,8,29,22,0,0,0,4.3,26.700000000000003,89.15
2020,8,29,22,15,0,0,4.3,26.700000000000003,89.15
2020,8,29,22,30,0,0,4.3,26.700000000000003,89.15
2020,8,29,22,45,0,0,4.2,26.700000000000003,89.42
2020,8,29,23,0,0,0,4.2,26.6,89.94
2020,8,29,23,15,0,0,4.2,26.6,89.94
2020,8,29,23,30,0,0,4.2,26.6,89.94
2020,8,29,23,45,0,0,4.2,26.6,89.56
2020,8,30,0,0,0,0,4.2,26.6,89.56
2020,8,30,0,15,0,0,4.2,26.6,89.56
2020,8,30,0,30,0,0,4.1000000000000005,26.5,90
2020,8,30,0,45,0,0,4.1000000000000005,26.5,89.12
2020,8,30,1,0,0,0,4.1000000000000005,26.5,89.12
2020,8,30,1,15,0,0,4,26.5,89.12
2020,8,30,1,30,0,0,4,26.5,89.12
2020,8,30,1,45,0,0,4,26.5,88.58
2020,8,30,2,0,0,0,4,26.5,88.58
2020,8,30,2,15,0,0,4,26.5,88.58
2020,8,30,2,30,0,0,4,26.5,88.58
2020,8,30,2,45,0,0,4,26.5,87.98
2020,8,30,3,0,0,0,4,26.400000000000002,88.5
2020,8,30,3,15,0,0,4,26.400000000000002,88.5
2020,8,30,3,30,0,0,4,26.400000000000002,88.5
2020,8,30,3,45,0,0,4.1000000000000005,26.400000000000002,88.65
2020,8,30,4,0,0,0,4.1000000000000005,26.400000000000002,88.65
2020,8,30,4,15,0,0,4.1000000000000005,26.400000000000002,88.65
2020,8,30,4,30,0,0,4.1000000000000005,26.400000000000002,88.65
2020,8,30,4,45,0,0,4.1000000000000005,26.3,89.04
2020,8,30,5,0,0,0,4.1000000000000005,26.3,89.04
2020,8,30,5,15,0,0,4.1000000000000005,26.3,89.04
2020,8,30,5,30,0,0,4.1000000000000005,26.400000000000002,88.52
2020,8,30,5,45,0,0,4.1000000000000005,26.400000000000002,88.61
2020,8,30,6,0,0,0,4.1000000000000005,26.400000000000002,88.61
2020,8,30,6,15,0,0,4.3,26.6,87.58
2020,8,30,6,30,31,29,4.4,26.8,86.65
2020,8,30,6,45,72,116,4.5,27,85.51
2020,8,30,7,0,121,211,4.6000000000000005,27.200000000000003,84.51
2020,8,30,7,15,174,298,4.7,27.400000000000002,83.53
2020,8,30,7,30,231,371,4.9,27.6,82.57000000000001
2020,8,30,7,45,289,434,5,27.8,79.84
2020,8,30,8,0,349,487,5.1000000000000005,28,78.92
2020,8,30,8,15,407,532,5.2,28.1,78.46000000000001
2020,8,30,8,30,465,570,5.2,28.3,77.56
2020,8,30,8,45,520,599,5.300000000000001,28.400000000000002,76.62
2020,8,30,9,0,575,627,5.4,28.6,75.74
2020,8,30,9,15,627,652,5.4,28.700000000000003,75.3
2020,8,30,9,30,677,673,5.4,28.900000000000002,74.44
2020,8,30,9,45,721,682,5.5,29,74.15
2020,8,30,10,0,765,698,5.5,29.1,73.72
2020,8,30,10,15,805,712,5.5,29.200000000000003,73.3
2020,8,30,10,30,841,724,5.5,29.400000000000002,72.46000000000001
2020,8,30,10,45,478,66,5.5,29.5,71.93
2020,8,30,11,0,897,727,5.5,29.6,71.51
2020,8,30,11,15,923,735,5.5,29.700000000000003,71.11
2020,8,30,11,30,942,741,5.5,29.8,70.7
2020,8,30,11,45,952,726,5.5,29.900000000000002,69.72
2020,8,30,12,0,715,218,5.4,30,69.33
2020,8,30,12,15,969,732,5.4,30,69.26
2020,8,30,12,30,752,259,5.4,30,69.26
2020,8,30,12,45,811,369,5.4,30,68.56
2020,8,30,13,0,697,203,5.300000000000001,30,68.56
2020,8,30,13,15,938,710,5.300000000000001,30,68.56
2020,8,30,13,30,670,198,5.300000000000001,30,68.56
2020,8,30,13,45,718,286,5.300000000000001,29.900000000000002,68.75
2020,8,30,14,0,868,676,5.2,29.900000000000002,68.75
2020,8,30,14,15,836,666,5.2,29.8,69.08
2020,8,30,14,30,800,652,5.2,29.8,69.08
2020,8,30,14,45,678,432,5.1000000000000005,29.700000000000003,69.71000000000001
2020,8,30,15,0,659,477,5.1000000000000005,29.6,70.11
2020,8,30,15,15,489,189,5.1000000000000005,29.5,70.51
2020,8,30,15,30,471,216,5,29.400000000000002,70.92
2020,8,30,15,45,521,419,5,29.3,72.18
2020,8,30,16,0,406,240,4.9,29.200000000000003,72.60000000000001
2020,8,30,16,15,372,255,4.9,29,73.44
2020,8,30,16,30,330,255,4.800000000000001,28.900000000000002,73.86
2020,8,30,16,45,277,224,4.800000000000001,28.700000000000003,76.07000000000001
2020,8,30,17,0,234,216,4.7,28.6,76.51
2020,8,30,17,15,129,29,4.6000000000000005,28.400000000000002,77.4
2020,8,30,17,30,112,49,4.5,28.200000000000003,78.3
2020,8,30,17,45,91,76,4.4,28,81.04
2020,8,30,18,0,64,92,4.3,27.8,81.99
2020,8,30,18,15,29,14,4.2,27.700000000000003,82.46000000000001
2020,8,30,18,30,6,0,4.1000000000000005,27.6,82.94
2020,8,30,18,45,0,0,4.1000000000000005,27.5,85.38
2020,8,30,19,0,0,0,4,27.400000000000002,85.97
2020,8,30,19,15,0,0,4,27.400000000000002,85.97
2020,8,30,19,30,0,0,4,27.400000000000002,85.97
2020,8,30,19,45,0,0,4,27.400000000000002,85.97
2020,8,30,20,0,0,0,4,27.1,88.54
2020,8,30,20,15,0,0,4,27,89.06
2020,8,30,20,30,0,0,4,27,89.06
2020,8,30,20,45,0,0,4,26.900000000000002,90.32000000000001
2020,8,30,21,0,0,0,4,26.900000000000002,90.41
2020,8,30,21,15,0,0,4,26.8,90.94
2020,8,30,21,30,0,0,4.1000000000000005,26.8,90.94
2020,8,30,21,45,0,0,4.1000000000000005,26.8,91.23
2020,8,30,22,0,0,0,4.1000000000000005,26.700000000000003,91.77
2020,8,30,22,15,0,0,4.1000000000000005,26.700000000000003,91.77
2020,8,30,22,30,0,0,4.1000000000000005,26.700000000000003,91.77
2020,8,30,22,45,0,0,4,26.700000000000003,91.83
2020,8,30,23,0,0,0,4,26.700000000000003,91.83
2020,8,30,23,15,0,0,4,26.700000000000003,91.73
2020,8,30,23,30,0,0,4,26.6,92.27
2020,8,30,23,45,0,0,4,26.6,92.26
2020,8,31,0,0,0,0,3.9000000000000004,26.6,92.26
2020,8,31,0,15,0,0,3.9000000000000004,26.6,92.26
2020,8,31,0,30,0,0,3.9000000000000004,26.6,92.26
2020,8,31,0,45,0,0,3.9000000000000004,26.5,92.72
2020,8,31,1,0,0,0,3.9000000000000004,26.5,92.72
2020,8,31,1,15,0,0,3.9000000000000004,26.5,92.63
2020,8,31,1,30,0,0,4,26.5,92.63
2020,8,31,1,45,0,0,4,26.5,92.56
2020,8,31,2,0,0,0,4,26.5,92.56
2020,8,31,2,15,0,0,4,26.5,92.56
2020,8,31,2,30,0,0,4,26.5,92.56
2020,8,31,2,45,0,0,4.1000000000000005,26.5,92.57000000000001
2020,8,31,3,0,0,0,4.1000000000000005,26.400000000000002,93.12
2020,8,31,3,15,0,0,4.1000000000000005,26.400000000000002,93.12
2020,8,31,3,30,0,0,4.1000000000000005,26.400000000000002,93.12
2020,8,31,3,45,0,0,4.1000000000000005,26.400000000000002,93.06
2020,8,31,4,0,0,0,4.2,26.400000000000002,93.06
2020,8,31,4,15,0,0,4.2,26.400000000000002,93.06
2020,8,31,4,30,0,0,4.2,26.400000000000002,93.06
2020,8,31,4,45,0,0,4.2,26.5,92.61
2020,8,31,5,0,0,0,4.3,26.5,92.7
2020,8,31,5,15,0,0,4.3,26.5,92.7
2020,8,31,5,30,0,0,4.3,26.5,92.7
2020,8,31,5,45,0,0,4.3,26.5,93.21000000000001
2020,8,31,6,0,0,0,4.3,26.6,92.66
2020,8,31,6,15,0,0,4.4,26.700000000000003,92.12
2020,8,31,6,30,27,38,4.5,26.900000000000002,91.05
2020,8,31,6,45,66,159,4.5,27,91.19
2020,8,31,7,0,103,182,4.6000000000000005,27.1,90.75
2020,8,31,7,15,130,138,4.7,27.3,89.7
2020,8,31,7,30,239,459,4.800000000000001,27.5,88.66
2020,8,31,7,45,298,518,4.9,27.700000000000003,85.86
2020,8,31,8,0,358,568,5,27.900000000000002,84.87
2020,8,31,8,15,417,611,5,28.1,83.89
2020,8,31,8,30,476,646,4.9,28.3,82.92
2020,8,31,8,45,533,677,4.9,28.5,80.67
2020,8,31,9,0,588,703,4.9,28.700000000000003,79.74
2020,8,31,9,15,640,725,4.9,28.900000000000002,78.91
2020,8,31,9,30,691,744,4.800000000000001,29,78.45
2020,8,31,9,45,738,766,4.7,29.200000000000003,76.89
2020,8,31,10,0,782,780,4.7,29.3,76.45
2020,8,31,10,15,822,792,4.6000000000000005,29.400000000000002,75.94
2020,8,31,10,30,857,802,4.6000000000000005,29.5,75.5
2020,8,31,10,45,601,166,4.5,29.6,74.84
2020,8,31,11,0,920,830,4.5,29.700000000000003,74.42
2020,8,31,11,15,439,39,4.4,29.8,73.99
2020,8,31,11,30,311,16,4.4,29.8,73.99
2020,8,31,11,45,738,258,4.3,29.900000000000002,73.8
2020,8,31,12,0,591,102,4.3,29.900000000000002,73.8
2020,8,31,12,15,655,151,4.2,29.900000000000002,73.8
2020,8,31,12,30,991,851,4.2,29.900000000000002,73.72
2020,8,31,12,45,545,73,4.1000000000000005,29.900000000000002,74.10000000000001
2020,8,31,13,0,978,851,4.1000000000000005,29.900000000000002,74.10000000000001
2020,8,31,13,15,964,848,4,29.8,74.52
2020,8,31,13,30,425,34,3.9000000000000004,29.8,74.52
2020,8,31,13,45,550,100,3.9000000000000004,29.700000000000003,75.55
2020,8,31,14,0,896,834,3.8000000000000003,29.700000000000003,75.47
2020,8,31,14,15,401,38,3.8000000000000003,29.6,75.9
2020,8,31,14,30,688,374,3.7,29.5,76.34
2020,8,31,14,45,498,128,3.6,29.400000000000002,77.37
2020,8,31,15,0,342,36,3.6,29.3,77.81
2020,8,31,15,15,514,233,3.5,29.200000000000003,78.26
2020,8,31,15,30,352,68,3.5,29.1,78.71000000000001
2020,8,31,15,45,197,7,3.4000000000000004,28.900000000000002,80.51
2020,8,31,16,0,173,3,3.3000000000000003,28.8,80.97
2020,8,31,16,15,410,369,3.2,28.700000000000003,81.44
2020,8,31,16,30,408,551,3.1,28.5,82.39
2020,8,31,16,45,373,634,3,28.400000000000002,84.3
2020,8,31,17,0,313,590,2.9000000000000004,28.200000000000003,85.28
2020,8,31,17,15,43,0,2.8000000000000003,28.1,85.77
2020,8,31,17,30,176,355,2.7,27.900000000000002,86.78
2020,8,31,17,45,49,0,2.6,27.8,89.02
2020,8,31,18,0,31,0,2.5,27.6,90.06
2020,8,31,18,15,43,143,2.5,27.6,90.06
2020,8,31,18,30,12,19,2.4000000000000004,27.5,90.59
2020,8,31,18,45,0,0,2.4000000000000004,27.400000000000002,91.56
2020,8,31,19,0,0,0,2.4000000000000004,27.3,92.09
2020,8,31,19,15,0,0,2.4000000000000004,27.3,92.09
2020,8,31,19,30,0,0,2.4000000000000004,27.3,92.09
2020,8,31,19,45,0,0,2.4000000000000004,27.3,92.09
2020,8,31,20,0,0,0,2.4000000000000004,27.200000000000003,92.52
2020,8,31,20,15,0,0,2.5,27.200000000000003,92.52
2020,8,31,20,30,0,0,2.5,27.200000000000003,92.52
2020,8,31,20,45,0,0,2.5,27.1,92.63
2020,8,31,21,0,0,0,2.5,27.1,92.63
2020,8,31,21,15,0,0,2.5,27.1,92.63
2020,8,31,21,30,0,0,2.6,27.1,92.63
2020,8,31,21,45,0,0,2.6,27,92.69
2020,8,31,22,0,0,0,2.6,27,92.69
2020,8,31,22,15,0,0,2.6,27,92.69
2020,8,31,22,30,0,0,2.6,27,92.69
2020,8,31,22,45,0,0,2.6,26.900000000000002,92.63
2020,8,31,23,0,0,0,2.6,26.900000000000002,92.63
2020,8,31,23,15,0,0,2.5,26.900000000000002,92.63
2020,8,31,23,30,0,0,2.5,26.900000000000002,92.63
2020,8,31,23,45,0,0,2.5,26.900000000000002,91.93
2020,9,1,0,0,0,0,2.5,26.8,92.47
2020,9,1,0,15,0,0,2.5,26.8,92.47
2020,9,1,0,30,0,0,2.5,26.8,92.47
2020,9,1,0,45,0,0,2.5,26.8,91.96000000000001
2020,9,1,1,0,0,0,2.5,26.8,91.96000000000001
2020,9,1,1,15,0,0,2.5,26.700000000000003,92.5
2020,9,1,1,30,0,0,2.5,26.700000000000003,92.5
2020,9,1,1,45,0,0,2.5,26.700000000000003,92.13
2020,9,1,2,0,0,0,2.5,26.700000000000003,92.04
2020,9,1,2,15,0,0,2.5,26.700000000000003,92.04
2020,9,1,2,30,0,0,2.5,26.700000000000003,92.04
2020,9,1,2,45,0,0,2.6,26.700000000000003,91.96000000000001
2020,9,1,3,0,0,0,2.6,26.6,92.5
2020,9,1,3,15,0,0,2.6,26.6,92.5
2020,9,1,3,30,0,0,2.6,26.6,92.5
2020,9,1,3,45,0,0,2.7,26.6,92.61
2020,9,1,4,0,0,0,2.7,26.6,92.61
2020,9,1,4,15,0,0,2.7,26.6,92.61
2020,9,1,4,30,0,0,2.8000000000000003,26.6,92.7
2020,9,1,4,45,0,0,2.8000000000000003,26.6,92.94
2020,9,1,5,0,0,0,2.9000000000000004,26.6,92.94
2020,9,1,5,15,0,0,2.9000000000000004,26.6,92.94
2020,9,1,5,30,0,0,3,26.6,92.94
2020,9,1,5,45,0,0,3,26.700000000000003,93.11
2020,9,1,6,0,0,0,3.1,26.700000000000003,93.11
2020,9,1,6,15,0,0,3.2,26.8,92.57000000000001
2020,9,1,6,30,23,0,3.3000000000000003,26.900000000000002,92.03
2020,9,1,6,45,44,3,3.4000000000000004,27,92.79
2020,9,1,7,0,52,0,3.5,27.1,92.34
2020,9,1,7,15,77,0,3.6,27.200000000000003,91.8
2020,9,1,7,30,241,507,3.7,27.3,91.27
2020,9,1,7,45,282,467,3.8000000000000003,27.400000000000002,90.43
2020,9,1,8,0,171,28,3.8000000000000003,27.5,89.9
2020,9,1,8,15,100,0,3.9000000000000004,27.6,89.38
2020,9,1,8,30,51,0,4,27.8,88.35000000000001
2020,9,1,8,45,178,5,4.1000000000000005,27.900000000000002,86.02
2020,9,1,9,0,434,234,4.2,28,85.52
2020,9,1,9,15,397,119,4.3,28.1,85.03
2020,9,1,9,30,536,286,4.3,28.200000000000003,84.53
2020,9,1,9,45,578,298,4.4,28.3,82.44
2020,9,1,10,0,664,417,4.4,28.400000000000002,81.96000000000001
2020,9,1,10,15,601,230,4.5,28.5,81.49
2020,9,1,10,30,469,72,4.5,28.6,81.02
2020,9,1,10,45,599,165,4.6000000000000005,28.700000000000003,79.42
2020,9,1,11,0,670,226,4.6000000000000005,28.700000000000003,79.42
2020,9,1,11,15,610,140,4.7,28.8,78.96000000000001
2020,9,1,11,30,605,124,4.7,28.8,78.96000000000001
2020,9,1,11,45,660,166,4.7,28.900000000000002,77.68
2020,9,1,12,0,581,95,4.800000000000001,28.900000000000002,77.60000000000001
2020,9,1,12,15,613,116,4.800000000000001,28.900000000000002,77.60000000000001
2020,9,1,12,30,678,173,4.800000000000001,28.900000000000002,77.60000000000001
2020,9,1,12,45,566,85,4.800000000000001,28.900000000000002,76.99
2020,9,1,13,0,969,839,4.800000000000001,29,76.55
2020,9,1,13,15,634,149,4.800000000000001,28.900000000000002,76.99
2020,9,1,13,30,488,56,4.7,28.900000000000002,76.99
2020,9,1,13,45,383,27,4.7,28.900000000000002,76.60000000000001
2020,9,1,14,0,211,9,4.6000000000000005,28.900000000000002,76.60000000000001
2020,9,1,14,15,174,6,4.6000000000000005,28.8,77.04
2020,9,1,14,30,106,0,4.5,28.8,77.04
2020,9,1,14,45,102,0,4.4,28.700000000000003,77.08
2020,9,1,15,0,101,0,4.4,28.700000000000003,77.08
2020,9,1,15,15,218,9,4.3,28.6,77.53
2020,9,1,15,30,224,11,4.2,28.5,77.98
2020,9,1,15,45,269,31,4.2,28.5,78.38
2020,9,1,16,0,303,77,4.1000000000000005,28.400000000000002,78.84
2020,9,1,16,15,222,29,4.1000000000000005,28.3,79.29
2020,9,1,16,30,142,0,4.1000000000000005,28.200000000000003,79.75
2020,9,1,16,45,170,24,4,28.1,81.29
2020,9,1,17,0,161,43,4,28,81.76
2020,9,1,17,15,86,0,3.9000000000000004,27.8,82.72
2020,9,1,17,30,32,0,3.8000000000000003,27.700000000000003,83.2
2020,9,1,17,45,84,58,3.8000000000000003,27.5,85.92
2020,9,1,18,0,55,51,3.7,27.400000000000002,86.43
2020,9,1,18,15,25,0,3.7,27.3,86.93
2020,9,1,18,30,6,0,3.7,27.200000000000003,87.44
2020,9,1,18,45,0,0,3.7,27.200000000000003,89.26
2020,9,1,19,0,0,0,3.7,27.1,89.79
2020,9,1,19,15,0,0,3.7,27.1,89.79
2020,9,1,19,30,0,0,3.7,27.1,89.79
2020,9,1,19,45,0,0,3.7,27.1,89.79
2020,9,1,20,0,0,0,3.8000000000000003,27,91.87
2020,9,1,20,15,0,0,3.8000000000000003,27,91.87
2020,9,1,20,30,0,0,3.8000000000000003,26.900000000000002,92.5
2020,9,1,20,45,0,0,3.8000000000000003,26.900000000000002,93.46000000000001
2020,9,1,21,0,0,0,3.8000000000000003,26.900000000000002,93.46000000000001
2020,9,1,21,15,0,0,3.9000000000000004,26.900000000000002,93.46000000000001
2020,9,1,21,30,0,0,3.9000000000000004,26.900000000000002,93.46000000000001
2020,9,1,21,45,0,0,4,26.900000000000002,93.72
2020,9,1,22,0,0,0,4,26.900000000000002,93.72
2020,9,1,22,15,0,0,4,26.900000000000002,93.72
2020,9,1,22,30,0,0,4,26.900000000000002,93.72
2020,9,1,22,45,0,0,4,26.8,94.12
2020,9,1,23,0,0,0,4,26.8,94.12
2020,9,1,23,15,0,0,4,26.8,94.03
2020,9,1,23,30,0,0,4,26.8,94.03
2020,9,1,23,45,0,0,4,26.8,93.53
2020,9,2,0,0,0,0,4,26.8,93.53
2020,9,2,0,15,0,0,4,26.8,93.53
2020,9,2,0,30,0,0,4,26.8,93.53
2020,9,2,0,45,0,0,4,26.8,92.73
2020,9,2,1,0,0,0,4,26.8,92.73
2020,9,2,1,15,0,0,4,26.8,92.73
2020,9,2,1,30,0,0,4,26.8,92.73
2020,9,2,1,45,0,0,4,26.8,91.87
2020,9,2,2,0,0,0,4,26.8,91.87
2020,9,2,2,15,0,0,4,26.8,91.87
2020,9,2,2,30,0,0,4,26.8,91.87
2020,9,2,2,45,0,0,4,26.8,91.71000000000001
2020,9,2,3,0,0,0,4,26.8,91.71000000000001
2020,9,2,3,15,0,0,4,26.8,91.71000000000001
2020,9,2,3,30,0,0,4,26.700000000000003,92.25
2020,9,2,3,45,0,0,4.1000000000000005,26.700000000000003,92.29
2020,9,2,4,0,0,0,4.1000000000000005,26.700000000000003,92.29
2020,9,2,4,15,0,0,4.1000000000000005,26.700000000000003,92.29
2020,9,2,4,30,0,0,4.1000000000000005,26.700000000000003,92.29
2020,9,2,4,45,0,0,4.1000000000000005,26.700000000000003,92.74
2020,9,2,5,0,0,0,4.1000000000000005,26.700000000000003,92.74
2020,9,2,5,15,0,0,4.1000000000000005,26.700000000000003,92.74
2020,9,2,5,30,0,0,4.1000000000000005,26.8,92.2
2020,9,2,5,45,0,0,4.1000000000000005,26.8,92.64
2020,9,2,6,0,0,0,4.1000000000000005,26.8,92.64
2020,9,2,6,15,0,0,4.2,26.900000000000002,92.10000000000001
2020,9,2,6,30,24,1,4.2,26.900000000000002,92.19
2020,9,2,6,45,69,101,4.3,27,92.2
2020,9,2,7,0,117,192,4.3,27.1,91.66
2020,9,2,7,15,170,276,4.4,27.200000000000003,91.13
2020,9,2,7,30,227,349,4.4,27.3,90.60000000000001
2020,9,2,7,45,286,418,4.5,27.400000000000002,89.63
2020,9,2,8,0,344,471,4.5,27.400000000000002,89.63
2020,9,2,8,15,403,517,4.6000000000000005,27.6,88.59
2020,9,2,8,30,461,556,4.7,27.700000000000003,88.08
2020,9,2,8,45,516,584,4.800000000000001,27.8,85.78
2020,9,2,9,0,571,613,4.9,27.900000000000002,85.29
2020,9,2,9,15,623,638,5,28,84.79
2020,9,2,9,30,672,660,5,28.1,84.3
2020,9,2,9,45,718,672,5,28.200000000000003,82.21000000000001
2020,9,2,10,0,761,688,5.1000000000000005,28.3,81.74
2020,9,2,10,15,801,703,5.1000000000000005,28.400000000000002,81.27
2020,9,2,10,30,837,715,5.1000000000000005,28.5,80.8
2020,9,2,10,45,860,684,5.1000000000000005,28.6,79.36
2020,9,2,11,0,888,694,5.1000000000000005,28.700000000000003,78.91
2020,9,2,11,15,911,701,5.1000000000000005,28.8,78.45
2020,9,2,11,30,930,707,5.1000000000000005,28.900000000000002,78
2020,9,2,11,45,944,711,5.1000000000000005,28.900000000000002,77.43
2020,9,2,12,0,954,714,5.1000000000000005,29,76.91
2020,9,2,12,15,959,715,5,29,76.91
2020,9,2,12,30,960,716,5,29.1,76.47
2020,9,2,12,45,955,712,5,29.1,76
2020,9,2,13,0,946,709,5,29.200000000000003,75.56
2020,9,2,13,15,362,21,5,29.1,75.92
2020,9,2,13,30,913,699,4.9,29.1,75.92
2020,9,2,13,45,492,65,4.9,29.1,75.51
2020,9,2,14,0,335,20,4.9,29.1,75.51
2020,9,2,14,15,626,223,4.9,29,75.95
2020,9,2,14,30,728,477,4.800000000000001,29,75.95
2020,9,2,14,45,560,207,4.800000000000001,29,75.87
2020,9,2,15,0,571,277,4.800000000000001,29,75.79
2020,9,2,15,15,523,254,4.7,28.900000000000002,76.23
2020,9,2,15,30,618,586,4.7,28.8,76.67
2020,9,2,15,45,568,565,4.6000000000000005,28.8,76.74
2020,9,2,16,0,514,536,4.5,28.700000000000003,77.18
2020,9,2,16,15,458,501,4.5,28.6,77.63
2020,9,2,16,30,401,461,4.4,28.5,78.16
2020,9,2,16,45,134,0,4.3,28.400000000000002,79.17
2020,9,2,17,0,21,0,4.2,28.3,79.63
2020,9,2,17,15,157,103,4.1000000000000005,28.1,80.55
2020,9,2,17,30,171,237,3.9000000000000004,27.900000000000002,81.5
2020,9,2,17,45,119,162,3.8000000000000003,27.700000000000003,84.01
2020,9,2,18,0,70,81,3.7,27.5,84.99
2020,9,2,18,15,29,17,3.6,27.5,84.99
2020,9,2,18,30,3,0,3.6,27.400000000000002,85.49
2020,9,2,18,45,0,0,3.6,27.3,86.99
2020,9,2,19,0,0,0,3.6,27.200000000000003,87.58
2020,9,2,19,15,0,0,3.6,27.200000000000003,87.58
2020,9,2,19,30,0,0,3.6,27.200000000000003,87.58
2020,9,2,19,45,0,0,3.6,27.200000000000003,87.58
2020,9,2,20,0,0,0,3.6,27.1,88.56
2020,9,2,20,15,0,0,3.7,27.1,88.56
2020,9,2,20,30,0,0,3.7,27.1,88.56
2020,9,2,20,45,0,0,3.7,27,89.48
2020,9,2,21,0,0,0,3.7,27,89.48
2020,9,2,21,15,0,0,3.7,27,89.48
2020,9,2,21,30,0,0,3.7,27,89.48
2020,9,2,21,45,0,0,3.7,27,89.7
2020,9,2,22,0,0,0,3.7,26.900000000000002,90.22
2020,9,2,22,15,0,0,3.6,26.900000000000002,90.22
2020,9,2,22,30,0,0,3.6,26.900000000000002,90.22
2020,9,2,22,45,0,0,3.5,26.8,90.68
2020,9,2,23,0,0,0,3.5,26.8,90.68
2020,9,2,23,15,0,0,3.5,26.8,90.68
2020,9,2,23,30,0,0,3.4000000000000004,26.700000000000003,91.21000000000001
2020,9,2,23,45,0,0,3.4000000000000004,26.700000000000003,90.94
2020,9,3,0,0,0,0,3.3000000000000003,26.700000000000003,90.84
2020,9,3,0,15,0,0,3.3000000000000003,26.6,91.38
2020,9,3,0,30,0,0,3.3000000000000003,26.6,91.38
2020,9,3,0,45,0,0,3.2,26.6,90.72
2020,9,3,1,0,0,0,3.2,26.5,91.26
2020,9,3,1,15,0,0,3.2,26.5,91.26
2020,9,3,1,30,0,0,3.2,26.5,91.26
2020,9,3,1,45,0,0,3.1,26.5,90.04
2020,9,3,2,0,0,0,3.1,26.400000000000002,90.57000000000001
2020,9,3,2,15,0,0,3.1,26.400000000000002,90.57000000000001
2020,9,3,2,30,0,0,3.1,26.400000000000002,90.57000000000001
2020,9,3,2,45,0,0,3.1,26.400000000000002,89.27
2020,9,3,3,0,0,0,3.1,26.3,89.8
2020,9,3,3,15,0,0,3.1,26.3,89.8
2020,9,3,3,30,0,0,3.1,26.3,89.8
2020,9,3,3,45,0,0,3.1,26.3,89.08
2020,9,3,4,0,0,0,3.1,26.3,89.08
2020,9,3,4,15,0,0,3.2,26.200000000000003,89.60000000000001
2020,9,3,4,30,0,0,3.2,26.200000000000003,89.60000000000001
2020,9,3,4,45,0,0,3.2,26.200000000000003,88.98
2020,9,3,5,0,0,0,3.2,26.200000000000003,88.98
2020,9,3,5,15,0,0,3.2,26.200000000000003,88.98
2020,9,3,5,30,0,0,3.2,26.200000000000003,88.98
2020,9,3,5,45,0,0,3.2,26.200000000000003,89.35000000000001
2020,9,3,6,0,0,0,3.2,26.200000000000003,89.35000000000001
2020,9,3,6,15,0,0,3.3000000000000003,26.400000000000002,88.3
2020,9,3,6,30,29,29,3.3000000000000003,26.5,87.78
2020,9,3,6,45,70,118,3.4000000000000004,26.6,88.4
2020,9,3,7,0,119,214,3.5,26.8,87.37
2020,9,3,7,15,173,301,3.5,26.900000000000002,86.86
2020,9,3,7,30,230,376,3.6,27,86.35000000000001
2020,9,3,7,45,289,445,3.6,27.1,85.33
2020,9,3,8,0,349,499,3.7,27.200000000000003,84.83
2020,9,3,8,15,408,544,3.8000000000000003,27.3,84.34
2020,9,3,8,30,224,33,3.8000000000000003,27.400000000000002,83.85000000000001
2020,9,3,8,45,523,619,3.8000000000000003,27.5,82.37
2020,9,3,9,0,578,648,3.9000000000000004,27.6,81.89
2020,9,3,9,15,318,48,3.9000000000000004,27.700000000000003,81.42
2020,9,3,9,30,173,3,3.9000000000000004,27.8,80.95
2020,9,3,9,45,271,16,4,27.900000000000002,79.88
2020,9,3,10,0,225,9,4,28,79.42
2020,9,3,10,15,128,0,4,28,79.42
2020,9,3,10,30,273,14,4,28.1,78.96000000000001
2020,9,3,10,45,355,24,4,28.1,79.03
2020,9,3,11,0,595,141,4,28.200000000000003,78.57000000000001
2020,9,3,11,15,515,71,4,28.200000000000003,78.57000000000001
2020,9,3,11,30,592,115,3.9000000000000004,28.200000000000003,78.57000000000001
2020,9,3,11,45,537,73,3.9000000000000004,28.3,78.53
2020,9,3,12,0,778,308,3.9000000000000004,28.3,78.53
2020,9,3,12,15,584,96,3.8000000000000003,28.3,78.53
2020,9,3,12,30,973,776,3.8000000000000003,28.400000000000002,78.08
2020,9,3,12,45,637,138,3.7,28.400000000000002,78.32000000000001
2020,9,3,13,0,959,771,3.7,28.400000000000002,78.24
2020,9,3,13,15,328,18,3.6,28.400000000000002,78.24
2020,9,3,13,30,443,40,3.5,28.400000000000002,78.24
2020,9,3,13,45,893,715,3.5,28.400000000000002,78.38
2020,9,3,14,0,430,44,3.4000000000000004,28.400000000000002,78.38
2020,9,3,14,15,533,119,3.3000000000000003,28.3,78.83
2020,9,3,14,30,798,683,3.3000000000000003,28.3,78.83
2020,9,3,14,45,759,670,3.2,28.200000000000003,79.61
2020,9,3,15,0,715,652,3.1,28.200000000000003,79.61
2020,9,3,15,15,669,633,3,28.1,80.07000000000001
2020,9,3,15,30,508,304,3,28.1,80.07000000000001
2020,9,3,15,45,230,16,2.9000000000000004,28,81.14
2020,9,3,16,0,164,1,2.8000000000000003,28,81.14
2020,9,3,16,15,64,0,2.8000000000000003,27.900000000000002,81.62
2020,9,3,16,30,54,0,2.7,27.8,82.09
2020,9,3,16,45,123,0,2.6,27.700000000000003,83.92
2020,9,3,17,0,225,213,2.5,27.6,84.41
2020,9,3,17,15,226,328,2.5,27.400000000000002,85.4
2020,9,3,17,30,81,0,2.5,27.3,85.9
2020,9,3,17,45,117,178,2.4000000000000004,27.1,88.14
2020,9,3,18,0,69,92,2.4000000000000004,27,88.65
2020,9,3,18,15,29,22,2.4000000000000004,26.900000000000002,89.17
2020,9,3,18,30,0,0,2.5,26.900000000000002,89.17
2020,9,3,18,45,0,0,2.5,26.900000000000002,89.44
2020,9,3,19,0,0,0,2.5,26.8,89.97
2020,9,3,19,15,0,0,2.5,26.8,89.97
2020,9,3,19,30,0,0,2.5,26.8,89.97
2020,9,3,19,45,0,0,2.5,26.8,89.97
2020,9,3,20,0,0,0,2.7,26.700000000000003,90.91
2020,9,3,20,15,0,0,2.7,26.700000000000003,90.91
2020,9,3,20,30,0,0,2.7,26.700000000000003,90.91
2020,9,3,20,45,0,0,2.8000000000000003,26.700000000000003,91.21000000000001
2020,9,3,21,0,0,0,2.8000000000000003,26.6,91.84
2020,9,3,21,15,0,0,2.8000000000000003,26.6,91.84
2020,9,3,21,30,0,0,2.8000000000000003,26.6,91.84
2020,9,3,21,45,0,0,2.8000000000000003,26.6,91.89
2020,9,3,22,0,0,0,2.9000000000000004,26.6,91.89
2020,9,3,22,15,0,0,2.9000000000000004,26.5,92.43
2020,9,3,22,30,0,0,2.9000000000000004,26.5,92.43
2020,9,3,22,45,0,0,2.9000000000000004,26.5,91.91
2020,9,3,23,0,0,0,2.9000000000000004,26.5,91.91
2020,9,3,23,15,0,0,2.9000000000000004,26.400000000000002,92.36
2020,9,3,23,30,0,0,2.9000000000000004,26.400000000000002,92.36
2020,9,3,23,45,0,0,2.9000000000000004,26.400000000000002,91.37
2020,9,4,0,0,0,0,2.9000000000000004,26.3,91.91
2020,9,4,0,15,0,0,3,26.3,91.91
2020,9,4,0,30,0,0,3,26.3,91.91
2020,9,4,0,45,0,0,3,26.3,91.29
2020,9,4,1,0,0,0,3,26.3,91.29
2020,9,4,1,15,0,0,3,26.200000000000003,91.83
2020,9,4,1,30,0,0,3.1,26.200000000000003,91.83
2020,9,4,1,45,0,0,3.1,26.200000000000003,91.25
2020,9,4,2,0,0,0,3.1,26.200000000000003,91.15
2020,9,4,2,15,0,0,3.2,26.200000000000003,91.15
2020,9,4,2,30,0,0,3.2,26.1,91.69
2020,9,4,2,45,0,0,3.3000000000000003,26.1,91.38
2020,9,4,3,0,0,0,3.3000000000000003,26.1,91.38
2020,9,4,3,15,0,0,3.4000000000000004,26.1,91.38
2020,9,4,3,30,0,0,3.4000000000000004,26.1,91.47
2020,9,4,3,45,0,0,3.5,26,91.69
2020,9,4,4,0,0,0,3.5,26,91.69
2020,9,4,4,15,0,0,3.6,26,91.69
2020,9,4,4,30,0,0,3.6,26,91.69
2020,9,4,4,45,0,0,3.7,26,91.38
2020,9,4,5,0,0,0,3.7,26,91.38
2020,9,4,5,15,0,0,3.7,26,91.38
2020,9,4,5,30,0,0,3.8000000000000003,26,91.38
2020,9,4,5,45,0,0,3.8000000000000003,26.1,91.14
2020,9,4,6,0,0,0,3.8000000000000003,26.1,91.14
2020,9,4,6,15,0,0,3.9000000000000004,26.200000000000003,90.69
2020,9,4,6,30,31,40,3.9000000000000004,26.400000000000002,89.63
2020,9,4,6,45,73,156,4,26.5,90.32000000000001
2020,9,4,7,0,123,261,4,26.6,89.79
2020,9,4,7,15,177,350,4.1000000000000005,26.8,88.74
2020,9,4,7,30,235,425,4.2,26.900000000000002,88.22
2020,9,4,7,45,297,514,4.2,27,87.25
2020,9,4,8,0,358,564,4.3,27.200000000000003,86.23
2020,9,4,8,15,398,552,4.3,27.3,85.73
2020,9,4,8,30,45,0,4.3,27.5,84.74
2020,9,4,8,45,535,692,4.4,27.700000000000003,81.65
2020,9,4,9,0,590,717,4.4,27.8,81.18
2020,9,4,9,15,642,738,4.4,28,80.24
2020,9,4,9,30,410,101,4.4,28.200000000000003,79.31
2020,9,4,9,45,740,783,4.4,28.3,76.86
2020,9,4,10,0,782,796,4.4,28.5,75.98
2020,9,4,10,15,822,807,4.4,28.6,75.54
2020,9,4,10,30,437,54,4.3,28.700000000000003,75.11
2020,9,4,10,45,887,817,4.3,28.8,73.56
2020,9,4,11,0,914,823,4.3,28.900000000000002,73.14
2020,9,4,11,15,937,829,4.2,29,72.71000000000001
2020,9,4,11,30,955,832,4.2,29,72.71000000000001
2020,9,4,11,45,971,843,4.2,29,72.85000000000001
2020,9,4,12,0,477,45,4.1000000000000005,29.1,72.43
2020,9,4,12,15,984,845,4.1000000000000005,29.1,72.43
2020,9,4,12,30,984,845,4,29.1,72.43
2020,9,4,12,45,981,848,4,29.1,72.62
2020,9,4,13,0,971,846,3.9000000000000004,29.1,72.62
2020,9,4,13,15,956,842,3.9000000000000004,29.200000000000003,72.2
2020,9,4,13,30,937,838,3.8000000000000003,29.200000000000003,72.2
2020,9,4,13,45,911,820,3.8000000000000003,29.200000000000003,72.39
2020,9,4,14,0,684,278,3.7,29.200000000000003,72.39
2020,9,4,14,15,620,219,3.7,29.200000000000003,72.39
2020,9,4,14,30,601,231,3.7,29.1,72.73
2020,9,4,14,45,630,332,3.6,29.1,72.88
2020,9,4,15,0,537,225,3.6,29.1,72.88
2020,9,4,15,15,689,762,3.6,29,73.31
2020,9,4,15,30,531,363,3.5,29,73.31
2020,9,4,15,45,376,135,3.5,28.900000000000002,74.09
2020,9,4,16,0,533,704,3.5,28.8,74.52
2020,9,4,16,15,477,675,3.4000000000000004,28.700000000000003,74.95
2020,9,4,16,30,221,56,3.4000000000000004,28.6,75.39
2020,9,4,16,45,127,0,3.3000000000000003,28.400000000000002,77.52
2020,9,4,17,0,236,262,3.3000000000000003,28.3,77.97
2020,9,4,17,15,241,504,3.3000000000000003,28.1,78.88
2020,9,4,17,30,182,432,3.2,27.900000000000002,79.8
2020,9,4,17,45,97,150,3.2,27.700000000000003,83.03
2020,9,4,18,0,77,238,3.1,27.5,84.09
2020,9,4,18,15,34,104,3.2,27.400000000000002,84.58
2020,9,4,18,30,0,0,3.2,27.3,85.07000000000001
2020,9,4,18,45,0,0,3.3000000000000003,27.200000000000003,86.98
2020,9,4,19,0,0,0,3.3000000000000003,27.1,87.49
2020,9,4,19,15,0,0,3.3000000000000003,27.1,87.49
2020,9,4,19,30,0,0,3.3000000000000003,27.1,87.49
2020,9,4,19,45,0,0,3.3000000000000003,27.1,87.49
2020,9,4,20,0,0,0,3.5,26.900000000000002,89.71000000000001
2020,9,4,20,15,0,0,3.6,26.900000000000002,89.71000000000001
2020,9,4,20,30,0,0,3.6,26.900000000000002,89.71000000000001
2020,9,4,20,45,0,0,3.7,26.8,90.93
2020,9,4,21,0,0,0,3.7,26.8,90.93
2020,9,4,21,15,0,0,3.8000000000000003,26.8,90.93
2020,9,4,21,30,0,0,3.8000000000000003,26.700000000000003,91.46000000000001
2020,9,4,21,45,0,0,3.8000000000000003,26.700000000000003,91.77
2020,9,4,22,0,0,0,3.8000000000000003,26.700000000000003,91.77
2020,9,4,22,15,0,0,3.8000000000000003,26.6,92.31
2020,9,4,22,30,0,0,3.8000000000000003,26.6,92.31
2020,9,4,22,45,0,0,3.8000000000000003,26.6,91.99
2020,9,4,23,0,0,0,3.8000000000000003,26.6,91.99
2020,9,4,23,15,0,0,3.8000000000000003,26.5,92.53
2020,9,4,23,30,0,0,3.8000000000000003,26.5,92.53
2020,9,4,23,45,0,0,3.8000000000000003,26.5,91.96000000000001
2020,9,5,0,0,0,0,3.8000000000000003,26.5,91.96000000000001
2020,9,5,0,15,0,0,3.8000000000000003,26.5,91.96000000000001
2020,9,5,0,30,0,0,3.9000000000000004,26.5,91.86
2020,9,5,0,45,0,0,3.9000000000000004,26.5,91.38
2020,9,5,1,0,0,0,3.9000000000000004,26.400000000000002,91.92
2020,9,5,1,15,0,0,3.9000000000000004,26.400000000000002,91.92
2020,9,5,1,30,0,0,3.9000000000000004,26.400000000000002,91.92
2020,9,5,1,45,0,0,3.9000000000000004,26.400000000000002,91.65
2020,9,5,2,0,0,0,3.9000000000000004,26.400000000000002,91.65
2020,9,5,2,15,0,0,3.9000000000000004,26.400000000000002,91.65
2020,9,5,2,30,0,0,3.9000000000000004,26.400000000000002,91.56
2020,9,5,2,45,0,0,3.9000000000000004,26.400000000000002,91.2
2020,9,5,3,0,0,0,3.9000000000000004,26.3,91.74
2020,9,5,3,15,0,0,3.9000000000000004,26.3,91.74
2020,9,5,3,30,0,0,3.9000000000000004,26.3,91.74
2020,9,5,3,45,0,0,4,26.3,91.44
2020,9,5,4,0,0,0,4,26.3,91.44
2020,9,5,4,15,0,0,4,26.3,91.44
2020,9,5,4,30,0,0,4,26.3,91.53
2020,9,5,4,45,0,0,4,26.3,91.34
2020,9,5,5,0,0,0,4,26.3,91.34
2020,9,5,5,15,0,0,4,26.400000000000002,90.8
2020,9,5,5,30,0,0,4,26.400000000000002,90.8
2020,9,5,5,45,0,0,4,26.5,90.25
2020,9,5,6,0,0,0,4,26.5,90.25
2020,9,5,6,15,0,0,4.1000000000000005,26.700000000000003,89.19
2020,9,5,6,30,36,147,4.2,26.900000000000002,88.16
2020,9,5,6,45,80,299,4.3,27.1,87.62
2020,9,5,7,0,132,413,4.4,27.200000000000003,87.11
2020,9,5,7,15,189,501,4.5,27.400000000000002,86.10000000000001
2020,9,5,7,30,248,570,4.6000000000000005,27.6,85.10000000000001
2020,9,5,7,45,308,624,4.7,27.8,82.2
2020,9,5,8,0,369,668,4.800000000000001,27.900000000000002,81.73
2020,9,5,8,15,429,705,4.800000000000001,28.1,80.78
2020,9,5,8,30,487,736,4.800000000000001,28.3,79.85000000000001
2020,9,5,8,45,544,760,4.800000000000001,28.5,77.33
2020,9,5,9,0,599,782,4.9,28.700000000000003,76.44
2020,9,5,9,15,651,801,4.800000000000001,28.8,76
2020,9,5,9,30,700,816,4.800000000000001,28.900000000000002,75.56
2020,9,5,9,45,747,830,4.800000000000001,29.1,74.08
2020,9,5,10,0,790,842,4.7,29.200000000000003,73.65
2020,9,5,10,15,830,852,4.7,29.3,73.23
2020,9,5,10,30,866,861,4.7,29.400000000000002,72.81
2020,9,5,10,45,899,875,4.6000000000000005,29.5,72.34
2020,9,5,11,0,927,881,4.6000000000000005,29.6,71.92
2020,9,5,11,15,950,886,4.6000000000000005,29.6,71.92
2020,9,5,11,30,589,113,4.5,29.700000000000003,71.51
2020,9,5,11,45,982,891,4.5,29.8,71.27
2020,9,5,12,0,991,893,4.4,29.8,71.27
2020,9,5,12,15,473,43,4.4,29.8,71.2
2020,9,5,12,30,366,21,4.3,29.900000000000002,70.79
2020,9,5,12,45,990,892,4.3,29.900000000000002,70.69
2020,9,5,13,0,981,890,4.2,29.900000000000002,70.69
2020,9,5,13,15,966,887,4.2,29.900000000000002,70.69
2020,9,5,13,30,948,883,4.1000000000000005,29.900000000000002,70.69
2020,9,5,13,45,920,861,4.1000000000000005,29.900000000000002,70.39
2020,9,5,14,0,892,855,4.1000000000000005,29.900000000000002,70.39
2020,9,5,14,15,861,847,4,29.900000000000002,70.39
2020,9,5,14,30,825,838,4,29.8,70.8
2020,9,5,14,45,785,827,4,29.700000000000003,71.08
2020,9,5,15,0,742,815,4,29.700000000000003,71.08
2020,9,5,15,15,695,800,4,29.6,71.49
2020,9,5,15,30,645,783,4,29.5,71.9
2020,9,5,15,45,593,765,4,29.400000000000002,72.29
2020,9,5,16,0,538,742,4,29.3,72.71000000000001
2020,9,5,16,15,481,715,4,29.1,73.55
2020,9,5,16,30,422,683,4,29,73.98
2020,9,5,16,45,363,645,4,28.900000000000002,74.67
2020,9,5,17,0,302,599,4,28.700000000000003,75.54
2020,9,5,17,15,73,0,4,28.5,76.42
2020,9,5,17,30,154,287,3.9000000000000004,28.3,77.31
2020,9,5,17,45,88,106,3.9000000000000004,28.1,79.32000000000001
2020,9,5,18,0,52,67,3.8000000000000003,27.900000000000002,80.25
2020,9,5,18,15,34,126,3.8000000000000003,27.8,80.79
2020,9,5,18,30,0,0,3.8000000000000003,27.700000000000003,81.27
2020,9,5,18,45,0,0,3.8000000000000003,27.6,83.01
2020,9,5,19,0,0,0,3.8000000000000003,27.5,83.5
2020,9,5,19,15,0,0,3.8000000000000003,27.5,83.5
2020,9,5,19,30,0,0,3.8000000000000003,27.5,83.5
2020,9,5,19,45,0,0,3.8000000000000003,27.5,83.5
2020,9,5,20,0,0,0,4,27.200000000000003,85.52
2020,9,5,20,15,0,0,4,27.200000000000003,85.60000000000001
2020,9,5,20,30,0,0,4,27.1,86.10000000000001
2020,9,5,20,45,0,0,4,27.1,86.42
2020,9,5,21,0,0,0,4,27,86.92
2020,9,5,21,15,0,0,4,27,86.92
2020,9,5,21,30,0,0,4,27,86.92
2020,9,5,21,45,0,0,4,26.900000000000002,87.36
2020,9,5,22,0,0,0,4,26.900000000000002,87.36
2020,9,5,22,15,0,0,4,26.8,87.87
2020,9,5,22,30,0,0,4,26.8,87.87
2020,9,5,22,45,0,0,3.9000000000000004,26.8,87.52
2020,9,5,23,0,0,0,3.9000000000000004,26.8,87.52
2020,9,5,23,15,0,0,3.9000000000000004,26.700000000000003,87.95
2020,9,5,23,30,0,0,3.9000000000000004,26.700000000000003,87.95
2020,9,5,23,45,0,0,3.9000000000000004,26.700000000000003,87.45
2020,9,6,0,0,0,0,3.9000000000000004,26.700000000000003,87.45
2020,9,6,0,15,0,0,3.9000000000000004,26.6,87.96000000000001
2020,9,6,0,30,0,0,3.8000000000000003,26.6,87.96000000000001
2020,9,6,0,45,0,0,3.8000000000000003,26.6,87.58
2020,9,6,1,0,0,0,3.8000000000000003,26.5,88.09
2020,9,6,1,15,0,0,3.7,26.5,88.09
2020,9,6,1,30,0,0,3.7,26.5,88.09
2020,9,6,1,45,0,0,3.7,26.5,87.55
2020,9,6,2,0,0,0,3.7,26.400000000000002,88.06
2020,9,6,2,15,0,0,3.7,26.400000000000002,88.06
2020,9,6,2,30,0,0,3.7,26.400000000000002,88.06
2020,9,6,2,45,0,0,3.6,26.400000000000002,87.38
2020,9,6,3,0,0,0,3.6,26.3,87.9
2020,9,6,3,15,0,0,3.6,26.3,87.9
2020,9,6,3,30,0,0,3.6,26.3,87.9
2020,9,6,3,45,0,0,3.6,26.3,87.12
2020,9,6,4,0,0,0,3.6,26.3,87.12
2020,9,6,4,15,0,0,3.6,26.3,87.12
2020,9,6,4,30,0,0,3.5,26.3,87.12
2020,9,6,4,45,0,0,3.5,26.3,86.66
2020,9,6,5,0,0,0,3.5,26.200000000000003,87.17
2020,9,6,5,15,0,0,3.5,26.3,86.66
2020,9,6,5,30,0,0,3.4000000000000004,26.3,86.66
2020,9,6,5,45,0,0,3.4000000000000004,26.3,86.88
2020,9,6,6,0,0,0,3.4000000000000004,26.3,86.88
2020,9,6,6,15,0,0,3.4000000000000004,26.5,85.86
2020,9,6,6,30,37,176,3.5,26.700000000000003,84.86
2020,9,6,6,45,82,335,3.5,26.900000000000002,84.07000000000001
2020,9,6,7,0,135,447,3.6,27,83.58
2020,9,6,7,15,192,533,3.6,27.200000000000003,82.60000000000001
2020,9,6,7,30,251,599,3.6,27.400000000000002,81.65
2020,9,6,7,45,313,660,3.6,27.5,79.38
2020,9,6,8,0,374,702,3.6,27.700000000000003,78.46000000000001
2020,9,6,8,15,434,736,3.6,27.900000000000002,77.55
2020,9,6,8,30,493,765,3.6,28,77.10000000000001
2020,9,6,8,45,551,792,3.6,28.200000000000003,75.11
2020,9,6,9,0,606,814,3.6,28.3,74.68
2020,9,6,9,15,659,832,3.5,28.5,73.82000000000001
2020,9,6,9,30,709,847,3.5,28.6,73.39
2020,9,6,9,45,757,863,3.5,28.8,72.31
2020,9,6,10,0,800,874,3.5,28.900000000000002,71.89
2020,9,6,10,15,840,884,3.5,29.1,71.07000000000001
2020,9,6,10,30,876,893,3.4000000000000004,29.200000000000003,70.66
2020,9,6,10,45,908,900,3.4000000000000004,29.3,70.19
2020,9,6,11,0,936,906,3.4000000000000004,29.400000000000002,69.79
2020,9,6,11,15,959,910,3.4000000000000004,29.5,69.39
2020,9,6,11,30,548,85,3.4000000000000004,29.6,68.99
2020,9,6,11,45,992,916,3.4000000000000004,29.700000000000003,68.53
2020,9,6,12,0,1001,918,3.3000000000000003,29.8,68.14
2020,9,6,12,15,1006,919,3.3000000000000003,29.8,68.07000000000001
2020,9,6,12,30,1005,919,3.3000000000000003,29.8,68.07000000000001
2020,9,6,12,45,1000,916,3.3000000000000003,29.8,67.84
2020,9,6,13,0,990,914,3.3000000000000003,29.900000000000002,67.45
2020,9,6,13,15,976,912,3.3000000000000003,29.900000000000002,67.45
2020,9,6,13,30,957,908,3.3000000000000003,29.8,67.77
2020,9,6,13,45,933,903,3.2,29.8,67.69
2020,9,6,14,0,905,897,3.2,29.8,67.69
2020,9,6,14,15,378,32,3.2,29.700000000000003,68.08
2020,9,6,14,30,837,881,3.2,29.700000000000003,68.08
2020,9,6,14,45,796,869,3.3000000000000003,29.6,68.74
2020,9,6,15,0,752,858,3.3000000000000003,29.6,68.67
2020,9,6,15,15,705,844,3.3000000000000003,29.5,69.07000000000001
2020,9,6,15,30,655,829,3.3000000000000003,29.3,69.87
2020,9,6,15,45,602,811,3.3000000000000003,29.200000000000003,70.83
2020,9,6,16,0,547,790,3.4000000000000004,29.1,71.24
2020,9,6,16,15,489,765,3.4000000000000004,29,71.65
2020,9,6,16,30,430,735,3.4000000000000004,28.8,72.49
2020,9,6,16,45,369,697,3.4000000000000004,28.6,74.08
2020,9,6,17,0,308,654,3.4000000000000004,28.5,74.51
2020,9,6,17,15,247,601,3.4000000000000004,28.3,75.46000000000001
2020,9,6,17,30,187,533,3.4000000000000004,28,76.78
2020,9,6,17,45,131,451,3.3000000000000003,27.8,79.29
2020,9,6,18,0,78,335,3.3000000000000003,27.6,80.22
2020,9,6,18,15,34,182,3.3000000000000003,27.400000000000002,81.16
2020,9,6,18,30,0,0,3.3000000000000003,27.3,81.63
2020,9,6,18,45,0,0,3.3000000000000003,27.200000000000003,83.56
2020,9,6,19,0,0,0,3.3000000000000003,27,84.54
2020,9,6,19,15,0,0,3.3000000000000003,27,84.54
2020,9,6,19,30,0,0,3.3000000000000003,27,84.54
2020,9,6,19,45,0,0,3.3000000000000003,27,84.54
2020,9,6,20,0,0,0,3.3000000000000003,26.700000000000003,86.87
2020,9,6,20,15,0,0,3.3000000000000003,26.6,87.38
2020,9,6,20,30,0,0,3.3000000000000003,26.6,87.38
2020,9,6,20,45,0,0,3.3000000000000003,26.5,88.09
2020,9,6,21,0,0,0,3.3000000000000003,26.5,88.17
2020,9,6,21,15,0,0,3.3000000000000003,26.400000000000002,88.69
2020,9,6,21,30,0,0,3.3000000000000003,26.400000000000002,88.69
2020,9,6,21,45,0,0,3.2,26.400000000000002,88.4
2020,9,6,22,0,0,0,3.2,26.3,88.92
2020,9,6,22,15,0,0,3.2,26.3,88.92
2020,9,6,22,30,0,0,3.1,26.200000000000003,89.36
2020,9,6,22,45,0,0,3,26.200000000000003,88.98
2020,9,6,23,0,0,0,3,26.200000000000003,88.98
2020,9,6,23,15,0,0,2.9000000000000004,26.1,89.5
2020,9,6,23,30,0,0,2.9000000000000004,26.1,89.5
2020,9,6,23,45,0,0,2.8000000000000003,26.1,89.24
2020,9,7,0,0,0,0,2.8000000000000003,26.1,89.24
2020,9,7,0,15,0,0,2.7,26,89.76
2020,9,7,0,30,0,0,2.7,26,89.76
2020,9,7,0,45,0,0,2.7,26,89.25
2020,9,7,1,0,0,0,2.6,26,89.25
2020,9,7,1,15,0,0,2.6,26,89.25
2020,9,7,1,30,0,0,2.6,25.900000000000002,89.78
2020,9,7,1,45,0,0,2.6,25.900000000000002,89.14
2020,9,7,2,0,0,0,2.6,25.900000000000002,89.14
2020,9,7,2,15,0,0,2.6,25.900000000000002,89.14
2020,9,7,2,30,0,0,2.6,25.900000000000002,89.14
2020,9,7,2,45,0,0,2.6,25.900000000000002,88.65
2020,9,7,3,0,0,0,2.6,25.8,89.09
2020,9,7,3,15,0,0,2.6,25.8,89.09
2020,9,7,3,30,0,0,2.5,25.8,89.09
2020,9,7,3,45,0,0,2.5,25.8,88.73
2020,9,7,4,0,0,0,2.5,25.8,88.73
2020,9,7,4,15,0,0,2.5,25.8,88.73
2020,9,7,4,30,0,0,2.5,25.8,88.73
2020,9,7,4,45,0,0,2.5,25.8,88.45
2020,9,7,5,0,0,0,2.5,25.8,88.45
2020,9,7,5,15,0,0,2.5,25.8,88.45
2020,9,7,5,30,0,0,2.5,25.8,88.54
2020,9,7,5,45,0,0,2.5,25.900000000000002,88.77
2020,9,7,6,0,0,0,2.5,25.900000000000002,88.77
2020,9,7,6,15,0,0,2.6,26.1,87.73
2020,9,7,6,30,38,208,2.6,26.400000000000002,86.2
2020,9,7,6,45,83,366,2.7,26.6,86.69
2020,9,7,7,0,137,477,2.7,26.8,85.67
2020,9,7,7,15,194,560,2.8000000000000003,26.900000000000002,85.17
2020,9,7,7,30,61,0,2.8000000000000003,27,84.68
2020,9,7,7,45,102,0,2.8000000000000003,27.200000000000003,81.13
2020,9,7,8,0,144,6,2.8000000000000003,27.3,80.66
2020,9,7,8,15,436,754,2.8000000000000003,27.5,79.72
2020,9,7,8,30,495,782,2.8000000000000003,27.6,79.26
2020,9,7,8,45,552,805,2.8000000000000003,27.8,77.35000000000001
2020,9,7,9,0,607,825,2.8000000000000003,28,76.46000000000001
2020,9,7,9,15,659,841,2.9000000000000004,28.1,76.02
2020,9,7,9,30,425,117,2.9000000000000004,28.3,75.14
2020,9,7,9,45,755,867,2.9000000000000004,28.5,74.16
2020,9,7,10,0,436,79,2.9000000000000004,28.6,73.73
2020,9,7,10,15,499,111,3,28.700000000000003,73.3
2020,9,7,10,30,520,109,3,28.8,72.88
2020,9,7,10,45,905,900,3,28.900000000000002,72.79
2020,9,7,11,0,932,906,3.1,29.1,71.95
2020,9,7,11,15,955,910,3.1,29.1,71.95
2020,9,7,11,30,973,913,3.1,29.200000000000003,71.54
2020,9,7,11,45,986,912,3.1,29.200000000000003,71.96000000000001
2020,9,7,12,0,995,914,3.2,29.3,71.47
2020,9,7,12,15,999,915,3.2,29.3,71.47
2020,9,7,12,30,999,915,3.2,29.3,71.47
2020,9,7,12,45,993,909,3.2,29.3,71.79
2020,9,7,13,0,983,907,3.1,29.3,71.79
2020,9,7,13,15,969,904,3.1,29.3,71.79
2020,9,7,13,30,949,900,3.1,29.3,71.79
2020,9,7,13,45,924,889,3.1,29.3,71.88
2020,9,7,14,0,897,883,3.1,29.200000000000003,72.29
2020,9,7,14,15,864,876,3,29.200000000000003,72.29
2020,9,7,14,30,828,868,3,29.1,72.71000000000001
2020,9,7,14,45,787,853,3,29.1,72.85000000000001
2020,9,7,15,0,743,841,2.9000000000000004,29,73.27
2020,9,7,15,15,696,828,2.9000000000000004,28.900000000000002,73.7
2020,9,7,15,30,646,812,2.9000000000000004,28.8,74.12
2020,9,7,15,45,593,791,2.8000000000000003,28.8,74.43
2020,9,7,16,0,538,769,2.8000000000000003,28.700000000000003,74.86
2020,9,7,16,15,481,743,2.7,28.5,75.73
2020,9,7,16,30,422,712,2.6,28.400000000000002,76.17
2020,9,7,16,45,362,675,2.5,28.200000000000003,77.95
2020,9,7,17,0,301,631,2.5,28.1,78.41
2020,9,7,17,15,241,576,2.4000000000000004,27.900000000000002,79.32000000000001
2020,9,7,17,30,144,251,2.3000000000000003,27.700000000000003,80.25
2020,9,7,17,45,125,418,2.2,27.5,83.42
2020,9,7,18,0,74,300,2.1,27.3,84.4
2020,9,7,18,15,31,150,2,27.200000000000003,84.89
2020,9,7,18,30,0,0,2,27.1,85.47
2020,9,7,18,45,0,0,1.9000000000000001,27,86.27
2020,9,7,19,0,0,0,1.9000000000000001,26.900000000000002,86.78
2020,9,7,19,15,0,0,1.9000000000000001,26.900000000000002,86.78
2020,9,7,19,30,0,0,1.9000000000000001,26.900000000000002,86.78
2020,9,7,19,45,0,0,1.9000000000000001,26.900000000000002,86.78
2020,9,7,20,0,0,0,1.8,26.8,86.93
2020,9,7,20,15,0,0,1.8,26.8,86.93
2020,9,7,20,30,0,0,1.9000000000000001,26.8,86.93
2020,9,7,20,45,0,0,1.9000000000000001,26.700000000000003,87.47
2020,9,7,21,0,0,0,1.9000000000000001,26.700000000000003,87.47
2020,9,7,21,15,0,0,2.1,26.700000000000003,87.47
2020,9,7,21,30,0,0,2.2,26.6,87.98
2020,9,7,21,45,0,0,2.3000000000000003,26.6,88.62
2020,9,7,22,0,0,0,2.4000000000000004,26.5,89.14
2020,9,7,22,15,0,0,2.5,26.5,89.14
2020,9,7,22,30,0,0,2.6,26.400000000000002,89.67
2020,9,7,22,45,0,0,2.6,26.400000000000002,90.11
2020,9,7,23,0,0,0,2.7,26.400000000000002,90.11
2020,9,7,23,15,0,0,2.7,26.3,90.64
2020,9,7,23,30,0,0,2.6,26.3,90.64
2020,9,7,23,45,0,0,2.6,26.3,90.55
2020,9,8,0,0,0,0,2.6,26.3,90.55
2020,9,8,0,15,0,0,2.6,26.200000000000003,91.08
2020,9,8,0,30,0,0,2.5,26.200000000000003,91.08
2020,9,8,0,45,0,0,2.5,26.200000000000003,90.67
2020,9,8,1,0,0,0,2.5,26.200000000000003,90.67
2020,9,8,1,15,0,0,2.5,26.1,91.2
2020,9,8,1,30,0,0,2.5,26.1,91.2
2020,9,8,1,45,0,0,2.5,26.1,90.99
2020,9,8,2,0,0,0,2.4000000000000004,26.1,90.99
2020,9,8,2,15,0,0,2.4000000000000004,26.1,90.99
2020,9,8,2,30,0,0,2.4000000000000004,26,91.44
2020,9,8,2,45,0,0,2.4000000000000004,26,91.47
2020,9,8,3,0,0,0,2.5,26,91.47
2020,9,8,3,15,0,0,2.5,26,91.47
2020,9,8,3,30,0,0,2.5,25.900000000000002,92.01
2020,9,8,3,45,0,0,2.5,25.900000000000002,92
2020,9,8,4,0,0,0,2.5,25.900000000000002,92
2020,9,8,4,15,0,0,2.6,25.900000000000002,92
2020,9,8,4,30,0,0,2.6,25.900000000000002,92.09
2020,9,8,4,45,0,0,2.6,25.8,92.47
2020,9,8,5,0,0,0,2.7,25.8,92.47
2020,9,8,5,15,0,0,2.7,25.8,92.47
2020,9,8,5,30,0,0,2.8000000000000003,25.900000000000002,91.92
2020,9,8,5,45,0,0,2.8000000000000003,25.900000000000002,92.42
2020,9,8,6,0,0,0,2.9000000000000004,26,91.87
2020,9,8,6,15,0,0,3,26.1,91.33
2020,9,8,6,30,35,142,3.1,26.3,90.36
2020,9,8,6,45,78,282,3.2,26.400000000000002,90.92
2020,9,8,7,0,130,396,3.3000000000000003,26.6,89.86
2020,9,8,7,15,7,0,3.4000000000000004,26.700000000000003,89.34
2020,9,8,7,30,246,554,3.5,26.8,88.81
2020,9,8,7,45,305,606,3.6,26.900000000000002,86.76
2020,9,8,8,0,296,327,3.7,27.1,85.84
2020,9,8,8,15,426,689,3.7,27.200000000000003,85.34
2020,9,8,8,30,209,23,3.8000000000000003,27.400000000000002,84.35000000000001
2020,9,8,8,45,147,0,3.9000000000000004,27.6,81.84
2020,9,8,9,0,595,766,3.9000000000000004,27.700000000000003,81.37
2020,9,8,9,15,475,244,3.9000000000000004,27.900000000000002,80.43
2020,9,8,9,30,564,348,4,28.1,79.5
2020,9,8,9,45,619,385,4,28.200000000000003,78.16
2020,9,8,10,0,549,198,4,28.400000000000002,77.26
2020,9,8,10,15,826,839,4.1000000000000005,28.5,76.81
2020,9,8,10,30,862,848,4.1000000000000005,28.6,76.37
2020,9,8,10,45,499,80,4.1000000000000005,28.8,75.3
2020,9,8,11,0,636,187,4.1000000000000005,28.900000000000002,74.86
2020,9,8,11,15,782,397,4.1000000000000005,29,74.43
2020,9,8,11,30,198,9,4.1000000000000005,29,74.43
2020,9,8,11,45,535,73,4.1000000000000005,29.1,74.23
2020,9,8,12,0,747,268,4.1000000000000005,29.200000000000003,73.81
2020,9,8,12,15,690,192,4.1000000000000005,29.200000000000003,73.81
2020,9,8,12,30,406,27,4.1000000000000005,29.200000000000003,73.81
2020,9,8,12,45,359,20,4.1000000000000005,29.3,73.52
2020,9,8,13,0,755,292,4.1000000000000005,29.3,73.52
2020,9,8,13,15,204,9,4,29.3,73.52
2020,9,8,13,30,312,17,4,29.3,73.52
2020,9,8,13,45,545,103,3.9000000000000004,29.200000000000003,73.86
2020,9,8,14,0,244,12,3.9000000000000004,29.200000000000003,73.79
2020,9,8,14,15,273,14,3.8000000000000003,29.200000000000003,73.79
2020,9,8,14,30,536,153,3.7,29.200000000000003,73.79
2020,9,8,14,45,552,211,3.7,29.1,73.85000000000001
2020,9,8,15,0,573,304,3.6,29.1,73.85000000000001
2020,9,8,15,15,688,800,3.5,29,74.27
2020,9,8,15,30,638,782,3.4000000000000004,29,74.27
2020,9,8,15,45,586,768,3.4000000000000004,28.900000000000002,74.35000000000001
2020,9,8,16,0,530,745,3.3000000000000003,28.8,74.78
2020,9,8,16,15,473,717,3.2,28.700000000000003,75.22
2020,9,8,16,30,414,685,3.2,28.6,75.65
2020,9,8,16,45,255,210,3.1,28.5,76.15
2020,9,8,17,0,166,69,3,28.400000000000002,76.67
2020,9,8,17,15,136,70,2.9000000000000004,28.1,78.01
2020,9,8,17,30,106,73,2.8000000000000003,27.900000000000002,78.92
2020,9,8,17,45,72,47,2.7,27.700000000000003,81.65
2020,9,8,18,0,30,0,2.6,27.400000000000002,83.09
2020,9,8,18,15,29,119,2.6,27.3,83.57000000000001
2020,9,8,18,30,0,0,2.6,27.200000000000003,84.06
2020,9,8,18,45,0,0,2.6,27.1,85.31
2020,9,8,19,0,0,0,2.6,27,85.81
2020,9,8,19,15,0,0,2.6,27,85.81
2020,9,8,19,30,0,0,2.6,27,85.81
2020,9,8,19,45,0,0,2.6,27,85.81
2020,9,8,20,0,0,0,2.8000000000000003,26.8,87.63
2020,9,8,20,15,0,0,2.8000000000000003,26.8,87.63
2020,9,8,20,30,0,0,2.8000000000000003,26.700000000000003,88.15
2020,9,8,20,45,0,0,2.9000000000000004,26.700000000000003,88.88
2020,9,8,21,0,0,0,2.9000000000000004,26.700000000000003,88.88
2020,9,8,21,15,0,0,2.9000000000000004,26.6,89.4
2020,9,8,21,30,0,0,2.9000000000000004,26.6,89.4
2020,9,8,21,45,0,0,2.9000000000000004,26.6,90.32000000000001
2020,9,8,22,0,0,0,3,26.5,90.86
2020,9,8,22,15,0,0,3,26.5,90.86
2020,9,8,22,30,0,0,3,26.5,90.86
2020,9,8,22,45,0,0,2.9000000000000004,26.5,91.56
2020,9,8,23,0,0,0,2.9000000000000004,26.5,91.56
2020,9,8,23,15,0,0,2.9000000000000004,26.5,91.56
2020,9,8,23,30,0,0,2.9000000000000004,26.5,91.56
2020,9,8,23,45,0,0,2.9000000000000004,26.5,91.91
2020,9,9,0,0,0,0,2.9000000000000004,26.5,91.91
2020,9,9,0,15,0,0,2.9000000000000004,26.5,91.91
2020,9,9,0,30,0,0,2.9000000000000004,26.5,91.91
2020,9,9,0,45,0,0,2.9000000000000004,26.5,92.12
2020,9,9,1,0,0,0,2.9000000000000004,26.5,92.12
2020,9,9,1,15,0,0,3,26.5,92.12
2020,9,9,1,30,0,0,3,26.5,92.12
2020,9,9,1,45,0,0,3,26.5,92.68
2020,9,9,2,0,0,0,3,26.5,92.68
2020,9,9,2,15,0,0,3.1,26.5,92.68
2020,9,9,2,30,0,0,3.1,26.5,92.68
2020,9,9,2,45,0,0,3.2,26.5,93.04
2020,9,9,3,0,0,0,3.2,26.5,93.04
2020,9,9,3,15,0,0,3.3000000000000003,26.5,93.04
2020,9,9,3,30,0,0,3.4000000000000004,26.5,93.04
2020,9,9,3,45,0,0,3.4000000000000004,26.5,93.18
2020,9,9,4,0,0,0,3.5,26.5,93.18
2020,9,9,4,15,0,0,3.6,26.6,92.64
2020,9,9,4,30,0,0,3.6,26.6,92.73
2020,9,9,4,45,0,0,3.7,26.6,92.41
2020,9,9,5,0,0,0,3.7,26.6,92.41
2020,9,9,5,15,0,0,3.8000000000000003,26.6,92.41
2020,9,9,5,30,0,0,3.9000000000000004,26.6,92.41
2020,9,9,5,45,0,0,3.9000000000000004,26.6,91.72
2020,9,9,6,0,0,0,4,26.6,91.72
2020,9,9,6,15,0,0,4,26.700000000000003,91.18
2020,9,9,6,30,29,39,4.1000000000000005,26.8,90.74
2020,9,9,6,45,70,142,4.1000000000000005,26.900000000000002,90.33
2020,9,9,7,0,119,246,4.2,27,89.8
2020,9,9,7,15,173,337,4.2,27.1,89.28
2020,9,9,7,30,9,0,4.2,27.200000000000003,88.76
2020,9,9,7,45,170,68,4.3,27.3,87.16
2020,9,9,8,0,207,79,4.3,27.400000000000002,86.66
2020,9,9,8,15,408,576,4.4,27.6,85.74
2020,9,9,8,30,466,613,4.4,27.700000000000003,85.24
2020,9,9,8,45,524,654,4.5,27.8,82.76
2020,9,9,9,0,578,680,4.5,27.900000000000002,82.28
2020,9,9,9,15,631,703,4.5,28,81.81
2020,9,9,9,30,680,723,4.5,28.200000000000003,80.86
2020,9,9,9,45,596,338,4.5,28.3,78.95
2020,9,9,10,0,660,413,4.5,28.400000000000002,78.49
2020,9,9,10,15,638,293,4.4,28.5,78.04
2020,9,9,10,30,613,213,4.4,28.6,77.59
2020,9,9,10,45,596,165,4.4,28.6,76.96000000000001
2020,9,9,11,0,503,73,4.3,28.700000000000003,76.52
2020,9,9,11,15,925,798,4.3,28.8,76.08
2020,9,9,11,30,943,803,4.2,28.8,76.08
2020,9,9,11,45,657,168,4.2,28.900000000000002,75.61
2020,9,9,12,0,796,355,4.1000000000000005,29,75.18
2020,9,9,12,15,518,61,4.1000000000000005,29,75.18
2020,9,9,12,30,970,811,4,29,75.18
2020,9,9,12,45,966,812,4,29.1,74.51
2020,9,9,13,0,956,809,3.9000000000000004,29.1,74.51
2020,9,9,13,15,942,806,3.9000000000000004,29.1,74.51
2020,9,9,13,30,922,801,3.8000000000000003,29.1,74.51
2020,9,9,13,45,900,800,3.8000000000000003,29,74.68
2020,9,9,14,0,872,793,3.7,29,74.68
2020,9,9,14,15,839,783,3.7,29,74.68
2020,9,9,14,30,803,772,3.6,29,74.68
2020,9,9,14,45,614,319,3.6,29,74.51
2020,9,9,15,0,719,747,3.5,28.900000000000002,74.95
2020,9,9,15,15,672,730,3.5,28.900000000000002,74.95
2020,9,9,15,30,622,710,3.5,28.8,75.38
2020,9,9,15,45,570,691,3.4000000000000004,28.700000000000003,76.28
2020,9,9,16,0,515,664,3.4000000000000004,28.700000000000003,76.28
2020,9,9,16,15,458,633,3.3000000000000003,28.6,76.73
2020,9,9,16,30,399,595,3.3000000000000003,28.5,77.17
2020,9,9,16,45,302,395,3.2,28.400000000000002,79.14
2020,9,9,17,0,215,223,3.2,28.3,79.60000000000001
2020,9,9,17,15,127,52,3.1,28.1,80.61
2020,9,9,17,30,108,86,3.1,27.900000000000002,81.55
2020,9,9,17,45,45,0,3.1,27.700000000000003,83.8
2020,9,9,18,0,44,48,3.1,27.6,84.29
2020,9,9,18,15,24,41,3.1,27.5,84.78
2020,9,9,18,30,0,0,3.2,27.400000000000002,85.28
2020,9,9,18,45,0,0,3.2,27.400000000000002,86.01
2020,9,9,19,0,0,0,3.3000000000000003,27.3,86.52
2020,9,9,19,15,0,0,3.3000000000000003,27.3,86.52
2020,9,9,19,30,0,0,3.3000000000000003,27.3,86.52
2020,9,9,19,45,0,0,3.3000000000000003,27.3,86.52
2020,9,9,20,0,0,0,3.5,27.200000000000003,87.99
2020,9,9,20,15,0,0,3.5,27.200000000000003,87.99
2020,9,9,20,30,0,0,3.6,27.1,88.51
2020,9,9,20,45,0,0,3.6,27.1,89.11
2020,9,9,21,0,0,0,3.6,27.1,89.11
2020,9,9,21,15,0,0,3.6,27,89.63
2020,9,9,21,30,0,0,3.6,27,89.63
2020,9,9,21,45,0,0,3.7,27,89.97
2020,9,9,22,0,0,0,3.7,27,89.97
2020,9,9,22,15,0,0,3.7,26.900000000000002,90.5
2020,9,9,22,30,0,0,3.6,26.900000000000002,90.5
2020,9,9,22,45,0,0,3.6,26.8,90.78
2020,9,9,23,0,0,0,3.6,26.8,90.78
2020,9,9,23,15,0,0,3.6,26.8,90.78
2020,9,9,23,30,0,0,3.6,26.700000000000003,91.31
2020,9,9,23,45,0,0,3.5,26.700000000000003,89.87
2020,9,10,0,0,0,0,3.5,26.6,90.4
2020,9,10,0,15,0,0,3.5,26.6,90.4
2020,9,10,0,30,0,0,3.5,26.5,90.93
2020,9,10,0,45,0,0,3.5,26.5,89.22
2020,9,10,1,0,0,0,3.4000000000000004,26.400000000000002,89.75
2020,9,10,1,15,0,0,3.4000000000000004,26.3,90.28
2020,9,10,1,30,0,0,3.4000000000000004,26.3,90.28
2020,9,10,1,45,0,0,3.5,26.3,88.07000000000001
2020,9,10,2,0,0,0,3.5,26.200000000000003,88.58
2020,9,10,2,15,0,0,3.5,26.200000000000003,88.58
2020,9,10,2,30,0,0,3.4000000000000004,26.200000000000003,88.58
2020,9,10,2,45,0,0,3.4000000000000004,26.1,87.01
2020,9,10,3,0,0,0,3.4000000000000004,26.1,87.01
2020,9,10,3,15,0,0,3.4000000000000004,26.1,87.01
2020,9,10,3,30,0,0,3.4000000000000004,26.1,87.01
2020,9,10,3,45,0,0,3.4000000000000004,26,86.61
2020,9,10,4,0,0,0,3.4000000000000004,26,86.61
2020,9,10,4,15,0,0,3.3000000000000003,26,86.61
2020,9,10,4,30,0,0,3.3000000000000003,26,86.61
2020,9,10,4,45,0,0,3.3000000000000003,26,86.46000000000001
2020,9,10,5,0,0,0,3.3000000000000003,26,86.46000000000001
2020,9,10,5,15,0,0,3.2,26,86.46000000000001
2020,9,10,5,30,0,0,3.2,26,86.46000000000001
2020,9,10,5,45,0,0,3.2,26.1,86.98
2020,9,10,6,0,0,0,3.2,26.1,87.07000000000001
2020,9,10,6,15,0,0,3.2,26.3,86.05
2020,9,10,6,30,34,119,3.3000000000000003,26.5,85.05
2020,9,10,6,45,77,274,3.3000000000000003,26.8,84.38
2020,9,10,7,0,129,390,3.4000000000000004,27,83.4
2020,9,10,7,15,186,481,3.4000000000000004,27.200000000000003,82.43
2020,9,10,7,30,245,550,3.5,27.3,81.95
2020,9,10,7,45,306,615,3.5,27.5,79.66
2020,9,10,8,0,367,661,3.5,27.700000000000003,78.74
2020,9,10,8,15,246,92,3.5,27.8,78.28
2020,9,10,8,30,485,729,3.5,28,77.38
2020,9,10,8,45,543,759,3.5,28.1,76.3
2020,9,10,9,0,597,780,3.5,28.3,75.42
2020,9,10,9,15,649,799,3.5,28.400000000000002,74.98
2020,9,10,9,30,352,55,3.5,28.6,74.12
2020,9,10,9,45,561,271,3.5,28.700000000000003,73.39
2020,9,10,10,0,207,8,3.5,28.8,72.97
2020,9,10,10,15,288,16,3.5,28.900000000000002,72.55
2020,9,10,10,30,230,10,3.5,29,72.13
2020,9,10,10,45,277,14,3.5,29.1,71.59
2020,9,10,11,0,208,9,3.5,29.200000000000003,71.18
2020,9,10,11,15,282,14,3.5,29.3,70.77
2020,9,10,11,30,292,15,3.6,29.3,70.77
2020,9,10,11,45,402,27,3.6,29.400000000000002,70.27
2020,9,10,12,0,531,69,3.6,29.400000000000002,70.2
2020,9,10,12,15,666,169,3.6,29.5,69.8
2020,9,10,12,30,771,302,3.6,29.5,69.8
2020,9,10,12,45,798,366,3.6,29.5,69.69
2020,9,10,13,0,742,277,3.6,29.5,69.69
2020,9,10,13,15,800,411,3.6,29.5,69.62
2020,9,10,13,30,270,13,3.6,29.400000000000002,70.02
2020,9,10,13,45,260,13,3.5,29.400000000000002,69.65
2020,9,10,14,0,302,16,3.5,29.400000000000002,69.65
2020,9,10,14,15,545,140,3.5,29.3,70.05
2020,9,10,14,30,323,23,3.5,29.3,70.05
2020,9,10,14,45,190,6,3.5,29.200000000000003,70.08
2020,9,10,15,0,371,55,3.5,29.200000000000003,70.01
2020,9,10,15,15,105,0,3.5,29.1,70.41
2020,9,10,15,30,184,4,3.5,29,70.82000000000001
2020,9,10,15,45,424,239,3.5,28.900000000000002,71.22
2020,9,10,16,0,342,154,3.5,28.8,71.63
2020,9,10,16,15,350,258,3.4000000000000004,28.700000000000003,72.05
2020,9,10,16,30,309,262,3.4000000000000004,28.6,72.47
2020,9,10,16,45,211,105,3.3000000000000003,28.400000000000002,73.74
2020,9,10,17,0,189,139,3.3000000000000003,28.3,74.17
2020,9,10,17,15,89,0,3.2,28.1,75.03
2020,9,10,17,30,78,1,3.1,27.900000000000002,75.91
2020,9,10,17,45,77,92,3.1,27.6,78.86
2020,9,10,18,0,40,27,3,27.400000000000002,79.79
2020,9,10,18,15,19,0,3,27.3,80.25
2020,9,10,18,30,0,0,3,27.200000000000003,80.8
2020,9,10,18,45,0,0,3,27.1,82.13
2020,9,10,19,0,0,0,3,27,82.61
2020,9,10,19,15,0,0,3,27,82.61
2020,9,10,19,30,0,0,3,27,82.61
2020,9,10,19,45,0,0,3,27,82.61
2020,9,10,20,0,0,0,3.1,26.900000000000002,83.34
2020,9,10,20,15,0,0,3.1,26.8,83.83
2020,9,10,20,30,0,0,3.1,26.8,83.83
2020,9,10,20,45,0,0,3.1,26.700000000000003,84.29
2020,9,10,21,0,0,0,3.1,26.700000000000003,84.29
2020,9,10,21,15,0,0,3.1,26.700000000000003,84.29
2020,9,10,21,30,0,0,3.1,26.6,84.78
2020,9,10,21,45,0,0,3.1,26.6,84.62
2020,9,10,22,0,0,0,3.1,26.5,85.12
2020,9,10,22,15,0,0,3.1,26.5,85.12
2020,9,10,22,30,0,0,3.1,26.400000000000002,85.62
2020,9,10,22,45,0,0,3.1,26.400000000000002,85.24
2020,9,10,23,0,0,0,3,26.400000000000002,85.24
2020,9,10,23,15,0,0,3,26.3,85.74
2020,9,10,23,30,0,0,3,26.3,85.74
2020,9,10,23,45,0,0,3,26.200000000000003,85.62
2020,9,11,0,0,0,0,3,26.200000000000003,85.62
2020,9,11,0,15,0,0,3,26.200000000000003,85.62
2020,9,11,0,30,0,0,2.9000000000000004,26.1,86.13
2020,9,11,0,45,0,0,2.9000000000000004,26.1,85.57000000000001
2020,9,11,1,0,0,0,2.9000000000000004,26.1,85.57000000000001
2020,9,11,1,15,0,0,2.8000000000000003,26,86.08
2020,9,11,1,30,0,0,2.8000000000000003,26,85.99
2020,9,11,1,45,0,0,2.8000000000000003,25.900000000000002,85.93
2020,9,11,2,0,0,0,2.7,25.900000000000002,85.93
2020,9,11,2,15,0,0,2.7,25.900000000000002,85.93
2020,9,11,2,30,0,0,2.7,25.8,86.44
2020,9,11,2,45,0,0,2.6,25.8,86.04
2020,9,11,3,0,0,0,2.6,25.8,86.04
2020,9,11,3,15,0,0,2.6,25.8,86.04
2020,9,11,3,30,0,0,2.6,25.8,86.04
2020,9,11,3,45,0,0,2.5,25.700000000000003,86.07000000000001
2020,9,11,4,0,0,0,2.5,25.700000000000003,86.07000000000001
2020,9,11,4,15,0,0,2.5,25.700000000000003,86.07000000000001
2020,9,11,4,30,0,0,2.5,25.700000000000003,86.16
2020,9,11,4,45,0,0,2.5,25.700000000000003,85.76
2020,9,11,5,0,0,0,2.5,25.700000000000003,85.76
2020,9,11,5,15,0,0,2.5,25.700000000000003,85.76
2020,9,11,5,30,0,0,2.5,25.700000000000003,85.76
2020,9,11,5,45,0,0,2.4000000000000004,25.8,85.79
2020,9,11,6,0,0,0,2.4000000000000004,25.8,85.79
2020,9,11,6,15,0,0,2.5,26,84.78
2020,9,11,6,30,37,207,2.6,26.3,83.3
2020,9,11,6,45,82,370,2.6,26.5,83.45
2020,9,11,7,0,136,483,2.7,26.700000000000003,82.48
2020,9,11,7,15,194,567,2.7,26.8,82
2020,9,11,7,30,254,631,2.7,27,81.13
2020,9,11,7,45,316,688,2.7,27.1,78.3
2020,9,11,8,0,377,728,2.8000000000000003,27.3,77.39
2020,9,11,8,15,437,760,2.8000000000000003,27.400000000000002,76.94
2020,9,11,8,30,496,788,2.8000000000000003,27.6,76.05
2020,9,11,8,45,553,810,2.8000000000000003,27.8,74.27
2020,9,11,9,0,609,831,2.8000000000000003,28,73.41
2020,9,11,9,15,661,848,2.8000000000000003,28.1,72.98
2020,9,11,9,30,711,862,2.8000000000000003,28.3,72.14
2020,9,11,9,45,757,874,2.8000000000000003,28.400000000000002,71.52
2020,9,11,10,0,801,885,2.7,28.6,70.69
2020,9,11,10,15,840,894,2.7,28.700000000000003,70.22
2020,9,11,10,30,876,902,2.7,28.8,69.81
2020,9,11,10,45,903,893,2.7,29,69.08
2020,9,11,11,0,930,899,2.7,29.1,68.68
2020,9,11,11,15,953,904,2.7,29.1,68.68
2020,9,11,11,30,971,908,2.7,29.200000000000003,68.29
2020,9,11,11,45,984,907,2.7,29.3,68.18
2020,9,11,12,0,993,909,2.7,29.400000000000002,67.79
2020,9,11,12,15,997,910,2.7,29.400000000000002,67.72
2020,9,11,12,30,996,910,2.7,29.400000000000002,67.72
2020,9,11,12,45,990,906,2.7,29.5,67.59
2020,9,11,13,0,979,904,2.7,29.5,67.59
2020,9,11,13,15,963,900,2.7,29.5,67.59
2020,9,11,13,30,944,896,2.7,29.400000000000002,67.91
2020,9,11,13,45,918,883,2.7,29.400000000000002,67.99
2020,9,11,14,0,889,877,2.7,29.400000000000002,67.99
2020,9,11,14,15,856,869,2.7,29.3,68.38
2020,9,11,14,30,820,860,2.7,29.200000000000003,68.78
2020,9,11,14,45,778,845,2.7,29.200000000000003,69.13
2020,9,11,15,0,734,832,2.7,29.1,69.46000000000001
2020,9,11,15,15,686,818,2.7,29,69.86
2020,9,11,15,30,635,801,2.7,28.900000000000002,70.27
2020,9,11,15,45,581,777,2.7,28.8,71.36
2020,9,11,16,0,525,753,2.7,28.700000000000003,71.77
2020,9,11,16,15,468,725,2.7,28.5,72.61
2020,9,11,16,30,408,692,2.7,28.400000000000002,73.03
2020,9,11,16,45,348,650,2.7,28.200000000000003,75.16
2020,9,11,17,0,190,149,2.6,28.1,75.60000000000001
2020,9,11,17,15,227,541,2.6,27.8,76.93
2020,9,11,17,30,168,466,2.5,27.6,77.83
2020,9,11,17,45,55,0,2.5,27.400000000000002,81.16
2020,9,11,18,0,62,242,2.4000000000000004,27.200000000000003,82.11
2020,9,11,18,15,23,88,2.4000000000000004,27.1,82.59
2020,9,11,18,30,0,0,2.4000000000000004,27,83.08
2020,9,11,18,45,0,0,2.4000000000000004,26.8,84.96000000000001
2020,9,11,19,0,0,0,2.4000000000000004,26.700000000000003,85.55
2020,9,11,19,15,0,0,2.4000000000000004,26.700000000000003,85.55
2020,9,11,19,30,0,0,2.4000000000000004,26.700000000000003,85.55
2020,9,11,19,45,0,0,2.4000000000000004,26.700000000000003,85.55
2020,9,11,20,0,0,0,2.4000000000000004,26.5,86.60000000000001
2020,9,11,20,15,0,0,2.4000000000000004,26.5,86.60000000000001
2020,9,11,20,30,0,0,2.4000000000000004,26.400000000000002,87.11
2020,9,11,20,45,0,0,2.4000000000000004,26.400000000000002,87.07000000000001
2020,9,11,21,0,0,0,2.4000000000000004,26.400000000000002,87.07000000000001
2020,9,11,21,15,0,0,2.4000000000000004,26.3,87.58
2020,9,11,21,30,0,0,2.4000000000000004,26.3,87.58
2020,9,11,21,45,0,0,2.4000000000000004,26.3,87.48
2020,9,11,22,0,0,0,2.3000000000000003,26.3,87.48
2020,9,11,22,15,0,0,2.3000000000000003,26.200000000000003,88
2020,9,11,22,30,0,0,2.3000000000000003,26.200000000000003,88
2020,9,11,22,45,0,0,2.2,26.200000000000003,87.34
2020,9,11,23,0,0,0,2.2,26.1,87.86
2020,9,11,23,15,0,0,2.2,26.1,87.86
2020,9,11,23,30,0,0,2.1,26.1,87.86
2020,9,11,23,45,0,0,2.1,26.1,87.22
2020,9,12,0,0,0,0,2,26.1,87.22
2020,9,12,0,15,0,0,2,26,87.73
2020,9,12,0,30,0,0,2,26,87.73
2020,9,12,0,45,0,0,1.9000000000000001,26,86.66
2020,9,12,1,0,0,0,1.9000000000000001,26,86.66
2020,9,12,1,15,0,0,1.9000000000000001,26,86.66
2020,9,12,1,30,0,0,1.8,26,86.57000000000001
2020,9,12,1,45,0,0,1.8,25.900000000000002,85.92
2020,9,12,2,0,0,0,1.8,25.900000000000002,85.92
2020,9,12,2,15,0,0,1.7000000000000002,25.900000000000002,85.92
2020,9,12,2,30,0,0,1.7000000000000002,25.900000000000002,85.92
2020,9,12,2,45,0,0,1.7000000000000002,25.900000000000002,85.47
2020,9,12,3,0,0,0,1.7000000000000002,25.900000000000002,85.47
2020,9,12,3,15,0,0,1.7000000000000002,25.8,85.98
2020,9,12,3,30,0,0,1.7000000000000002,25.8,85.98
2020,9,12,3,45,0,0,1.7000000000000002,25.8,85.89
2020,9,12,4,0,0,0,1.7000000000000002,25.8,85.89
2020,9,12,4,15,0,0,1.7000000000000002,25.8,85.89
2020,9,12,4,30,0,0,1.7000000000000002,25.8,85.89
2020,9,12,4,45,0,0,1.7000000000000002,25.8,85.55
2020,9,12,5,0,0,0,1.7000000000000002,25.8,85.55
2020,9,12,5,15,0,0,1.7000000000000002,25.8,85.55
2020,9,12,5,30,0,0,1.7000000000000002,25.8,85.55
2020,9,12,5,45,0,0,1.7000000000000002,25.900000000000002,85.61
2020,9,12,6,0,0,0,1.7000000000000002,25.900000000000002,85.61
2020,9,12,6,15,0,0,1.7000000000000002,26.1,84.61
2020,9,12,6,30,34,133,1.8,26.3,83.62
2020,9,12,6,45,77,277,1.8,26.5,84.56
2020,9,12,7,0,129,392,1.8,26.700000000000003,83.57000000000001
2020,9,12,7,15,186,482,1.9000000000000001,26.8,83.08
2020,9,12,7,30,245,553,1.9000000000000001,26.900000000000002,82.60000000000001
2020,9,12,7,45,305,607,2,27,80.55
2020,9,12,8,0,366,653,2,27.200000000000003,79.61
2020,9,12,8,15,426,691,2.1,27.3,79.15
2020,9,12,8,30,485,723,2.1,27.400000000000002,78.69
2020,9,12,8,45,542,747,2.2,27.5,77.36
2020,9,12,9,0,597,770,2.2,27.6,76.91
2020,9,12,9,15,650,790,2.2,27.8,76.02
2020,9,12,9,30,699,807,2.3000000000000003,27.900000000000002,75.58
2020,9,12,9,45,746,823,2.3000000000000003,28,75.06
2020,9,12,10,0,790,835,2.3000000000000003,28.1,74.62
2020,9,12,10,15,829,846,2.3000000000000003,28.3,73.76
2020,9,12,10,30,865,855,2.3000000000000003,28.400000000000002,73.34
2020,9,12,10,45,889,834,2.4000000000000004,28.5,73.38
2020,9,12,11,0,916,841,2.4000000000000004,28.6,72.96000000000001
2020,9,12,11,15,938,845,2.4000000000000004,28.700000000000003,72.54
2020,9,12,11,30,956,850,2.4000000000000004,28.8,72.12
2020,9,12,11,45,970,856,2.5,28.900000000000002,72.09
2020,9,12,12,0,979,858,2.5,29,71.68
2020,9,12,12,15,983,859,2.5,29.1,71.19
2020,9,12,12,30,708,219,2.5,29.1,71.19
2020,9,12,12,45,977,859,2.5,29.200000000000003,70.82000000000001
2020,9,12,13,0,966,856,2.6,29.200000000000003,70.82000000000001
2020,9,12,13,15,951,853,2.6,29.200000000000003,70.82000000000001
2020,9,12,13,30,706,268,2.6,29.3,70.41
2020,9,12,13,45,715,313,2.6,29.3,70.43
2020,9,12,14,0,495,83,2.5,29.3,70.36
2020,9,12,14,15,336,23,2.6,29.200000000000003,70.77
2020,9,12,14,30,209,8,2.6,29.1,71.18
2020,9,12,14,45,188,6,2.6,29.1,71.61
2020,9,12,15,0,96,0,2.6,29,72.03
2020,9,12,15,15,46,0,2.6,28.900000000000002,72.44
2020,9,12,15,30,43,0,2.7,28.8,72.86
2020,9,12,15,45,36,0,2.7,28.700000000000003,74.17
2020,9,12,16,0,89,0,2.7,28.6,74.60000000000001
2020,9,12,16,15,10,0,2.7,28.400000000000002,75.47
2020,9,12,16,30,21,0,2.7,28.200000000000003,76.35000000000001
2020,9,12,16,45,49,0,2.6,28.1,77.98
2020,9,12,17,0,65,0,2.6,27.900000000000002,78.89
2020,9,12,17,15,19,0,2.6,27.700000000000003,79.81
2020,9,12,17,30,56,0,2.5,27.5,80.75
2020,9,12,17,45,32,0,2.5,27.3,83.62
2020,9,12,18,0,44,89,2.4000000000000004,27.1,84.60000000000001
2020,9,12,18,15,19,30,2.4000000000000004,27,85.10000000000001
2020,9,12,18,30,0,0,2.4000000000000004,27,85.10000000000001
2020,9,12,18,45,0,0,2.5,26.900000000000002,86.09
2020,9,12,19,0,0,0,2.5,26.8,86.59
2020,9,12,19,15,0,0,2.5,26.8,86.59
2020,9,12,19,30,0,0,2.5,26.8,86.59
2020,9,12,19,45,0,0,2.5,26.8,86.59
2020,9,12,20,0,0,0,2.5,26.700000000000003,87.23
2020,9,12,20,15,0,0,2.5,26.6,87.74
2020,9,12,20,30,0,0,2.5,26.6,87.74
2020,9,12,20,45,0,0,2.5,26.6,87.59
2020,9,12,21,0,0,0,2.5,26.6,87.59
2020,9,12,21,15,0,0,2.5,26.5,88.10000000000001
2020,9,12,21,30,0,0,2.5,26.5,88.19
2020,9,12,21,45,0,0,2.4000000000000004,26.5,87.74
2020,9,12,22,0,0,0,2.4000000000000004,26.5,87.74
2020,9,12,22,15,0,0,2.4000000000000004,26.400000000000002,88.25
2020,9,12,22,30,0,0,2.3000000000000003,26.400000000000002,88.25
2020,9,12,22,45,0,0,2.3000000000000003,26.400000000000002,87.83
2020,9,12,23,0,0,0,2.3000000000000003,26.400000000000002,87.83
2020,9,12,23,15,0,0,2.2,26.3,88.35000000000001
2020,9,12,23,30,0,0,2.2,26.3,88.35000000000001
2020,9,12,23,45,0,0,2.1,26.3,87.86
2020,9,13,0,0,0,0,2.1,26.3,87.86
2020,9,13,0,15,0,0,2.1,26.200000000000003,88.38
2020,9,13,0,30,0,0,2,26.200000000000003,88.38
2020,9,13,0,45,0,0,2,26.200000000000003,87.75
2020,9,13,1,0,0,0,2,26.200000000000003,87.75
2020,9,13,1,15,0,0,2,26.200000000000003,87.75
2020,9,13,1,30,0,0,1.9000000000000001,26.200000000000003,87.75
2020,9,13,1,45,0,0,1.9000000000000001,26.1,87.69
2020,9,13,2,0,0,0,1.9000000000000001,26.1,87.69
2020,9,13,2,15,0,0,1.9000000000000001,26.1,87.69
2020,9,13,2,30,0,0,1.9000000000000001,26.1,87.60000000000001
2020,9,13,2,45,0,0,1.9000000000000001,26.1,87.27
2020,9,13,3,0,0,0,1.9000000000000001,26,87.79
2020,9,13,3,15,0,0,1.9000000000000001,26,87.79
2020,9,13,3,30,0,0,1.9000000000000001,26,87.79
2020,9,13,3,45,0,0,1.9000000000000001,26,87.76
2020,9,13,4,0,0,0,1.9000000000000001,26,87.76
2020,9,13,4,15,0,0,2,25.900000000000002,88.28
2020,9,13,4,30,0,0,2,25.900000000000002,88.28
2020,9,13,4,45,0,0,2,25.900000000000002,88.16
2020,9,13,5,0,0,0,2,25.900000000000002,88.16
2020,9,13,5,15,0,0,2,25.900000000000002,88.16
2020,9,13,5,30,0,0,2,26,87.65
2020,9,13,5,45,0,0,2.1,26,88.24
2020,9,13,6,0,0,0,2.1,26,88.24
2020,9,13,6,15,0,0,2.1,26.200000000000003,87.21000000000001
2020,9,13,6,30,32,100,2.2,26.400000000000002,86.28
2020,9,13,6,45,74,237,2.3000000000000003,26.5,88.11
2020,9,13,7,0,125,349,2.3000000000000003,26.700000000000003,87.08
2020,9,13,7,15,180,439,2.4000000000000004,26.8,86.57000000000001
2020,9,13,7,30,95,0,2.5,26.900000000000002,86.07000000000001
2020,9,13,7,45,255,352,2.5,27,84.91
2020,9,13,8,0,255,193,2.6,27.200000000000003,84.01
2020,9,13,8,15,271,140,2.6,27.3,83.52
2020,9,13,8,30,210,24,2.6,27.400000000000002,83.04
2020,9,13,8,45,497,565,2.7,27.6,80.04
2020,9,13,9,0,589,746,2.7,27.700000000000003,79.57000000000001
2020,9,13,9,15,641,767,2.7,27.8,79.11
2020,9,13,9,30,690,784,2.8000000000000003,28,78.2
2020,9,13,9,45,737,800,2.8000000000000003,28.1,77.22
2020,9,13,10,0,780,813,2.8000000000000003,28.3,76.33
2020,9,13,10,15,819,824,2.8000000000000003,28.400000000000002,75.89
2020,9,13,10,30,854,834,2.9000000000000004,28.5,75.45
2020,9,13,10,45,880,817,2.9000000000000004,28.6,75.18
2020,9,13,11,0,907,824,3,28.700000000000003,74.75
2020,9,13,11,15,929,830,3,28.700000000000003,74.75
2020,9,13,11,30,947,834,3.1,28.8,74.32000000000001
2020,9,13,11,45,960,833,3.2,28.8,74.7
2020,9,13,12,0,968,835,3.3000000000000003,28.900000000000002,74.27
2020,9,13,12,15,558,84,3.3000000000000003,28.900000000000002,74.2
2020,9,13,12,30,786,329,3.4000000000000004,28.900000000000002,74.2
2020,9,13,12,45,964,830,3.5,29,74.3
2020,9,13,13,0,954,828,3.5,29,74.3
2020,9,13,13,15,938,824,3.6,29,74.3
2020,9,13,13,30,919,819,3.6,28.900000000000002,74.73
2020,9,13,13,45,889,794,3.6,28.900000000000002,75.03
2020,9,13,14,0,860,786,3.7,28.900000000000002,75.03
2020,9,13,14,15,581,187,3.7,28.8,75.46000000000001
2020,9,13,14,30,791,765,3.7,28.8,75.46000000000001
2020,9,13,14,45,644,412,3.7,28.700000000000003,76.33
2020,9,13,15,0,705,731,3.7,28.700000000000003,76.33
2020,9,13,15,15,658,713,3.6,28.6,76.77
2020,9,13,15,30,607,693,3.6,28.5,77.22
2020,9,13,15,45,554,669,3.6,28.5,77.69
2020,9,13,16,0,499,641,3.5,28.400000000000002,78.14
2020,9,13,16,15,442,609,3.5,28.3,78.59
2020,9,13,16,30,384,570,3.4000000000000004,28.200000000000003,79.05
2020,9,13,16,45,325,527,3.3000000000000003,28.1,80.36
2020,9,13,17,0,266,473,3.2,28,80.83
2020,9,13,17,15,207,408,3.2,27.8,81.77
2020,9,13,17,30,118,169,3.1,27.6,82.73
2020,9,13,17,45,72,94,3,27.5,84.77
2020,9,13,18,0,36,29,2.9000000000000004,27.3,85.76
2020,9,13,18,15,14,0,2.9000000000000004,27.200000000000003,86.26
2020,9,13,18,30,0,0,2.9000000000000004,27.200000000000003,86.35000000000001
2020,9,13,18,45,0,0,2.9000000000000004,27.1,87.41
2020,9,13,19,0,0,0,2.9000000000000004,27,87.93
2020,9,13,19,15,0,0,2.9000000000000004,27,87.93
2020,9,13,19,30,0,0,2.9000000000000004,27,87.93
2020,9,13,19,45,0,0,2.9000000000000004,27,87.93
2020,9,13,20,0,0,0,2.9000000000000004,26.900000000000002,88.57000000000001
2020,9,13,20,15,0,0,2.9000000000000004,26.900000000000002,88.66
2020,9,13,20,30,0,0,2.9000000000000004,26.900000000000002,88.66
2020,9,13,20,45,0,0,2.9000000000000004,26.900000000000002,88.74
2020,9,13,21,0,0,0,2.9000000000000004,26.8,89.26
2020,9,13,21,15,0,0,2.8000000000000003,26.8,89.26
2020,9,13,21,30,0,0,2.8000000000000003,26.8,89.26
2020,9,13,21,45,0,0,2.8000000000000003,26.8,89.27
2020,9,13,22,0,0,0,2.8000000000000003,26.700000000000003,89.79
2020,9,13,22,15,0,0,2.8000000000000003,26.700000000000003,89.79
2020,9,13,22,30,0,0,2.8000000000000003,26.700000000000003,89.79
2020,9,13,22,45,0,0,2.8000000000000003,26.700000000000003,89.51
2020,9,13,23,0,0,0,2.8000000000000003,26.6,90.03
2020,9,13,23,15,0,0,2.8000000000000003,26.6,90.03
2020,9,13,23,30,0,0,2.8000000000000003,26.6,90.03
2020,9,13,23,45,0,0,2.7,26.6,89.67
2020,9,14,0,0,0,0,2.7,26.5,90.2
2020,9,14,0,15,0,0,2.7,26.5,90.2
2020,9,14,0,30,0,0,2.7,26.5,90.2
2020,9,14,0,45,0,0,2.7,26.5,89.68
2020,9,14,1,0,0,0,2.7,26.400000000000002,90.21000000000001
2020,9,14,1,15,0,0,2.7,26.400000000000002,90.21000000000001
2020,9,14,1,30,0,0,2.7,26.400000000000002,90.21000000000001
2020,9,14,1,45,0,0,2.7,26.400000000000002,89.8
2020,9,14,2,0,0,0,2.7,26.3,90.33
2020,9,14,2,15,0,0,2.7,26.3,90.33
2020,9,14,2,30,0,0,2.6,26.3,90.33
2020,9,14,2,45,0,0,2.6,26.3,89.97
2020,9,14,3,0,0,0,2.6,26.3,89.97
2020,9,14,3,15,0,0,2.6,26.3,89.97
2020,9,14,3,30,0,0,2.6,26.200000000000003,90.5
2020,9,14,3,45,0,0,2.6,26.200000000000003,90.32000000000001
2020,9,14,4,0,0,0,2.6,26.200000000000003,90.42
2020,9,14,4,15,0,0,2.6,26.200000000000003,90.42
2020,9,14,4,30,0,0,2.6,26.200000000000003,90.42
2020,9,14,4,45,0,0,2.7,26.200000000000003,90.24
2020,9,14,5,0,0,0,2.7,26.200000000000003,90.24
2020,9,14,5,15,0,0,2.7,26.200000000000003,90.24
2020,9,14,5,30,0,0,2.7,26.3,89.71000000000001
2020,9,14,5,45,0,0,2.7,26.3,90.10000000000001
2020,9,14,6,0,0,0,2.7,26.3,90.19
2020,9,14,6,15,0,0,2.7,26.5,89.14
2020,9,14,6,30,22,0,2.7,26.700000000000003,88.10000000000001
2020,9,14,6,45,53,76,2.8000000000000003,26.900000000000002,89.03
2020,9,14,7,0,126,374,2.8000000000000003,27.1,88
2020,9,14,7,15,183,463,2.9000000000000004,27.3,86.97
2020,9,14,7,30,241,534,2.9000000000000004,27.400000000000002,86.47
2020,9,14,7,45,301,590,3,27.6,84.19
2020,9,14,8,0,362,637,3,27.700000000000003,83.78
2020,9,14,8,15,422,676,3,27.900000000000002,82.81
2020,9,14,8,30,480,708,3.1,28,82.33
2020,9,14,8,45,537,736,3.1,28.200000000000003,79.8
2020,9,14,9,0,592,759,3.1,28.3,79.34
2020,9,14,9,15,644,779,3.1,28.5,78.43
2020,9,14,9,30,694,796,3.1,28.6,77.97
2020,9,14,9,45,741,814,3.1,28.8,76.45
2020,9,14,10,0,784,827,3.1,28.900000000000002,76.01
2020,9,14,10,15,824,838,3.1,29,75.58
2020,9,14,10,30,859,847,3.1,29.200000000000003,74.71000000000001
2020,9,14,10,45,897,882,3.1,29.3,74.07000000000001
2020,9,14,11,0,924,888,3.1,29.400000000000002,73.57000000000001
2020,9,14,11,15,946,893,3.1,29.5,73.15
2020,9,14,11,30,964,897,3.1,29.6,72.73
2020,9,14,11,45,977,899,3,29.700000000000003,72.59
2020,9,14,12,0,986,901,3,29.8,72.17
2020,9,14,12,15,990,902,2.9000000000000004,29.900000000000002,71.76
2020,9,14,12,30,989,902,2.9000000000000004,29.900000000000002,71.76
2020,9,14,12,45,983,900,2.8000000000000003,30,71.77
2020,9,14,13,0,972,898,2.7,30,71.77
2020,9,14,13,15,957,895,2.7,30,71.77
2020,9,14,13,30,937,891,2.6,30,71.77
2020,9,14,13,45,909,874,2.6,30,71.63
2020,9,14,14,0,879,866,2.5,30,71.63
2020,9,14,14,15,846,858,2.5,30,71.56
2020,9,14,14,30,809,848,2.5,30,71.56
2020,9,14,14,45,768,835,2.4000000000000004,29.900000000000002,71.82000000000001
2020,9,14,15,0,723,822,2.4000000000000004,29.900000000000002,71.82000000000001
2020,9,14,15,15,675,807,2.4000000000000004,29.8,72.23
2020,9,14,15,30,624,789,2.4000000000000004,29.700000000000003,72.65
2020,9,14,15,45,569,763,2.5,29.700000000000003,72.86
2020,9,14,16,0,513,738,2.5,29.6,73.28
2020,9,14,16,15,456,710,2.5,29.400000000000002,74.13
2020,9,14,16,30,396,675,2.5,29.3,74.55
2020,9,14,16,45,334,620,2.6,29.1,76.31
2020,9,14,17,0,274,569,2.6,29,76.83
2020,9,14,17,15,214,506,2.6,28.700000000000003,78.17
2020,9,14,17,30,156,428,2.6,28.5,79.08
2020,9,14,17,45,101,318,2.7,28.3,82.2
2020,9,14,18,0,54,192,2.7,28,83.65
2020,9,14,18,15,18,55,2.8000000000000003,27.900000000000002,84.13
2020,9,14,18,30,0,0,2.9000000000000004,27.8,84.62
2020,9,14,18,45,0,0,2.9000000000000004,27.700000000000003,86.09
2020,9,14,19,0,0,0,3,27.6,86.59
2020,9,14,19,15,0,0,3,27.6,86.59
2020,9,14,19,30,0,0,3,27.6,86.59
2020,9,14,19,45,0,0,3,27.6,86.59
2020,9,14,20,0,0,0,3.2,27.3,88.73
2020,9,14,20,15,0,0,3.2,27.3,88.73
2020,9,14,20,30,0,0,3.2,27.200000000000003,89.25
2020,9,14,20,45,0,0,3.3000000000000003,27.200000000000003,89.23
2020,9,14,21,0,0,0,3.3000000000000003,27.1,89.75
2020,9,14,21,15,0,0,3.3000000000000003,27.1,89.75
2020,9,14,21,30,0,0,3.3000000000000003,27.1,89.75
2020,9,14,21,45,0,0,3.2,27,89.74
2020,9,14,22,0,0,0,3.2,27,89.74
2020,9,14,22,15,0,0,3.2,26.900000000000002,90.27
2020,9,14,22,30,0,0,3.2,26.900000000000002,90.27
2020,9,14,22,45,0,0,3.1,26.8,89.78
2020,9,14,23,0,0,0,3.1,26.8,89.78
2020,9,14,23,15,0,0,3,26.8,89.78
2020,9,14,23,30,0,0,3,26.700000000000003,90.31
2020,9,14,23,45,0,0,2.9000000000000004,26.700000000000003,89.26
2020,9,15,0,0,0,0,2.9000000000000004,26.6,89.79
2020,9,15,0,15,0,0,2.8000000000000003,26.6,89.79
2020,9,15,0,30,0,0,2.8000000000000003,26.6,89.69
2020,9,15,0,45,0,0,2.7,26.5,89.3
2020,9,15,1,0,0,0,2.7,26.5,89.3
2020,9,15,1,15,0,0,2.7,26.5,89.3
2020,9,15,1,30,0,0,2.6,26.5,89.3
2020,9,15,1,45,0,0,2.6,26.400000000000002,88.99
2020,9,15,2,0,0,0,2.6,26.400000000000002,88.99
2020,9,15,2,15,0,0,2.6,26.400000000000002,88.99
2020,9,15,2,30,0,0,2.6,26.400000000000002,88.9
2020,9,15,2,45,0,0,2.6,26.3,88.62
2020,9,15,3,0,0,0,2.6,26.3,88.62
2020,9,15,3,15,0,0,2.6,26.3,88.62
2020,9,15,3,30,0,0,2.6,26.3,88.62
2020,9,15,3,45,0,0,2.6,26.3,88.07000000000001
2020,9,15,4,0,0,0,2.6,26.200000000000003,88.59
2020,9,15,4,15,0,0,2.6,26.200000000000003,88.59
2020,9,15,4,30,0,0,2.6,26.200000000000003,88.59
2020,9,15,4,45,0,0,2.6,26.200000000000003,88.12
2020,9,15,5,0,0,0,2.7,26.200000000000003,88.12
2020,9,15,5,15,0,0,2.7,26.200000000000003,88.12
2020,9,15,5,30,0,0,2.7,26.3,87.61
2020,9,15,5,45,0,0,2.7,26.3,87.71000000000001
2020,9,15,6,0,0,0,2.8000000000000003,26.3,87.71000000000001
2020,9,15,6,15,0,0,2.8000000000000003,26.5,86.68
2020,9,15,6,30,35,177,2.9000000000000004,26.700000000000003,85.76
2020,9,15,6,45,79,332,3,26.900000000000002,86.02
2020,9,15,7,0,132,448,3,27,85.52
2020,9,15,7,15,190,536,3.1,27.200000000000003,84.53
2020,9,15,7,30,250,604,3.2,27.3,84.03
2020,9,15,7,45,311,657,3.2,27.5,81.87
2020,9,15,8,0,372,700,3.3000000000000003,27.6,81.39
2020,9,15,8,15,432,736,3.3000000000000003,27.8,80.45
2020,9,15,8,30,492,765,3.3000000000000003,27.900000000000002,80.06
2020,9,15,8,45,549,788,3.4000000000000004,28.1,77.76
2020,9,15,9,0,604,810,3.4000000000000004,28.200000000000003,77.31
2020,9,15,9,15,657,828,3.4000000000000004,28.400000000000002,76.42
2020,9,15,9,30,706,844,3.4000000000000004,28.6,75.54
2020,9,15,9,45,753,857,3.4000000000000004,28.700000000000003,74.5
2020,9,15,10,0,796,868,3.4000000000000004,28.900000000000002,73.65
2020,9,15,10,15,835,878,3.4000000000000004,29,73.23
2020,9,15,10,30,870,886,3.4000000000000004,29.200000000000003,72.39
2020,9,15,10,45,899,881,3.4000000000000004,29.3,71.68
2020,9,15,11,0,926,887,3.4000000000000004,29.5,70.87
2020,9,15,11,15,948,892,3.3000000000000003,29.6,70.46000000000001
2020,9,15,11,30,966,896,3.3000000000000003,29.700000000000003,70.06
2020,9,15,11,45,979,897,3.3000000000000003,29.8,69.71000000000001
2020,9,15,12,0,987,898,3.3000000000000003,29.900000000000002,69.32000000000001
2020,9,15,12,15,991,899,3.3000000000000003,30,68.85000000000001
2020,9,15,12,30,990,899,3.3000000000000003,30.1,68.46000000000001
2020,9,15,12,45,983,895,3.3000000000000003,30.1,68.8
2020,9,15,13,0,972,893,3.3000000000000003,30.200000000000003,68.4
2020,9,15,13,15,957,890,3.3000000000000003,30.200000000000003,68.4
2020,9,15,13,30,937,886,3.3000000000000003,30.200000000000003,68.34
2020,9,15,13,45,914,889,3.3000000000000003,30.200000000000003,68.89
2020,9,15,14,0,885,882,3.3000000000000003,30.200000000000003,68.89
2020,9,15,14,15,851,874,3.3000000000000003,30.1,69.29
2020,9,15,14,30,814,865,3.3000000000000003,30.1,69.29
2020,9,15,14,45,772,850,3.3000000000000003,30.1,69.72
2020,9,15,15,0,727,837,3.3000000000000003,30,70.05
2020,9,15,15,15,679,822,3.3000000000000003,29.900000000000002,70.45
2020,9,15,15,30,627,805,3.3000000000000003,29.8,70.85000000000001
2020,9,15,15,45,572,780,3.3000000000000003,29.700000000000003,71.65
2020,9,15,16,0,516,755,3.3000000000000003,29.6,72.06
2020,9,15,16,15,458,727,3.3000000000000003,29.5,72.47
2020,9,15,16,30,398,692,3.3000000000000003,29.3,73.38
2020,9,15,16,45,336,645,3.3000000000000003,29.200000000000003,74.23
2020,9,15,17,0,276,596,3.3000000000000003,29.1,74.66
2020,9,15,17,15,215,533,3.2,28.8,75.96000000000001
2020,9,15,17,30,157,452,3.1,28.5,77.28
2020,9,15,17,45,101,342,3,28.3,79.77
2020,9,15,18,0,53,208,2.9000000000000004,28,81.17
2020,9,15,18,15,17,55,3,27.900000000000002,81.65
2020,9,15,18,30,0,0,3,27.8,82.12
2020,9,15,18,45,0,0,3,27.700000000000003,83.81
2020,9,15,19,0,0,0,3,27.5,84.79
2020,9,15,19,15,0,0,3,27.5,84.79
2020,9,15,19,30,0,0,3,27.5,84.79
2020,9,15,19,45,0,0,3,27.5,84.79
2020,9,15,20,0,0,0,3.1,27.3,86.29
2020,9,15,20,15,0,0,3.1,27.200000000000003,86.79
2020,9,15,20,30,0,0,3.1,27.200000000000003,86.79
2020,9,15,20,45,0,0,3.2,27.1,87.26
2020,9,15,21,0,0,0,3.2,27.1,87.26
2020,9,15,21,15,0,0,3.2,27,87.77
2020,9,15,21,30,0,0,3.2,27,87.77
2020,9,15,21,45,0,0,3.2,26.900000000000002,88.02
2020,9,15,22,0,0,0,3.2,26.900000000000002,88.02
2020,9,15,22,15,0,0,3.2,26.8,88.53
2020,9,15,22,30,0,0,3.2,26.8,88.53
2020,9,15,22,45,0,0,3.2,26.8,88.57000000000001
2020,9,15,23,0,0,0,3.2,26.700000000000003,89.09
2020,9,15,23,15,0,0,3.1,26.700000000000003,89.09
2020,9,15,23,30,0,0,3.1,26.700000000000003,89.09
2020,9,15,23,45,0,0,3.1,26.700000000000003,89.04
2020,9,16,0,0,0,0,3.1,26.700000000000003,89.04
2020,9,16,0,15,0,0,3.1,26.700000000000003,89.04
2020,9,16,0,30,0,0,3.1,26.700000000000003,89.04
2020,9,16,0,45,0,0,3,26.700000000000003,88.59
2020,9,16,1,0,0,0,3,26.700000000000003,88.5
2020,9,16,1,15,0,0,3,26.6,89.02
2020,9,16,1,30,0,0,3,26.6,89.02
2020,9,16,1,45,0,0,2.9000000000000004,26.6,88.60000000000001
2020,9,16,2,0,0,0,2.9000000000000004,26.6,88.60000000000001
2020,9,16,2,15,0,0,2.9000000000000004,26.6,88.60000000000001
2020,9,16,2,30,0,0,2.9000000000000004,26.6,88.60000000000001
2020,9,16,2,45,0,0,2.9000000000000004,26.5,88.71000000000001
2020,9,16,3,0,0,0,2.9000000000000004,26.5,88.71000000000001
2020,9,16,3,15,0,0,3,26.5,88.71000000000001
2020,9,16,3,30,0,0,3,26.5,88.71000000000001
2020,9,16,3,45,0,0,3,26.5,88.67
2020,9,16,4,0,0,0,3,26.5,88.67
2020,9,16,4,15,0,0,3.1,26.5,88.67
2020,9,16,4,30,0,0,3.1,26.5,88.67
2020,9,16,4,45,0,0,3.1,26.5,89.04
2020,9,16,5,0,0,0,3.1,26.5,89.04
2020,9,16,5,15,0,0,3.2,26.5,89.04
2020,9,16,5,30,0,0,3.2,26.5,89.04
2020,9,16,5,45,0,0,3.2,26.5,89.92
2020,9,16,6,0,0,0,3.3000000000000003,26.5,89.92
2020,9,16,6,15,0,0,3.4000000000000004,26.700000000000003,88.88
2020,9,16,6,30,25,28,3.4000000000000004,26.900000000000002,87.84
2020,9,16,6,45,66,127,3.5,27.1,87.85000000000001
2020,9,16,7,0,115,230,3.6,27.3,86.83
2020,9,16,7,15,169,321,3.7,27.5,85.91
2020,9,16,7,30,227,398,3.8000000000000003,27.700000000000003,84.92
2020,9,16,7,45,287,471,3.9000000000000004,27.8,82.88
2020,9,16,8,0,347,524,3.9000000000000004,28,81.93
2020,9,16,8,15,407,570,4,28.200000000000003,80.98
2020,9,16,8,30,465,608,4,28.400000000000002,80.05
2020,9,16,8,45,522,643,4,28.6,77.84
2020,9,16,9,0,578,670,4,28.700000000000003,77.39
2020,9,16,9,15,631,694,4,28.900000000000002,76.5
2020,9,16,9,30,680,715,4,29.1,75.63
2020,9,16,9,45,727,735,4,29.200000000000003,74.49
2020,9,16,10,0,770,751,3.9000000000000004,29.400000000000002,73.64
2020,9,16,10,15,810,764,3.9000000000000004,29.5,73.22
2020,9,16,10,30,845,775,3.9000000000000004,29.700000000000003,72.38
2020,9,16,10,45,887,825,3.9000000000000004,29.8,71.43
2020,9,16,11,0,914,833,3.9000000000000004,29.900000000000002,71.03
2020,9,16,11,15,936,838,3.9000000000000004,30,70.62
2020,9,16,11,30,954,843,3.8000000000000003,30.1,70.22
2020,9,16,11,45,967,846,3.8000000000000003,30.200000000000003,69.62
2020,9,16,12,0,975,848,3.8000000000000003,30.3,69.22
2020,9,16,12,15,979,849,3.7,30.3,69.15
2020,9,16,12,30,978,849,3.7,30.400000000000002,68.76
2020,9,16,12,45,971,846,3.7,30.400000000000002,68.62
2020,9,16,13,0,961,844,3.6,30.5,68.23
2020,9,16,13,15,945,840,3.6,30.5,68.23
2020,9,16,13,30,925,835,3.6,30.400000000000002,68.55
2020,9,16,13,45,901,833,3.6,30.400000000000002,68.53
2020,9,16,14,0,871,825,3.6,30.400000000000002,68.53
2020,9,16,14,15,836,814,3.6,30.400000000000002,68.53
2020,9,16,14,30,799,803,3.6,30.3,68.92
2020,9,16,14,45,757,789,3.6,30.200000000000003,69.55
2020,9,16,15,0,712,774,3.6,30.200000000000003,69.55
2020,9,16,15,15,663,756,3.6,30.1,69.95
2020,9,16,15,30,612,736,3.6,30,70.35000000000001
2020,9,16,15,45,557,711,3.6,29.900000000000002,71.22
2020,9,16,16,0,501,683,3.6,29.8,71.63
2020,9,16,16,15,443,650,3.6,29.6,72.45
2020,9,16,16,30,383,611,3.6,29.400000000000002,73.29
2020,9,16,16,45,323,567,3.6,29.3,74.46000000000001
2020,9,16,17,0,263,510,3.6,29.1,75.32000000000001
2020,9,16,17,15,172,290,3.5,28.900000000000002,76.19
2020,9,16,17,30,146,355,3.4000000000000004,28.6,77.52
2020,9,16,17,45,93,255,3.4000000000000004,28.400000000000002,80.52
2020,9,16,18,0,47,127,3.3000000000000003,28.200000000000003,81.46000000000001
2020,9,16,18,15,14,16,3.3000000000000003,28,82.41
2020,9,16,18,30,0,0,3.4000000000000004,27.900000000000002,82.97
2020,9,16,18,45,0,0,3.4000000000000004,27.700000000000003,85.79
2020,9,16,19,0,0,0,3.4000000000000004,27.5,86.79
2020,9,16,19,15,0,0,3.4000000000000004,27.5,86.79
2020,9,16,19,30,0,0,3.4000000000000004,27.5,86.79
2020,9,16,19,45,0,0,3.4000000000000004,27.5,86.79
2020,9,16,20,0,0,0,3.5,27.200000000000003,89.39
2020,9,16,20,15,0,0,3.5,27.200000000000003,89.39
2020,9,16,20,30,0,0,3.4000000000000004,27.1,90
2020,9,16,20,45,0,0,3.4000000000000004,27,91.10000000000001
2020,9,16,21,0,0,0,3.4000000000000004,27,91.10000000000001
2020,9,16,21,15,0,0,3.4000000000000004,26.900000000000002,91.63
2020,9,16,21,30,0,0,3.4000000000000004,26.900000000000002,91.63
2020,9,16,21,45,0,0,3.4000000000000004,26.900000000000002,91.61
2020,9,16,22,0,0,0,3.3000000000000003,26.8,92.15
2020,9,16,22,15,0,0,3.3000000000000003,26.8,92.15
2020,9,16,22,30,0,0,3.3000000000000003,26.8,92.15
2020,9,16,22,45,0,0,3.3000000000000003,26.8,91.5
2020,9,16,23,0,0,0,3.3000000000000003,26.8,91.5
2020,9,16,23,15,0,0,3.3000000000000003,26.8,91.41
2020,9,16,23,30,0,0,3.3000000000000003,26.8,91.41
2020,9,16,23,45,0,0,3.3000000000000003,26.8,90.55
2020,9,17,0,0,0,0,3.3000000000000003,26.8,90.55
2020,9,17,0,15,0,0,3.2,26.700000000000003,91.08
2020,9,17,0,30,0,0,3.2,26.700000000000003,91.08
2020,9,17,0,45,0,0,3.2,26.700000000000003,90.13
2020,9,17,1,0,0,0,3.2,26.700000000000003,90.04
2020,9,17,1,15,0,0,3.2,26.700000000000003,90.04
2020,9,17,1,30,0,0,3.2,26.700000000000003,90.04
2020,9,17,1,45,0,0,3.2,26.700000000000003,89.11
2020,9,17,2,0,0,0,3.2,26.6,89.64
2020,9,17,2,15,0,0,3.2,26.6,89.64
2020,9,17,2,30,0,0,3.2,26.6,89.64
2020,9,17,2,45,0,0,3.2,26.6,88.60000000000001
2020,9,17,3,0,0,0,3.2,26.6,88.60000000000001
2020,9,17,3,15,0,0,3.2,26.6,88.60000000000001
2020,9,17,3,30,0,0,3.2,26.6,88.60000000000001
2020,9,17,3,45,0,0,3.3000000000000003,26.5,88.4
2020,9,17,4,0,0,0,3.3000000000000003,26.5,88.4
2020,9,17,4,15,0,0,3.3000000000000003,26.5,88.4
2020,9,17,4,30,0,0,3.3000000000000003,26.5,88.4
2020,9,17,4,45,0,0,3.3000000000000003,26.5,87.93
2020,9,17,5,0,0,0,3.4000000000000004,26.5,87.93
2020,9,17,5,15,0,0,3.4000000000000004,26.5,87.93
2020,9,17,5,30,0,0,3.4000000000000004,26.5,87.93
2020,9,17,5,45,0,0,3.4000000000000004,26.5,88.01
2020,9,17,6,0,0,0,3.4000000000000004,26.5,88.01
2020,9,17,6,15,0,0,3.5,26.700000000000003,87.07000000000001
2020,9,17,6,30,33,126,3.6,26.900000000000002,86.06
2020,9,17,6,45,76,277,3.7,27.1,85.99
2020,9,17,7,0,128,396,3.8000000000000003,27.200000000000003,85.49
2020,9,17,7,15,185,488,3.8000000000000003,27.400000000000002,84.5
2020,9,17,7,30,245,562,3.9000000000000004,27.6,83.52
2020,9,17,7,45,305,614,4,27.8,80.73
2020,9,17,8,0,366,661,4.1000000000000005,28,79.8
2020,9,17,8,15,427,700,4.1000000000000005,28.200000000000003,78.88
2020,9,17,8,30,486,732,4.1000000000000005,28.400000000000002,77.97
2020,9,17,8,45,542,753,4.2,28.6,75.5
2020,9,17,9,0,598,777,4.2,28.8,74.63
2020,9,17,9,15,650,796,4.2,29,73.78
2020,9,17,9,30,700,814,4.2,29.1,73.35000000000001
2020,9,17,9,45,745,822,4.2,29.3,71.74
2020,9,17,10,0,788,835,4.2,29.400000000000002,71.33
2020,9,17,10,15,828,846,4.2,29.6,70.51
2020,9,17,10,30,862,854,4.1000000000000005,29.700000000000003,70.11
2020,9,17,10,45,892,857,4.1000000000000005,29.8,69.35000000000001
2020,9,17,11,0,918,862,4.1000000000000005,29.900000000000002,68.96000000000001
2020,9,17,11,15,939,866,4,30,68.5
2020,9,17,11,30,956,870,4,30.1,68.11
2020,9,17,11,45,965,860,4,30.1,68.42
2020,9,17,12,0,972,861,3.9000000000000004,30.200000000000003,68.03
2020,9,17,12,15,974,861,3.9000000000000004,30.200000000000003,68.03
2020,9,17,12,30,499,56,3.9000000000000004,30.200000000000003,67.96000000000001
2020,9,17,12,45,962,847,3.9000000000000004,30.200000000000003,68.89
2020,9,17,13,0,178,7,3.9000000000000004,30.200000000000003,68.89
2020,9,17,13,15,273,14,3.9000000000000004,30.200000000000003,68.89
2020,9,17,13,30,276,14,3.9000000000000004,30.1,69.28
2020,9,17,13,45,823,528,3.9000000000000004,30,70.89
2020,9,17,14,0,716,386,4,30,70.89
2020,9,17,14,15,824,810,4,29.900000000000002,71.3
2020,9,17,14,30,786,798,4,29.8,71.71000000000001
2020,9,17,14,45,742,773,4.1000000000000005,29.700000000000003,73.10000000000001
2020,9,17,15,0,697,758,4.1000000000000005,29.6,73.52
2020,9,17,15,15,649,739,4.2,29.400000000000002,74.37
2020,9,17,15,30,598,719,4.2,29.3,74.8
2020,9,17,15,45,541,675,4.3,29.200000000000003,75.97
2020,9,17,16,0,486,647,4.3,29.1,76.4
2020,9,17,16,15,171,9,4.3,28.900000000000002,77.29
2020,9,17,16,30,370,573,4.3,28.8,77.74
2020,9,17,16,45,13,0,4.4,28.6,79.39
2020,9,17,17,0,10,0,4.4,28.5,79.85000000000001
2020,9,17,17,15,193,382,4.3,28.3,80.78
2020,9,17,17,30,111,175,4.3,28.1,81.73
2020,9,17,17,45,85,183,4.3,27.900000000000002,83.51
2020,9,17,18,0,42,76,4.2,27.700000000000003,84.48
2020,9,17,18,15,10,5,4.3,27.6,85.06
2020,9,17,18,30,0,0,4.3,27.6,85.06
2020,9,17,18,45,0,0,4.3,27.5,85.3
2020,9,17,19,0,0,0,4.4,27.400000000000002,85.8
2020,9,17,19,15,0,0,4.4,27.400000000000002,85.8
2020,9,17,19,30,0,0,4.4,27.400000000000002,85.8
2020,9,17,19,45,0,0,4.4,27.400000000000002,85.8
2020,9,17,20,0,0,0,4.5,27.200000000000003,85.7
2020,9,17,20,15,0,0,4.5,27.200000000000003,85.79
2020,9,17,20,30,0,0,4.5,27.200000000000003,85.79
2020,9,17,20,45,0,0,4.5,27.1,85.10000000000001
2020,9,17,21,0,0,0,4.5,27.1,85.10000000000001
2020,9,17,21,15,0,0,4.4,27.1,85.10000000000001
2020,9,17,21,30,0,0,4.4,27,85.60000000000001
2020,9,17,21,45,0,0,4.3,27,84.27
2020,9,17,22,0,0,0,4.3,27,84.27
2020,9,17,22,15,0,0,4.2,26.900000000000002,84.77
2020,9,17,22,30,0,0,4.1000000000000005,26.900000000000002,84.77
2020,9,17,22,45,0,0,4,26.900000000000002,83.23
2020,9,17,23,0,0,0,4,26.8,83.72
2020,9,17,23,15,0,0,3.9000000000000004,26.8,83.72
2020,9,17,23,30,0,0,3.8000000000000003,26.700000000000003,84.13
2020,9,17,23,45,0,0,3.7,26.700000000000003,82.71000000000001
2020,9,18,0,0,0,0,3.6,26.6,83.2
2020,9,18,0,15,0,0,3.5,26.5,83.69
2020,9,18,0,30,0,0,3.4000000000000004,26.5,83.69
2020,9,18,0,45,0,0,3.4000000000000004,26.400000000000002,82.99
2020,9,18,1,0,0,0,3.3000000000000003,26.400000000000002,82.99
2020,9,18,1,15,0,0,3.2,26.400000000000002,82.91
2020,9,18,1,30,0,0,3.2,26.3,83.39
2020,9,18,1,45,0,0,3.1,26.3,82.66
2020,9,18,2,0,0,0,3,26.3,82.66
2020,9,18,2,15,0,0,3,26.3,82.66
2020,9,18,2,30,0,0,3,26.200000000000003,83.14
2020,9,18,2,45,0,0,2.9000000000000004,26.200000000000003,82.86
2020,9,18,3,0,0,0,2.9000000000000004,26.200000000000003,82.86
2020,9,18,3,15,0,0,2.9000000000000004,26.200000000000003,82.86
2020,9,18,3,30,0,0,2.9000000000000004,26.200000000000003,82.86
2020,9,18,3,45,0,0,2.9000000000000004,26.200000000000003,82.91
2020,9,18,4,0,0,0,2.8000000000000003,26.200000000000003,82.91
2020,9,18,4,15,0,0,2.8000000000000003,26.200000000000003,82.99
2020,9,18,4,30,0,0,2.8000000000000003,26.1,83.48
2020,9,18,4,45,0,0,2.8000000000000003,26.1,83.68
2020,9,18,5,0,0,0,2.8000000000000003,26.1,83.68
2020,9,18,5,15,0,0,2.8000000000000003,26.200000000000003,83.19
2020,9,18,5,30,0,0,2.8000000000000003,26.200000000000003,83.19
2020,9,18,5,45,0,0,2.8000000000000003,26.200000000000003,83.9
2020,9,18,6,0,0,0,2.8000000000000003,26.3,83.41
2020,9,18,6,15,0,0,2.8000000000000003,26.5,82.52
2020,9,18,6,30,31,101,2.9000000000000004,26.8,81.08
2020,9,18,6,45,74,262,2.9000000000000004,27,80.54
2020,9,18,7,0,126,379,2.9000000000000004,27.3,79.14
2020,9,18,7,15,182,471,2.9000000000000004,27.400000000000002,78.68
2020,9,18,7,30,242,544,2.9000000000000004,27.6,77.77
2020,9,18,7,45,304,618,2.9000000000000004,27.8,75.24
2020,9,18,8,0,365,664,2.9000000000000004,28,74.37
2020,9,18,8,15,426,702,2.9000000000000004,28.200000000000003,73.52
2020,9,18,8,30,484,734,2.8000000000000003,28.3,73.09
2020,9,18,8,45,544,775,2.8000000000000003,28.5,71.84
2020,9,18,9,0,599,797,2.8000000000000003,28.700000000000003,71.08
2020,9,18,9,15,652,816,2.7,28.8,70.60000000000001
2020,9,18,9,30,702,832,2.6,29,69.79
2020,9,18,9,45,750,856,2.5,29.200000000000003,68.75
2020,9,18,10,0,792,866,2.5,29.3,68.36
2020,9,18,10,15,832,876,2.4000000000000004,29.5,67.58
2020,9,18,10,30,867,885,2.4000000000000004,29.6,67.19
2020,9,18,10,45,885,837,2.3000000000000003,29.700000000000003,66.69
2020,9,18,11,0,911,844,2.2,29.8,66.31
2020,9,18,11,15,671,220,2.2,29.900000000000002,65.93
2020,9,18,11,30,311,16,2.2,30,65.49
2020,9,18,11,45,411,30,2.1,30.1,65.12
2020,9,18,12,0,973,864,2.1,30.200000000000003,64.75
2020,9,18,12,15,976,865,2,30.200000000000003,64.75
2020,9,18,12,30,975,865,2,30.3,64.38
2020,9,18,12,45,302,16,2,30.3,64.59
2020,9,18,13,0,957,862,2,30.3,64.53
2020,9,18,13,15,475,54,2,30.3,64.53
2020,9,18,13,30,920,853,2,30.3,64.53
2020,9,18,13,45,472,64,2.1,30.200000000000003,65.47
2020,9,18,14,0,574,161,2.1,30.200000000000003,65.47
2020,9,18,14,15,419,54,2.1,30.1,65.85
2020,9,18,14,30,390,49,2.2,30.1,65.85
2020,9,18,14,45,294,21,2.2,30,67.01
2020,9,18,15,0,321,35,2.3000000000000003,29.900000000000002,67.4
2020,9,18,15,15,348,65,2.3000000000000003,29.8,67.78
2020,9,18,15,30,315,60,2.3000000000000003,29.6,68.56
2020,9,18,15,45,538,649,2.4000000000000004,29.5,70.25
2020,9,18,16,0,56,0,2.4000000000000004,29.3,71.06
2020,9,18,16,15,89,0,2.4000000000000004,29.200000000000003,71.47
2020,9,18,16,30,366,542,2.4000000000000004,29,72.3
2020,9,18,16,45,306,490,2.3000000000000003,28.8,74.64
2020,9,18,17,0,247,431,2.3000000000000003,28.6,75.58
2020,9,18,17,15,189,360,2.3000000000000003,28.400000000000002,76.46000000000001
2020,9,18,17,30,134,276,2.2,28.200000000000003,77.35000000000001
2020,9,18,17,45,83,178,2.1,28,80.33
2020,9,18,18,0,39,72,2.1,27.8,81.27
2020,9,18,18,15,6,0,2.1,27.700000000000003,81.74
2020,9,18,18,30,0,0,2.1,27.6,82.22
2020,9,18,18,45,0,0,2.1,27.5,83.94
2020,9,18,19,0,0,0,2.1,27.400000000000002,84.43
2020,9,18,19,15,0,0,2.1,27.400000000000002,84.43
2020,9,18,19,30,0,0,2.1,27.400000000000002,84.43
2020,9,18,19,45,0,0,2.1,27.400000000000002,84.43
2020,9,18,20,0,0,0,2.1,27.1,86.24
2020,9,18,20,15,0,0,2.1,27.1,86.24
2020,9,18,20,30,0,0,2.1,27,86.75
2020,9,18,20,45,0,0,2.1,27,86.33
2020,9,18,21,0,0,0,2.1,26.900000000000002,86.84
2020,9,18,21,15,0,0,2,26.900000000000002,86.84
2020,9,18,21,30,0,0,2,26.8,87.35000000000001
2020,9,18,21,45,0,0,2,26.8,86.58
2020,9,18,22,0,0,0,1.9000000000000001,26.700000000000003,87.08
2020,9,18,22,15,0,0,1.9000000000000001,26.700000000000003,87.08
2020,9,18,22,30,0,0,1.9000000000000001,26.6,87.60000000000001
2020,9,18,22,45,0,0,1.9000000000000001,26.6,86.65
2020,9,18,23,0,0,0,1.9000000000000001,26.5,87.16
2020,9,18,23,15,0,0,1.9000000000000001,26.5,87.16
2020,9,18,23,30,0,0,1.9000000000000001,26.5,87.16
2020,9,18,23,45,0,0,1.9000000000000001,26.400000000000002,86.9
2020,9,19,0,0,0,0,1.9000000000000001,26.400000000000002,86.9
2020,9,19,0,15,0,0,1.9000000000000001,26.400000000000002,86.81
2020,9,19,0,30,0,0,1.8,26.400000000000002,86.81
2020,9,19,0,45,0,0,1.8,26.3,86.35000000000001
2020,9,19,1,0,0,0,1.8,26.3,86.35000000000001
2020,9,19,1,15,0,0,1.8,26.3,86.35000000000001
2020,9,19,1,30,0,0,1.8,26.200000000000003,86.86
2020,9,19,1,45,0,0,1.8,26.200000000000003,85.83
2020,9,19,2,0,0,0,1.7000000000000002,26.200000000000003,85.83
2020,9,19,2,15,0,0,1.7000000000000002,26.200000000000003,85.83
2020,9,19,2,30,0,0,1.7000000000000002,26.200000000000003,85.83
2020,9,19,2,45,0,0,1.7000000000000002,26.1,85.41
2020,9,19,3,0,0,0,1.7000000000000002,26.1,85.41
2020,9,19,3,15,0,0,1.6,26.1,85.41
2020,9,19,3,30,0,0,1.6,26.1,85.41
2020,9,19,3,45,0,0,1.6,26.1,84.46000000000001
2020,9,19,4,0,0,0,1.6,26.1,84.46000000000001
2020,9,19,4,15,0,0,1.5,26.1,84.46000000000001
2020,9,19,4,30,0,0,1.5,26.1,84.46000000000001
2020,9,19,4,45,0,0,1.5,26.1,83.38
2020,9,19,5,0,0,0,1.4000000000000001,26.1,83.38
2020,9,19,5,15,0,0,1.4000000000000001,26.1,83.38
2020,9,19,5,30,0,0,1.4000000000000001,26.200000000000003,82.89
2020,9,19,5,45,0,0,1.3,26.200000000000003,82.65
2020,9,19,6,0,0,0,1.3,26.200000000000003,82.65
2020,9,19,6,15,0,0,1.3,26.400000000000002,81.76
2020,9,19,6,30,30,116,1.3,26.6,80.81
2020,9,19,6,45,73,263,1.2000000000000002,26.8,81
2020,9,19,7,0,125,377,1.2000000000000002,27,80.06
2020,9,19,7,15,181,467,1.2000000000000002,27.200000000000003,79.13
2020,9,19,7,30,240,538,1.2000000000000002,27.400000000000002,78.21000000000001
2020,9,19,7,45,302,608,1.2000000000000002,27.5,74.55
2020,9,19,8,0,363,655,1.1,27.700000000000003,73.69
2020,9,19,8,15,423,693,1.1,27.900000000000002,72.84
2020,9,19,8,30,481,725,1,28.1,72.07000000000001
2020,9,19,8,45,540,760,1,28.3,70.2
2020,9,19,9,0,595,783,1,28.5,69.39
2020,9,19,9,15,647,801,0.9,28.700000000000003,68.59
2020,9,19,9,30,696,818,0.9,28.900000000000002,67.8
2020,9,19,9,45,744,839,0.8,29.1,65.73
2020,9,19,10,0,787,851,0.7000000000000001,29.3,64.98
2020,9,19,10,15,826,861,0.7000000000000001,29.5,64.24
2020,9,19,10,30,861,870,0.6000000000000001,29.6,63.81
2020,9,19,10,45,894,890,0.6000000000000001,29.8,62.31
2020,9,19,11,0,921,896,0.5,29.900000000000002,61.96
2020,9,19,11,15,943,901,0.5,30,61.6
2020,9,19,11,30,960,904,0.5,30.1,61.25
2020,9,19,11,45,281,14,0.4,30.200000000000003,60.77
2020,9,19,12,0,982,911,0.4,30.3,60.43
2020,9,19,12,15,985,911,0.5,30.3,60.36
2020,9,19,12,30,185,8,0.6000000000000001,30.3,60.36
2020,9,19,12,45,468,46,0.7000000000000001,30.3,60.67
2020,9,19,13,0,300,16,0.8,30.400000000000002,60.32
2020,9,19,13,15,423,36,0.8,30.3,60.67
2020,9,19,13,30,392,30,0.9,30.3,60.67
2020,9,19,13,45,898,871,1,30.3,61.34
2020,9,19,14,0,420,47,1,30.3,61.34
2020,9,19,14,15,402,46,1.1,30.200000000000003,61.690000000000005
2020,9,19,14,30,324,25,1.1,30.1,62.050000000000004
2020,9,19,14,45,406,73,1.1,30,63.5
2020,9,19,15,0,36,0,1.1,29.900000000000002,63.870000000000005
2020,9,19,15,15,79,0,1.1,29.8,64.23
2020,9,19,15,30,134,0,1.1,29.6,64.97
2020,9,19,15,45,108,0,1,29.400000000000002,67.1
2020,9,19,16,0,179,7,1,29.3,67.49
2020,9,19,16,15,10,0,1,29.1,68.34
2020,9,19,16,30,23,0,1,28.900000000000002,69.13
2020,9,19,16,45,5,0,1,28.700000000000003,71.58
2020,9,19,17,0,53,0,0.9,28.5,72.41
2020,9,19,17,15,54,0,0.9,28.3,73.26
2020,9,19,17,30,63,0,0.9,28.1,74.11
2020,9,19,17,45,34,0,0.9,27.900000000000002,76.72
2020,9,19,18,0,20,0,0.9,27.700000000000003,77.62
2020,9,19,18,15,11,28,0.9,27.5,78.53
2020,9,19,18,30,0,0,0.8,27.400000000000002,79.06
2020,9,19,18,45,0,0,0.8,27.3,80.76
2020,9,19,19,0,0,0,0.8,27.1,81.71000000000001
2020,9,19,19,15,0,0,0.8,27.1,81.71000000000001
2020,9,19,19,30,0,0,0.8,27.1,81.71000000000001
2020,9,19,19,45,0,0,0.8,27.1,81.71000000000001
2020,9,19,20,0,0,0,0.7000000000000001,26.8,83.73
2020,9,19,20,15,0,0,0.7000000000000001,26.8,83.73
2020,9,19,20,30,0,0,0.7000000000000001,26.700000000000003,84.22
2020,9,19,20,45,0,0,0.7000000000000001,26.700000000000003,83.22
2020,9,19,21,0,0,0,0.7000000000000001,26.700000000000003,83.22
2020,9,19,21,15,0,0,0.8,26.6,83.71000000000001
2020,9,19,21,30,0,0,0.8,26.6,83.71000000000001
2020,9,19,21,45,0,0,0.8,26.6,83.14
2020,9,19,22,0,0,0,0.8,26.6,83.14
2020,9,19,22,15,0,0,0.8,26.6,83.14
2020,9,19,22,30,0,0,0.8,26.5,83.63
2020,9,19,22,45,0,0,0.9,26.5,83.47
2020,9,19,23,0,0,0,0.9,26.5,83.38
2020,9,19,23,15,0,0,0.9,26.5,83.38
2020,9,19,23,30,0,0,0.8,26.400000000000002,83.87
2020,9,19,23,45,0,0,0.8,26.400000000000002,83.44
2020,9,20,0,0,0,0,0.8,26.400000000000002,83.44
2020,9,20,0,15,0,0,0.8,26.400000000000002,83.44
2020,9,20,0,30,0,0,0.8,26.400000000000002,83.44
2020,9,20,0,45,0,0,0.8,26.3,83.43
2020,9,20,1,0,0,0,0.7000000000000001,26.3,83.35000000000001
2020,9,20,1,15,0,0,0.7000000000000001,26.3,83.35000000000001
2020,9,20,1,30,0,0,0.7000000000000001,26.3,83.35000000000001
2020,9,20,1,45,0,0,0.7000000000000001,26.3,82.83
2020,9,20,2,0,0,0,0.7000000000000001,26.3,82.83
2020,9,20,2,15,0,0,0.6000000000000001,26.200000000000003,83.32000000000001
2020,9,20,2,30,0,0,0.6000000000000001,26.200000000000003,83.32000000000001
2020,9,20,2,45,0,0,0.6000000000000001,26.200000000000003,82.69
2020,9,20,3,0,0,0,0.6000000000000001,26.200000000000003,82.69
2020,9,20,3,15,0,0,0.5,26.200000000000003,82.69
2020,9,20,3,30,0,0,0.5,26.200000000000003,82.69
2020,9,20,3,45,0,0,0.5,26.200000000000003,82.03
2020,9,20,4,0,0,0,0.4,26.200000000000003,82.03
2020,9,20,4,15,0,0,0.4,26.200000000000003,82.03
2020,9,20,4,30,0,0,0.4,26.200000000000003,82.03
2020,9,20,4,45,0,0,0.4,26.200000000000003,81.22
2020,9,20,5,0,0,0,0.5,26.200000000000003,81.22
2020,9,20,5,15,0,0,0.5,26.200000000000003,81.3
2020,9,20,5,30,0,0,0.5,26.3,80.82000000000001
2020,9,20,5,45,0,0,0.5,26.3,80.24
2020,9,20,6,0,0,0,0.5,26.400000000000002,79.77
2020,9,20,6,15,0,0,0.6000000000000001,26.5,79.3
2020,9,20,6,30,33,168,0.6000000000000001,26.700000000000003,78.38
2020,9,20,6,45,77,335,0.6000000000000001,26.900000000000002,80.53
2020,9,20,7,0,130,450,0.6000000000000001,27,80.14
2020,9,20,7,15,187,537,0.6000000000000001,27.200000000000003,79.21000000000001
2020,9,20,7,30,247,605,0.7000000000000001,27.400000000000002,78.29
2020,9,20,7,45,310,671,0.7000000000000001,27.6,72.41
2020,9,20,8,0,371,714,0.8,27.700000000000003,71.99
2020,9,20,8,15,432,748,0.9,28,70.74
2020,9,20,8,30,491,778,1,28.200000000000003,69.93
2020,9,20,8,45,548,803,1,28.5,67.45
2020,9,20,9,0,603,823,1.1,28.700000000000003,66.75
2020,9,20,9,15,655,841,1.2000000000000002,28.900000000000002,65.92
2020,9,20,9,30,705,857,1.3,29.1,65.16
2020,9,20,9,45,751,870,1.4000000000000001,29.3,63.84
2020,9,20,10,0,794,881,1.5,29.5,63.11
2020,9,20,10,15,832,889,1.6,29.6,62.75
2020,9,20,10,30,867,897,1.7000000000000002,29.8,62.04
2020,9,20,10,45,891,878,1.7000000000000002,29.900000000000002,62.35
2020,9,20,11,0,918,884,1.8,30,62
2020,9,20,11,15,940,889,1.9000000000000001,30.1,61.64
2020,9,20,11,30,957,893,1.9000000000000001,30.1,61.64
2020,9,20,11,45,968,893,2,30.200000000000003,62.99
2020,9,20,12,0,976,895,2.1,30.200000000000003,62.99
2020,9,20,12,15,979,896,2.1,30.200000000000003,62.99
2020,9,20,12,30,977,895,2.1,30.200000000000003,62.93
2020,9,20,12,45,970,893,2.1,30.200000000000003,64.56
2020,9,20,13,0,958,889,2.2,30.200000000000003,64.56
2020,9,20,13,15,941,886,2.2,30.1,64.93
2020,9,20,13,30,921,881,2.2,30.1,64.93
2020,9,20,13,45,887,840,2.2,30.1,65.7
2020,9,20,14,0,858,832,2.2,30.1,65.64
2020,9,20,14,15,824,823,2.2,30,66.01
2020,9,20,14,30,786,812,2.2,29.900000000000002,66.39
2020,9,20,14,45,744,798,2.2,29.900000000000002,66.92
2020,9,20,15,0,698,782,2.2,29.8,67.3
2020,9,20,15,15,649,765,2.2,29.700000000000003,67.69
2020,9,20,15,30,598,745,2.2,29.6,68.07000000000001
2020,9,20,15,45,544,723,2.2,29.5,68.61
2020,9,20,16,0,488,695,2.2,29.400000000000002,69.01
2020,9,20,16,15,430,663,2.1,29.3,69.41
2020,9,20,16,30,371,624,2.1,29.1,70.21000000000001
2020,9,20,16,45,310,582,2,29,70.68
2020,9,20,17,0,250,526,2,28.900000000000002,71.16
2020,9,20,17,15,192,457,1.9000000000000001,28.6,72.41
2020,9,20,17,30,135,371,1.8,28.400000000000002,73.25
2020,9,20,17,45,83,270,1.7000000000000002,28.200000000000003,76.12
2020,9,20,18,0,39,138,1.7000000000000002,28,77.01
2020,9,20,18,15,9,18,1.6,27.900000000000002,77.45
2020,9,20,18,30,0,0,1.6,27.8,77.91
2020,9,20,18,45,0,0,1.5,27.700000000000003,78.66
2020,9,20,19,0,0,0,1.5,27.6,79.12
2020,9,20,19,15,0,0,1.5,27.6,79.12
2020,9,20,19,30,0,0,1.5,27.6,79.12
2020,9,20,19,45,0,0,1.5,27.6,79.12
2020,9,20,20,0,0,0,1.3,27.400000000000002,79.62
2020,9,20,20,15,0,0,1.3,27.400000000000002,79.62
2020,9,20,20,30,0,0,1.2000000000000002,27.400000000000002,79.62
2020,9,20,20,45,0,0,1.1,27.400000000000002,78.73
2020,9,20,21,0,0,0,1.1,27.400000000000002,78.73
2020,9,20,21,15,0,0,1,27.400000000000002,78.73
2020,9,20,21,30,0,0,1,27.400000000000002,78.73
2020,9,20,21,45,0,0,1,27.400000000000002,77.84
2020,9,20,22,0,0,0,0.9,27.400000000000002,77.84
2020,9,20,22,15,0,0,0.9,27.400000000000002,77.84
2020,9,20,22,30,0,0,0.9,27.3,78.29
2020,9,20,22,45,0,0,0.8,27.3,77.8
2020,9,20,23,0,0,0,0.8,27.3,77.8
2020,9,20,23,15,0,0,0.8,27.3,77.8
2020,9,20,23,30,0,0,0.8,27.200000000000003,78.25
2020,9,20,23,45,0,0,0.8,27.200000000000003,78.25
2020,9,21,0,0,0,0,0.8,27.200000000000003,78.17
2020,9,21,0,15,0,0,0.9,27.1,78.63
2020,9,21,0,30,0,0,0.9,27.1,78.63
2020,9,21,0,45,0,0,1,27.1,78.64
2020,9,21,1,0,0,0,1,27,79.10000000000001
2020,9,21,1,15,0,0,1.1,27,79.10000000000001
2020,9,21,1,30,0,0,1.1,26.900000000000002,79.57000000000001
2020,9,21,1,45,0,0,1.1,26.8,80.28
2020,9,21,2,0,0,0,1.1,26.8,80.28
2020,9,21,2,15,0,0,1.2000000000000002,26.700000000000003,80.75
2020,9,21,2,30,0,0,1.2000000000000002,26.700000000000003,80.75
2020,9,21,2,45,0,0,1.2000000000000002,26.700000000000003,80.83
2020,9,21,3,0,0,0,1.2000000000000002,26.700000000000003,80.83
2020,9,21,3,15,0,0,1.3,26.700000000000003,80.83
2020,9,21,3,30,0,0,1.3,26.6,81.3
2020,9,21,3,45,0,0,1.3,26.6,81.33
2020,9,21,4,0,0,0,1.3,26.6,81.33
2020,9,21,4,15,0,0,1.3,26.6,81.33
2020,9,21,4,30,0,0,1.2000000000000002,26.6,81.33
2020,9,21,4,45,0,0,1.2000000000000002,26.6,80.96000000000001
2020,9,21,5,0,0,0,1.2000000000000002,26.6,80.96000000000001
2020,9,21,5,15,0,0,1.1,26.6,80.96000000000001
2020,9,21,5,30,0,0,1.1,26.6,81.05
2020,9,21,5,45,0,0,1,26.700000000000003,80.21000000000001
2020,9,21,6,0,0,0,1,26.700000000000003,80.21000000000001
2020,9,21,6,15,0,0,1,26.900000000000002,79.28
2020,9,21,6,30,29,116,0.9,27.1,78.36
2020,9,21,6,45,72,261,0.9,27.200000000000003,78.82000000000001
2020,9,21,7,0,123,375,0.9,27.400000000000002,77.9
2020,9,21,7,15,180,467,0.9,27.6,77
2020,9,21,7,30,239,538,0.9,27.8,76.11
2020,9,21,7,45,300,606,0.9,28,72.02
2020,9,21,8,0,360,652,0.9,28.200000000000003,71.26
2020,9,21,8,15,421,691,1,28.400000000000002,70.44
2020,9,21,8,30,480,724,1,28.700000000000003,69.23
2020,9,21,8,45,538,756,1.1,28.900000000000002,65.78
2020,9,21,9,0,593,779,1.1,29.1,65.02
2020,9,21,9,15,645,798,1.2000000000000002,29.3,64.28
2020,9,21,9,30,695,817,1.2000000000000002,29.6,63.18
2020,9,21,9,45,742,834,1.2000000000000002,29.8,60.33
2020,9,21,10,0,785,846,1.3,30,59.64
2020,9,21,10,15,824,857,1.3,30.200000000000003,58.97
2020,9,21,10,30,858,866,1.4000000000000001,30.3,58.57
2020,9,21,10,45,891,882,1.4000000000000001,30.5,57.72
2020,9,21,11,0,917,886,1.5,30.6,57.39
2020,9,21,11,15,938,891,1.5,30.700000000000003,57.07
2020,9,21,11,30,956,895,1.5,30.8,56.74
2020,9,21,11,45,968,895,1.6,30.900000000000002,58.47
2020,9,21,12,0,975,896,1.6,30.900000000000002,58.47
2020,9,21,12,15,978,896,1.6,31,58.13
2020,9,21,12,30,976,896,1.7000000000000002,31,58.08
2020,9,21,12,45,967,890,1.7000000000000002,31,59.6
2020,9,21,13,0,956,888,1.7000000000000002,31.1,59.26
2020,9,21,13,15,939,884,1.8,31,59.6
2020,9,21,13,30,918,879,1.8,31,59.6
2020,9,21,13,45,888,855,1.8,31,60.84
2020,9,21,14,0,859,848,1.9000000000000001,31,60.84
2020,9,21,14,15,824,838,1.9000000000000001,30.900000000000002,61.19
2020,9,21,14,30,786,827,1.9000000000000001,30.8,61.54
2020,9,21,14,45,742,804,1.9000000000000001,30.700000000000003,63.5
2020,9,21,15,0,696,788,2,30.6,63.86
2020,9,21,15,15,647,770,2,30.5,64.23
2020,9,21,15,30,596,750,2,30.3,64.96000000000001
2020,9,21,15,45,539,715,2,30.200000000000003,67.04
2020,9,21,16,0,468,626,2,30.1,67.42
2020,9,21,16,15,256,103,2.1,29.900000000000002,68.2
2020,9,21,16,30,183,40,2.1,29.700000000000003,68.99
2020,9,21,16,45,40,0,2.1,29.5,70.53
2020,9,21,17,0,5,0,2.1,29.3,71.34
2020,9,21,17,15,73,0,2.1,29.1,72.17
2020,9,21,17,30,75,31,2,28.8,73.42
2020,9,21,17,45,79,240,2,28.5,77.41
2020,9,21,18,0,36,113,1.9000000000000001,28.200000000000003,78.77
2020,9,21,18,15,0,0,1.9000000000000001,28.1,79.23
2020,9,21,18,30,0,0,1.9000000000000001,27.900000000000002,80.23
2020,9,21,18,45,0,0,1.9000000000000001,27.8,82.11
2020,9,21,19,0,0,0,1.9000000000000001,27.6,83.07000000000001
2020,9,21,19,15,0,0,1.9000000000000001,27.6,83.07000000000001
2020,9,21,19,30,0,0,1.9000000000000001,27.6,83.07000000000001
2020,9,21,19,45,0,0,1.9000000000000001,27.6,83.07000000000001
2020,9,21,20,0,0,0,1.8,27.3,85.07000000000001
2020,9,21,20,15,0,0,1.8,27.200000000000003,85.57000000000001
2020,9,21,20,30,0,0,1.8,27.200000000000003,85.57000000000001
2020,9,21,20,45,0,0,1.8,27.1,86.43
2020,9,21,21,0,0,0,1.7000000000000002,27.1,86.52
2020,9,21,21,15,0,0,1.7000000000000002,27,87.03
2020,9,21,21,30,0,0,1.7000000000000002,27,87.03
2020,9,21,21,45,0,0,1.7000000000000002,26.900000000000002,87.45
2020,9,21,22,0,0,0,1.7000000000000002,26.900000000000002,87.45
2020,9,21,22,15,0,0,1.7000000000000002,26.900000000000002,87.45
2020,9,21,22,30,0,0,1.8,26.8,87.96000000000001
2020,9,21,22,45,0,0,1.8,26.8,87.85000000000001
2020,9,21,23,0,0,0,1.8,26.8,87.85000000000001
2020,9,21,23,15,0,0,1.8,26.8,87.76
2020,9,21,23,30,0,0,1.8,26.8,87.76
2020,9,21,23,45,0,0,1.8,26.700000000000003,88.11
2020,9,22,0,0,0,0,1.8,26.700000000000003,88.11
2020,9,22,0,15,0,0,1.8,26.700000000000003,88.11
2020,9,22,0,30,0,0,1.8,26.700000000000003,88.11
2020,9,22,0,45,0,0,1.8,26.6,88.42
2020,9,22,1,0,0,0,1.8,26.6,88.42
2020,9,22,1,15,0,0,1.8,26.6,88.42
2020,9,22,1,30,0,0,1.8,26.6,88.42
2020,9,22,1,45,0,0,1.8,26.6,88.26
2020,9,22,2,0,0,0,1.8,26.6,88.26
2020,9,22,2,15,0,0,1.8,26.6,88.26
2020,9,22,2,30,0,0,1.8,26.6,88.26
2020,9,22,2,45,0,0,1.8,26.6,88.05
2020,9,22,3,0,0,0,1.8,26.6,88.05
2020,9,22,3,15,0,0,1.8,26.6,88.05
2020,9,22,3,30,0,0,1.8,26.6,88.05
2020,9,22,3,45,0,0,1.8,26.6,87.84
2020,9,22,4,0,0,0,1.8,26.6,87.84
2020,9,22,4,15,0,0,1.8,26.6,87.84
2020,9,22,4,30,0,0,1.8,26.6,87.84
2020,9,22,4,45,0,0,1.8,26.6,87.64
2020,9,22,5,0,0,0,1.8,26.6,87.64
2020,9,22,5,15,0,0,1.8,26.6,87.64
2020,9,22,5,30,0,0,1.8,26.6,87.64
2020,9,22,5,45,0,0,1.8,26.700000000000003,87.46000000000001
2020,9,22,6,0,0,0,1.9000000000000001,26.700000000000003,87.46000000000001
2020,9,22,6,15,0,0,1.9000000000000001,26.900000000000002,86.52
2020,9,22,6,30,16,0,1.9000000000000001,27,86.02
2020,9,22,6,45,52,87,1.9000000000000001,27.200000000000003,86.62
2020,9,22,7,0,98,194,1.9000000000000001,27.3,86.12
2020,9,22,7,15,145,254,1.9000000000000001,27.5,85.12
2020,9,22,7,30,176,208,1.9000000000000001,27.6,84.62
2020,9,22,7,45,279,498,2,27.700000000000003,83.25
2020,9,22,8,0,362,686,2,27.8,82.77
2020,9,22,8,15,422,722,2,28,81.81
2020,9,22,8,30,480,751,2,28.1,81.34
2020,9,22,8,45,478,506,2,28.200000000000003,78.68
2020,9,22,9,0,591,798,2.1,28.400000000000002,77.78
2020,9,22,9,15,642,816,2.1,28.5,77.33
2020,9,22,9,30,518,269,2.2,28.6,76.88
2020,9,22,9,45,434,104,2.2,28.700000000000003,75.83
2020,9,22,10,0,685,501,2.3000000000000003,28.8,75.39
2020,9,22,10,15,575,209,2.3000000000000003,28.900000000000002,74.96000000000001
2020,9,22,10,30,601,210,2.3000000000000003,29,74.53
2020,9,22,10,45,684,301,2.4000000000000004,29.1,74.2
2020,9,22,11,0,586,146,2.4000000000000004,29.200000000000003,73.77
2020,9,22,11,15,264,13,2.4000000000000004,29.200000000000003,73.77
2020,9,22,11,30,445,41,2.4000000000000004,29.200000000000003,73.7
2020,9,22,11,45,732,280,2.5,29.3,73.56
2020,9,22,12,0,660,181,2.5,29.3,73.56
2020,9,22,12,15,782,352,2.5,29.3,73.56
2020,9,22,12,30,741,284,2.5,29.3,73.56
2020,9,22,12,45,743,294,2.6,29.3,73.87
2020,9,22,13,0,941,873,2.6,29.3,73.87
2020,9,22,13,15,925,870,2.6,29.3,73.8
2020,9,22,13,30,905,865,2.6,29.3,73.8
2020,9,22,13,45,875,842,2.6,29.200000000000003,74.33
2020,9,22,14,0,845,834,2.7,29.200000000000003,74.33
2020,9,22,14,15,812,826,2.6,29.1,74.76
2020,9,22,14,30,774,815,2.6,29.1,74.76
2020,9,22,14,45,647,485,2.5,29.1,74.76
2020,9,22,15,0,526,274,2.5,29,75.19
2020,9,22,15,15,641,775,2.4000000000000004,28.900000000000002,75.63
2020,9,22,15,30,590,755,2.4000000000000004,28.900000000000002,75.63
2020,9,22,15,45,381,208,2.3000000000000003,28.8,76.17
2020,9,22,16,0,481,712,2.3000000000000003,28.8,76.17
2020,9,22,16,15,424,681,2.2,28.700000000000003,76.61
2020,9,22,16,30,324,433,2.1,28.6,77.05
2020,9,22,16,45,191,111,2,28.400000000000002,78.96000000000001
2020,9,22,17,0,120,22,1.9000000000000001,28.3,79.42
2020,9,22,17,15,86,1,1.8,28.200000000000003,79.88
2020,9,22,17,30,78,49,1.7000000000000002,28,80.82000000000001
2020,9,22,17,45,50,42,1.6,27.8,83.77
2020,9,22,18,0,22,0,1.5,27.700000000000003,84.26
2020,9,22,18,15,0,0,1.5,27.6,84.75
2020,9,22,18,30,0,0,1.5,27.6,84.75
2020,9,22,18,45,0,0,1.5,27.5,84.89
2020,9,22,19,0,0,0,1.5,27.5,84.89
2020,9,22,19,15,0,0,1.5,27.5,84.89
2020,9,22,19,30,0,0,1.5,27.5,84.89
2020,9,22,19,45,0,0,1.5,27.5,84.89
2020,9,22,20,0,0,0,1.4000000000000001,27.5,84.65
2020,9,22,20,15,0,0,1.4000000000000001,27.400000000000002,85.15
2020,9,22,20,30,0,0,1.4000000000000001,27.400000000000002,85.15
2020,9,22,20,45,0,0,1.4000000000000001,27.400000000000002,84.81
2020,9,22,21,0,0,0,1.4000000000000001,27.400000000000002,84.81
2020,9,22,21,15,0,0,1.4000000000000001,27.400000000000002,84.81
2020,9,22,21,30,0,0,1.5,27.400000000000002,84.81
2020,9,22,21,45,0,0,1.5,27.400000000000002,84.52
2020,9,22,22,0,0,0,1.5,27.400000000000002,84.52
2020,9,22,22,15,0,0,1.4000000000000001,27.400000000000002,84.52
2020,9,22,22,30,0,0,1.4000000000000001,27.3,85.01
2020,9,22,22,45,0,0,1.4000000000000001,27.3,84.42
2020,9,22,23,0,0,0,1.4000000000000001,27.3,84.42
2020,9,22,23,15,0,0,1.4000000000000001,27.3,84.42
2020,9,22,23,30,0,0,1.3,27.3,84.42
2020,9,22,23,45,0,0,1.3,27.3,83.72
2020,9,23,0,0,0,0,1.3,27.3,83.72
2020,9,23,0,15,0,0,1.3,27.200000000000003,84.21000000000001
2020,9,23,0,30,0,0,1.3,27.200000000000003,84.21000000000001
2020,9,23,0,45,0,0,1.3,27.1,84.88
2020,9,23,1,0,0,0,1.3,27.1,84.88
2020,9,23,1,15,0,0,1.3,27,85.3
2020,9,23,1,30,0,0,1.3,27,85.3
2020,9,23,1,45,0,0,1.4000000000000001,26.900000000000002,86.34
2020,9,23,2,0,0,0,1.4000000000000001,26.8,86.85000000000001
2020,9,23,2,15,0,0,1.5,26.8,86.85000000000001
2020,9,23,2,30,0,0,1.5,26.8,86.85000000000001
2020,9,23,2,45,0,0,1.6,26.700000000000003,87.76
2020,9,23,3,0,0,0,1.6,26.700000000000003,87.76
2020,9,23,3,15,0,0,1.6,26.6,88.28
2020,9,23,3,30,0,0,1.7000000000000002,26.6,88.28
2020,9,23,3,45,0,0,1.7000000000000002,26.6,88.77
2020,9,23,4,0,0,0,1.7000000000000002,26.6,88.77
2020,9,23,4,15,0,0,1.7000000000000002,26.6,88.86
2020,9,23,4,30,0,0,1.8,26.6,88.86
2020,9,23,4,45,0,0,1.8,26.6,89
2020,9,23,5,0,0,0,1.8,26.5,89.52
2020,9,23,5,15,0,0,1.8,26.6,89
2020,9,23,5,30,0,0,1.8,26.6,89
2020,9,23,5,45,0,0,1.8,26.6,89.12
2020,9,23,6,0,0,0,1.8,26.6,89.12
2020,9,23,6,15,0,0,1.8,26.8,88.08
2020,9,23,6,30,13,0,1.9000000000000001,26.900000000000002,87.66
2020,9,23,6,45,42,19,1.9000000000000001,27,89.67
2020,9,23,7,0,102,227,1.9000000000000001,27.200000000000003,88.63
2020,9,23,7,15,156,326,2,27.3,88.11
2020,9,23,7,30,201,335,2,27.400000000000002,87.60000000000001
2020,9,23,7,45,140,24,2.1,27.5,86.82000000000001
2020,9,23,8,0,362,681,2.2,27.6,86.31
2020,9,23,8,15,360,419,2.2,27.700000000000003,85.9
2020,9,23,8,30,341,221,2.3000000000000003,27.8,85.4
2020,9,23,8,45,368,195,2.3000000000000003,28,82.64
2020,9,23,9,0,406,197,2.4000000000000004,28.1,82.17
2020,9,23,9,15,514,345,2.4000000000000004,28.200000000000003,81.69
2020,9,23,9,30,520,274,2.5,28.3,81.22
2020,9,23,9,45,540,249,2.6,28.400000000000002,78.76
2020,9,23,10,0,509,157,2.6,28.5,78.31
2020,9,23,10,15,433,68,2.7,28.6,77.86
2020,9,23,10,30,576,179,2.7,28.700000000000003,77.41
2020,9,23,10,45,697,326,2.7,28.8,76.21000000000001
2020,9,23,11,0,750,401,2.7,28.900000000000002,75.77
2020,9,23,11,15,773,412,2.7,28.900000000000002,75.77
2020,9,23,11,30,939,869,2.7,29,75.34
2020,9,23,11,45,952,872,2.7,29.1,74.63
2020,9,23,12,0,959,874,2.6,29.1,74.63
2020,9,23,12,15,961,874,2.6,29.1,74.56
2020,9,23,12,30,959,873,2.6,29.1,74.56
2020,9,23,12,45,952,873,2.6,29.1,74.59
2020,9,23,13,0,941,871,2.6,29.200000000000003,74.16
2020,9,23,13,15,924,867,2.6,29.1,74.59
2020,9,23,13,30,903,862,2.5,29.1,74.59
2020,9,23,13,45,699,323,2.5,29.1,74.72
2020,9,23,14,0,653,285,2.5,29,75.08
2020,9,23,14,15,666,360,2.4000000000000004,29,75.08
2020,9,23,14,30,581,257,2.4000000000000004,29,75.08
2020,9,23,14,45,508,191,2.3000000000000003,28.900000000000002,75.77
2020,9,23,15,0,455,160,2.3000000000000003,28.900000000000002,75.77
2020,9,23,15,15,446,196,2.2,28.8,76.21000000000001
2020,9,23,15,30,188,5,2.1,28.700000000000003,76.65
2020,9,23,15,45,139,0,2.1,28.6,77.45
2020,9,23,16,0,114,0,2,28.6,77.45
2020,9,23,16,15,23,0,1.9000000000000001,28.400000000000002,78.35000000000001
2020,9,23,16,30,8,0,1.7000000000000002,28.3,78.8
2020,9,23,16,45,38,0,1.6,28.200000000000003,80.65
2020,9,23,17,0,5,0,1.5,28.1,81.12
2020,9,23,17,15,42,0,1.4000000000000001,27.900000000000002,82.06
2020,9,23,17,30,30,0,1.2000000000000002,27.8,82.54
2020,9,23,17,45,30,0,1.1,27.700000000000003,83.92
2020,9,23,18,0,25,38,1,27.5,84.9
2020,9,23,18,15,0,0,1,27.5,84.9
2020,9,23,18,30,0,0,1,27.400000000000002,85.4
2020,9,23,18,45,0,0,1,27.400000000000002,84.71000000000001
2020,9,23,19,0,0,0,1,27.400000000000002,84.79
2020,9,23,19,15,0,0,1,27.400000000000002,84.79
2020,9,23,19,30,0,0,1,27.400000000000002,84.79
2020,9,23,19,45,0,0,1,27.400000000000002,84.79
2020,9,23,20,0,0,0,1.3,27.200000000000003,86.22
2020,9,23,20,15,0,0,1.3,27.1,86.73
2020,9,23,20,30,0,0,1.4000000000000001,27,87.24
2020,9,23,20,45,0,0,1.5,27,87.98
2020,9,23,21,0,0,0,1.6,26.900000000000002,88.5
2020,9,23,21,15,0,0,1.6,26.8,89.02
2020,9,23,21,30,0,0,1.7000000000000002,26.8,89.02
2020,9,23,21,45,0,0,1.7000000000000002,26.700000000000003,90.08
2020,9,23,22,0,0,0,1.8,26.6,90.61
2020,9,23,22,15,0,0,1.8,26.6,90.61
2020,9,23,22,30,0,0,1.8,26.6,90.61
2020,9,23,22,45,0,0,1.8,26.5,91.43
2020,9,23,23,0,0,0,1.9000000000000001,26.5,91.43
2020,9,23,23,15,0,0,1.9000000000000001,26.5,91.43
2020,9,23,23,30,0,0,1.9000000000000001,26.400000000000002,91.97
2020,9,23,23,45,0,0,1.9000000000000001,26.400000000000002,91.95
2020,9,24,0,0,0,0,1.9000000000000001,26.400000000000002,91.95
2020,9,24,0,15,0,0,1.9000000000000001,26.400000000000002,91.95
2020,9,24,0,30,0,0,1.9000000000000001,26.400000000000002,91.95
2020,9,24,0,45,0,0,1.9000000000000001,26.3,92.2
2020,9,24,1,0,0,0,1.9000000000000001,26.3,92.2
2020,9,24,1,15,0,0,1.9000000000000001,26.3,92.2
2020,9,24,1,30,0,0,1.9000000000000001,26.3,92.2
2020,9,24,1,45,0,0,1.9000000000000001,26.3,91.87
2020,9,24,2,0,0,0,1.8,26.3,91.87
2020,9,24,2,15,0,0,1.8,26.3,91.87
2020,9,24,2,30,0,0,1.8,26.3,91.87
2020,9,24,2,45,0,0,1.8,26.200000000000003,91.94
2020,9,24,3,0,0,0,1.8,26.200000000000003,91.94
2020,9,24,3,15,0,0,1.8,26.200000000000003,91.94
2020,9,24,3,30,0,0,1.8,26.200000000000003,91.94
2020,9,24,3,45,0,0,1.8,26.200000000000003,91.54
2020,9,24,4,0,0,0,1.8,26.200000000000003,91.54
2020,9,24,4,15,0,0,1.8,26.200000000000003,91.54
2020,9,24,4,30,0,0,1.9000000000000001,26.200000000000003,91.54
2020,9,24,4,45,0,0,1.9000000000000001,26.200000000000003,91.31
2020,9,24,5,0,0,0,1.9000000000000001,26.1,91.85000000000001
2020,9,24,5,15,0,0,1.9000000000000001,26.200000000000003,91.31
2020,9,24,5,30,0,0,1.9000000000000001,26.200000000000003,91.31
2020,9,24,5,45,0,0,2,26.200000000000003,91.45
2020,9,24,6,0,0,0,2,26.200000000000003,91.45
2020,9,24,6,15,0,0,2,26.3,90.91
2020,9,24,6,30,22,20,2.1,26.5,89.85000000000001
2020,9,24,6,45,9,0,2.1,26.6,91.46000000000001
2020,9,24,7,0,54,0,2.2,26.8,90.4
2020,9,24,7,15,117,107,2.3000000000000003,26.900000000000002,89.87
2020,9,24,7,30,88,0,2.4000000000000004,27,89.35000000000001
2020,9,24,7,45,165,66,2.4000000000000004,27.1,88.67
2020,9,24,8,0,159,20,2.5,27.200000000000003,88.16
2020,9,24,8,15,245,98,2.5,27.3,87.65
2020,9,24,8,30,208,25,2.5,27.400000000000002,87.22
2020,9,24,8,45,214,17,2.6,27.5,84.62
2020,9,24,9,0,221,14,2.6,27.6,84.12
2020,9,24,9,15,317,51,2.6,27.700000000000003,83.64
2020,9,24,9,30,318,38,2.5,27.8,83.15
2020,9,24,9,45,380,61,2.5,27.900000000000002,81.82000000000001
2020,9,24,10,0,521,174,2.5,28,81.34
2020,9,24,10,15,628,297,2.5,28.1,80.87
2020,9,24,10,30,648,285,2.5,28.200000000000003,80.41
2020,9,24,10,45,677,294,2.5,28.3,79.44
2020,9,24,11,0,785,466,2.5,28.400000000000002,78.98
2020,9,24,11,15,930,897,2.5,28.5,78.52
2020,9,24,11,30,751,331,2.4000000000000004,28.6,78.07000000000001
2020,9,24,11,45,960,905,2.4000000000000004,28.6,77.44
2020,9,24,12,0,603,128,2.4000000000000004,28.700000000000003,76.92
2020,9,24,12,15,699,229,2.4000000000000004,28.8,76.48
2020,9,24,12,30,660,183,2.3000000000000003,28.8,76.48
2020,9,24,12,45,764,326,2.3000000000000003,28.8,75.76
2020,9,24,13,0,761,348,2.3000000000000003,28.900000000000002,75.33
2020,9,24,13,15,933,901,2.3000000000000003,28.900000000000002,75.33
2020,9,24,13,30,912,896,2.2,28.900000000000002,75.33
2020,9,24,13,45,883,879,2.2,28.900000000000002,75.11
2020,9,24,14,0,853,871,2.2,28.900000000000002,75.11
2020,9,24,14,15,691,437,2.2,28.900000000000002,75.03
2020,9,24,14,30,613,321,2.2,28.900000000000002,75.03
2020,9,24,14,45,478,153,2.2,28.8,75.68
2020,9,24,15,0,458,168,2.2,28.8,75.68
2020,9,24,15,15,464,233,2.2,28.700000000000003,76.12
2020,9,24,15,30,413,206,2.2,28.700000000000003,76.12
2020,9,24,15,45,435,353,2.2,28.6,77.3
2020,9,24,16,0,321,171,2.2,28.6,77.3
2020,9,24,16,15,293,195,2.1,28.400000000000002,78.28
2020,9,24,16,30,270,247,2.1,28.3,78.73
2020,9,24,16,45,226,240,2.1,28.200000000000003,81.31
2020,9,24,17,0,131,51,2.1,28.1,81.78
2020,9,24,17,15,109,70,2.1,27.900000000000002,82.73
2020,9,24,17,30,75,47,2.1,27.700000000000003,83.7
2020,9,24,17,45,38,0,2.2,27.5,85.71000000000001
2020,9,24,18,0,16,0,2.2,27.3,86.72
2020,9,24,18,15,0,0,2.2,27.3,86.72
2020,9,24,18,30,0,0,2.3000000000000003,27.200000000000003,87.22
2020,9,24,18,45,0,0,2.3000000000000003,27.1,87.88
2020,9,24,19,0,0,0,2.3000000000000003,27.1,87.88
2020,9,24,19,15,0,0,2.3000000000000003,27.1,87.88
2020,9,24,19,30,0,0,2.3000000000000003,27.1,87.88
2020,9,24,19,45,0,0,2.3000000000000003,27.1,87.88
2020,9,24,20,0,0,0,2.4000000000000004,26.900000000000002,89.28
2020,9,24,20,15,0,0,2.4000000000000004,26.8,89.8
2020,9,24,20,30,0,0,2.4000000000000004,26.8,89.8
2020,9,24,20,45,0,0,2.4000000000000004,26.8,89.88
2020,9,24,21,0,0,0,2.5,26.700000000000003,90.41
2020,9,24,21,15,0,0,2.5,26.700000000000003,90.41
2020,9,24,21,30,0,0,2.4000000000000004,26.700000000000003,90.41
2020,9,24,21,45,0,0,2.4000000000000004,26.6,91.03
2020,9,24,22,0,0,0,2.4000000000000004,26.6,91.03
2020,9,24,22,15,0,0,2.4000000000000004,26.6,90.94
2020,9,24,22,30,0,0,2.4000000000000004,26.5,91.47
2020,9,24,22,45,0,0,2.4000000000000004,26.5,91.29
2020,9,24,23,0,0,0,2.3000000000000003,26.5,91.29
2020,9,24,23,15,0,0,2.3000000000000003,26.400000000000002,91.83
2020,9,24,23,30,0,0,2.3000000000000003,26.400000000000002,91.83
2020,9,24,23,45,0,0,2.2,26.400000000000002,91.41
2020,9,25,0,0,0,0,2.2,26.400000000000002,91.41
2020,9,25,0,15,0,0,2.2,26.3,91.95
2020,9,25,0,30,0,0,2.2,26.3,91.95
2020,9,25,0,45,0,0,2.2,26.3,91.49
2020,9,25,1,0,0,0,2.1,26.3,91.4
2020,9,25,1,15,0,0,2.1,26.200000000000003,91.93
2020,9,25,1,30,0,0,2.1,26.200000000000003,91.93
2020,9,25,1,45,0,0,2.1,26.200000000000003,91.5
2020,9,25,2,0,0,0,2.1,26.200000000000003,91.5
2020,9,25,2,15,0,0,2.1,26.200000000000003,91.5
2020,9,25,2,30,0,0,2.1,26.1,92.04
2020,9,25,2,45,0,0,2.1,26.1,91.5
2020,9,25,3,0,0,0,2.1,26.1,91.5
2020,9,25,3,15,0,0,2.1,26.1,91.5
2020,9,25,3,30,0,0,2.1,26.1,91.5
2020,9,25,3,45,0,0,2.1,26.1,91.16
2020,9,25,4,0,0,0,2.1,26.1,91.16
2020,9,25,4,15,0,0,2.1,26.1,91.16
2020,9,25,4,30,0,0,2.1,26.1,91.16
2020,9,25,4,45,0,0,2.1,26.1,90.82000000000001
2020,9,25,5,0,0,0,2.1,26.1,90.82000000000001
2020,9,25,5,15,0,0,2.1,26.1,90.82000000000001
2020,9,25,5,30,0,0,2.2,26.1,90.92
2020,9,25,5,45,0,0,2.2,26.1,90.95
2020,9,25,6,0,0,0,2.2,26.200000000000003,90.41
2020,9,25,6,15,0,0,2.2,26.3,89.88
2020,9,25,6,30,30,154,2.2,26.5,88.83
2020,9,25,6,45,73,303,2.2,26.6,90.55
2020,9,25,7,0,124,419,2.3000000000000003,26.8,89.5
2020,9,25,7,15,181,508,2.3000000000000003,26.900000000000002,88.97
2020,9,25,7,30,240,576,2.4000000000000004,27,88.45
2020,9,25,7,45,300,634,2.5,27.1,87.71000000000001
2020,9,25,8,0,360,678,2.5,27.3,86.69
2020,9,25,8,15,420,715,2.6,27.400000000000002,86.19
2020,9,25,8,30,478,746,2.6,27.400000000000002,86.19
2020,9,25,8,45,535,773,2.6,27.5,83.28
2020,9,25,9,0,589,794,2.6,27.6,82.79
2020,9,25,9,15,640,812,2.6,27.8,81.83
2020,9,25,9,30,689,828,2.6,27.900000000000002,81.36
2020,9,25,9,45,734,841,2.6,28,79.05
2020,9,25,10,0,776,853,2.6,28.1,78.60000000000001
2020,9,25,10,15,814,863,2.6,28.200000000000003,78.14
2020,9,25,10,30,849,871,2.6,28.3,77.69
2020,9,25,10,45,296,16,2.6,28.400000000000002,76.33
2020,9,25,11,0,334,20,2.6,28.5,75.89
2020,9,25,11,15,414,35,2.6,28.6,75.45
2020,9,25,11,30,732,302,2.6,28.6,75.38
2020,9,25,11,45,621,150,2.6,28.700000000000003,74.75
2020,9,25,12,0,957,882,2.6,28.8,74.32000000000001
2020,9,25,12,15,960,883,2.6,28.8,74.32000000000001
2020,9,25,12,30,958,882,2.5,28.8,74.32000000000001
2020,9,25,12,45,750,315,2.5,28.8,74.31
2020,9,25,13,0,609,146,2.5,28.8,74.23
2020,9,25,13,15,500,71,2.5,28.8,74.23
2020,9,25,13,30,900,868,2.5,28.8,74.23
2020,9,25,13,45,631,225,2.5,28.8,74.35000000000001
2020,9,25,14,0,600,212,2.5,28.8,74.35000000000001
2020,9,25,14,15,635,310,2.5,28.700000000000003,74.78
2020,9,25,14,30,66,0,2.5,28.700000000000003,74.7
2020,9,25,14,45,463,138,2.5,28.700000000000003,75.14
2020,9,25,15,0,73,0,2.5,28.6,75.58
2020,9,25,15,15,29,0,2.6,28.6,75.58
2020,9,25,15,30,149,0,2.6,28.5,76.02
2020,9,25,15,45,334,133,2.6,28.5,77.06
2020,9,25,16,0,299,133,2.7,28.400000000000002,77.51
2020,9,25,16,15,340,346,2.7,28.3,77.96000000000001
2020,9,25,16,30,312,420,2.7,28.200000000000003,78.41
2020,9,25,16,45,259,394,2.7,28.1,80.46000000000001
2020,9,25,17,0,200,328,2.7,28,80.93
2020,9,25,17,15,112,89,2.7,27.8,81.88
2020,9,25,17,30,91,145,2.7,27.6,82.84
2020,9,25,17,45,42,19,2.7,27.5,84.65
2020,9,25,18,0,15,0,2.7,27.3,85.73
2020,9,25,18,15,0,0,2.7,27.3,85.73
2020,9,25,18,30,0,0,2.8000000000000003,27.200000000000003,86.23
2020,9,25,18,45,0,0,2.8000000000000003,27.1,86.92
2020,9,25,19,0,0,0,2.8000000000000003,27.1,86.92
2020,9,25,19,15,0,0,2.8000000000000003,27.1,86.92
2020,9,25,19,30,0,0,2.8000000000000003,27.1,86.92
2020,9,25,19,45,0,0,2.8000000000000003,27.1,86.92
2020,9,25,20,0,0,0,2.9000000000000004,26.900000000000002,88.05
2020,9,25,20,15,0,0,2.9000000000000004,26.900000000000002,88.14
2020,9,25,20,30,0,0,2.9000000000000004,26.900000000000002,88.14
2020,9,25,20,45,0,0,2.9000000000000004,26.900000000000002,88.18
2020,9,25,21,0,0,0,2.8000000000000003,26.8,88.7
2020,9,25,21,15,0,0,2.8000000000000003,26.8,88.7
2020,9,25,21,30,0,0,2.8000000000000003,26.8,88.7
2020,9,25,21,45,0,0,2.8000000000000003,26.8,88.47
2020,9,25,22,0,0,0,2.7,26.8,88.47
2020,9,25,22,15,0,0,2.7,26.700000000000003,88.99
2020,9,25,22,30,0,0,2.6,26.700000000000003,88.99
2020,9,25,22,45,0,0,2.6,26.700000000000003,88.63
2020,9,25,23,0,0,0,2.6,26.6,89.15
2020,9,25,23,15,0,0,2.5,26.6,89.15
2020,9,25,23,30,0,0,2.5,26.6,89.15
2020,9,25,23,45,0,0,2.4000000000000004,26.6,88.63
2020,9,26,0,0,0,0,2.4000000000000004,26.5,89.06
2020,9,26,0,15,0,0,2.4000000000000004,26.5,89.06
2020,9,26,0,30,0,0,2.4000000000000004,26.5,89.06
2020,9,26,0,45,0,0,2.3000000000000003,26.5,88.60000000000001
2020,9,26,1,0,0,0,2.3000000000000003,26.400000000000002,89.12
2020,9,26,1,15,0,0,2.3000000000000003,26.400000000000002,89.12
2020,9,26,1,30,0,0,2.3000000000000003,26.400000000000002,89.12
2020,9,26,1,45,0,0,2.3000000000000003,26.3,89.33
2020,9,26,2,0,0,0,2.3000000000000003,26.3,89.33
2020,9,26,2,15,0,0,2.3000000000000003,26.3,89.24
2020,9,26,2,30,0,0,2.3000000000000003,26.3,89.24
2020,9,26,2,45,0,0,2.4000000000000004,26.200000000000003,89.68
2020,9,26,3,0,0,0,2.4000000000000004,26.200000000000003,89.68
2020,9,26,3,15,0,0,2.4000000000000004,26.200000000000003,89.68
2020,9,26,3,30,0,0,2.5,26.200000000000003,89.68
2020,9,26,3,45,0,0,2.5,26.1,90.27
2020,9,26,4,0,0,0,2.6,26.1,90.27
2020,9,26,4,15,0,0,2.6,26.1,90.27
2020,9,26,4,30,0,0,2.7,26.1,90.27
2020,9,26,4,45,0,0,2.7,26.1,90.27
2020,9,26,5,0,0,0,2.7,26.1,90.27
2020,9,26,5,15,0,0,2.8000000000000003,26.1,90.27
2020,9,26,5,30,0,0,2.8000000000000003,26.1,90.27
2020,9,26,5,45,0,0,2.8000000000000003,26.1,90.51
2020,9,26,6,0,0,0,2.9000000000000004,26.200000000000003,90.07000000000001
2020,9,26,6,15,0,0,2.9000000000000004,26.3,89.55
2020,9,26,6,30,31,189,3,26.5,88.5
2020,9,26,6,45,75,347,3,26.6,89.76
2020,9,26,7,0,127,464,3.1,26.8,88.72
2020,9,26,7,15,185,551,3.2,26.900000000000002,88.2
2020,9,26,7,30,244,618,3.2,27,87.69
2020,9,26,7,45,305,673,3.3000000000000003,27.1,86.57000000000001
2020,9,26,8,0,365,714,3.3000000000000003,27.3,85.57000000000001
2020,9,26,8,15,425,749,3.3000000000000003,27.400000000000002,85.07000000000001
2020,9,26,8,30,484,778,3.3000000000000003,27.5,84.57000000000001
2020,9,26,8,45,540,801,3.3000000000000003,27.700000000000003,81.88
2020,9,26,9,0,594,822,3.3000000000000003,27.8,81.41
2020,9,26,9,15,646,839,3.3000000000000003,28,80.47
2020,9,26,9,30,695,854,3.3000000000000003,28.1,80
2020,9,26,9,45,740,865,3.3000000000000003,28.200000000000003,78.45
2020,9,26,10,0,782,877,3.3000000000000003,28.400000000000002,77.55
2020,9,26,10,15,821,886,3.2,28.5,77.02
2020,9,26,10,30,855,894,3.2,28.6,76.58
2020,9,26,10,45,886,905,3.2,28.700000000000003,75.63
2020,9,26,11,0,912,910,3.2,28.8,75.19
2020,9,26,11,15,933,915,3.2,28.8,75.19
2020,9,26,11,30,950,918,3.1,28.900000000000002,74.76
2020,9,26,11,45,960,916,3.1,29,74.2
2020,9,26,12,0,967,917,3.1,29.1,73.77
2020,9,26,12,15,969,918,3.1,29.1,73.7
2020,9,26,12,30,426,34,3.1,29.1,73.7
2020,9,26,12,45,959,913,3.1,29.200000000000003,73.21000000000001
2020,9,26,13,0,623,162,3,29.200000000000003,73.21000000000001
2020,9,26,13,15,666,226,3,29.200000000000003,73.14
2020,9,26,13,30,575,139,3,29.200000000000003,73.14
2020,9,26,13,45,387,34,3,29.200000000000003,73.13
2020,9,26,14,0,261,13,3,29.200000000000003,73.13
2020,9,26,14,15,134,0,3,29.200000000000003,73.13
2020,9,26,14,30,150,1,3,29.1,73.48
2020,9,26,14,45,130,0,2.9000000000000004,29.1,73.65
2020,9,26,15,0,60,0,2.9000000000000004,29.1,73.65
2020,9,26,15,15,70,0,3,29,74.08
2020,9,26,15,30,88,0,3,28.900000000000002,74.5
2020,9,26,15,45,187,7,3,28.8,75.63
2020,9,26,16,0,196,18,3,28.700000000000003,76.06
2020,9,26,16,15,215,55,3,28.6,76.5
2020,9,26,16,30,193,66,3,28.400000000000002,77.39
2020,9,26,16,45,300,653,3,28.3,79.28
2020,9,26,17,0,240,599,3,28.1,80.2
2020,9,26,17,15,181,530,3,27.900000000000002,81.14
2020,9,26,17,30,77,72,3,27.700000000000003,82.09
2020,9,26,17,45,39,6,3,27.6,84.26
2020,9,26,18,0,15,0,3,27.400000000000002,85.34
2020,9,26,18,15,0,0,3,27.3,85.84
2020,9,26,18,30,0,0,3.1,27.200000000000003,86.34
2020,9,26,18,45,0,0,3.1,27.1,87.14
2020,9,26,19,0,0,0,3.1,27.1,87.14
2020,9,26,19,15,0,0,3.1,27.1,87.14
2020,9,26,19,30,0,0,3.1,27.1,87.14
2020,9,26,19,45,0,0,3.1,27.1,87.14
2020,9,26,20,0,0,0,3.3000000000000003,26.900000000000002,88.04
2020,9,26,20,15,0,0,3.3000000000000003,26.900000000000002,88.04
2020,9,26,20,30,0,0,3.3000000000000003,26.8,88.56
2020,9,26,20,45,0,0,3.3000000000000003,26.8,88.41
2020,9,26,21,0,0,0,3.3000000000000003,26.8,88.41
2020,9,26,21,15,0,0,3.3000000000000003,26.700000000000003,88.93
2020,9,26,21,30,0,0,3.3000000000000003,26.700000000000003,88.93
2020,9,26,21,45,0,0,3.3000000000000003,26.700000000000003,88.56
2020,9,26,22,0,0,0,3.2,26.700000000000003,88.56
2020,9,26,22,15,0,0,3.2,26.6,89.08
2020,9,26,22,30,0,0,3.2,26.6,89.08
2020,9,26,22,45,0,0,3.2,26.6,88.51
2020,9,26,23,0,0,0,3.2,26.6,88.51
2020,9,26,23,15,0,0,3.1,26.5,89.03
2020,9,26,23,30,0,0,3.1,26.5,89.03
2020,9,26,23,45,0,0,3.1,26.5,88.60000000000001
2020,9,27,0,0,0,0,3.1,26.5,88.60000000000001
2020,9,27,0,15,0,0,3,26.400000000000002,89.13
2020,9,27,0,30,0,0,3,26.400000000000002,89.13
2020,9,27,0,45,0,0,3,26.400000000000002,88.65
2020,9,27,1,0,0,0,3,26.400000000000002,88.56
2020,9,27,1,15,0,0,2.9000000000000004,26.3,89.08
2020,9,27,1,30,0,0,2.9000000000000004,26.3,89.08
2020,9,27,1,45,0,0,2.9000000000000004,26.3,88.45
2020,9,27,2,0,0,0,2.9000000000000004,26.200000000000003,88.98
2020,9,27,2,15,0,0,2.9000000000000004,26.200000000000003,88.98
2020,9,27,2,30,0,0,2.9000000000000004,26.200000000000003,88.98
2020,9,27,2,45,0,0,2.8000000000000003,26.200000000000003,88.28
2020,9,27,3,0,0,0,2.8000000000000003,26.1,88.71000000000001
2020,9,27,3,15,0,0,2.8000000000000003,26.1,88.71000000000001
2020,9,27,3,30,0,0,2.8000000000000003,26.1,88.71000000000001
2020,9,27,3,45,0,0,2.8000000000000003,26.1,88.28
2020,9,27,4,0,0,0,2.8000000000000003,26,88.8
2020,9,27,4,15,0,0,2.8000000000000003,26,88.8
2020,9,27,4,30,0,0,2.8000000000000003,26,88.8
2020,9,27,4,45,0,0,2.8000000000000003,26,88.48
2020,9,27,5,0,0,0,2.8000000000000003,26,88.48
2020,9,27,5,15,0,0,2.8000000000000003,26,88.48
2020,9,27,5,30,0,0,2.8000000000000003,26,88.57000000000001
2020,9,27,5,45,0,0,2.9000000000000004,26,88.63
2020,9,27,6,0,0,0,2.9000000000000004,26,88.63
2020,9,27,6,15,0,0,2.9000000000000004,26.3,87.08
2020,9,27,6,30,18,0,3,26.5,86.07000000000001
2020,9,27,6,45,74,341,3.1,26.700000000000003,86.63
2020,9,27,7,0,102,241,3.2,26.900000000000002,85.62
2020,9,27,7,15,184,547,3.2,27.1,84.62
2020,9,27,7,30,244,615,3.2,27.200000000000003,84.13
2020,9,27,7,45,305,670,3.3000000000000003,27.400000000000002,81.71000000000001
2020,9,27,8,0,284,312,3.3000000000000003,27.6,80.85000000000001
2020,9,27,8,15,213,53,3.3000000000000003,27.700000000000003,80.38
2020,9,27,8,30,312,161,3.3000000000000003,27.900000000000002,79.45
2020,9,27,8,45,540,802,3.3000000000000003,28.1,77.02
2020,9,27,9,0,594,823,3.3000000000000003,28.3,76.13
2020,9,27,9,15,646,840,3.3000000000000003,28.400000000000002,75.69
2020,9,27,9,30,695,855,3.3000000000000003,28.6,74.82000000000001
2020,9,27,9,45,740,866,3.3000000000000003,28.8,73.12
2020,9,27,10,0,782,877,3.3000000000000003,28.900000000000002,72.69
2020,9,27,10,15,820,887,3.3000000000000003,29.1,71.86
2020,9,27,10,30,854,895,3.3000000000000003,29.200000000000003,71.45
2020,9,27,10,45,881,893,3.3000000000000003,29.3,70.9
2020,9,27,11,0,907,899,3.4000000000000004,29.5,70.09
2020,9,27,11,15,928,903,3.4000000000000004,29.6,69.69
2020,9,27,11,30,532,86,3.4000000000000004,29.6,69.62
2020,9,27,11,45,582,117,3.4000000000000004,29.700000000000003,69.45
2020,9,27,12,0,962,906,3.4000000000000004,29.8,69.05
2020,9,27,12,15,964,907,3.4000000000000004,29.8,69.05
2020,9,27,12,30,962,906,3.4000000000000004,29.8,69.05
2020,9,27,12,45,953,900,3.4000000000000004,29.8,69.32000000000001
2020,9,27,13,0,479,57,3.4000000000000004,29.900000000000002,68.86
2020,9,27,13,15,464,54,3.4000000000000004,29.8,69.25
2020,9,27,13,30,603,170,3.4000000000000004,29.8,69.25
2020,9,27,13,45,65,0,3.4000000000000004,29.700000000000003,70.2
2020,9,27,14,0,313,19,3.4000000000000004,29.700000000000003,70.2
2020,9,27,14,15,350,31,3.4000000000000004,29.6,70.60000000000001
2020,9,27,14,30,37,0,3.4000000000000004,29.5,70.94
2020,9,27,14,45,374,60,3.4000000000000004,29.400000000000002,72.13
2020,9,27,15,0,681,816,3.4000000000000004,29.3,72.55
2020,9,27,15,15,29,0,3.4000000000000004,29.200000000000003,72.97
2020,9,27,15,30,25,0,3.3000000000000003,29,73.81
2020,9,27,15,45,13,0,3.3000000000000003,28.900000000000002,75.38
2020,9,27,16,0,11,0,3.3000000000000003,28.8,75.82000000000001
2020,9,27,16,15,115,0,3.3000000000000003,28.6,76.7
2020,9,27,16,30,124,0,3.3000000000000003,28.5,77.14
2020,9,27,16,45,56,0,3.3000000000000003,28.3,79.79
2020,9,27,17,0,61,0,3.2,28.1,80.8
2020,9,27,17,15,121,142,3.2,27.900000000000002,81.74
2020,9,27,17,30,117,384,3.1,27.700000000000003,82.7
2020,9,27,17,45,46,67,3.1,27.5,85.86
2020,9,27,18,0,15,0,3.1,27.3,86.87
2020,9,27,18,15,0,0,3.1,27.200000000000003,87.37
2020,9,27,18,30,0,0,3.1,27.1,87.89
2020,9,27,18,45,0,0,3.2,27,89.38
2020,9,27,19,0,0,0,3.2,26.900000000000002,89.91
2020,9,27,19,15,0,0,3.2,26.900000000000002,89.91
2020,9,27,19,30,0,0,3.2,26.900000000000002,89.91
2020,9,27,19,45,0,0,3.2,26.900000000000002,89.91
2020,9,27,20,0,0,0,3.3000000000000003,26.8,91.18
2020,9,27,20,15,0,0,3.4000000000000004,26.8,91.18
2020,9,27,20,30,0,0,3.4000000000000004,26.700000000000003,91.72
2020,9,27,20,45,0,0,3.4000000000000004,26.700000000000003,92.53
2020,9,27,21,0,0,0,3.4000000000000004,26.700000000000003,92.53
2020,9,27,21,15,0,0,3.5,26.700000000000003,92.53
2020,9,27,21,30,0,0,3.5,26.6,93.07000000000001
2020,9,27,21,45,0,0,3.5,26.6,93.82000000000001
2020,9,27,22,0,0,0,3.6,26.6,93.82000000000001
2020,9,27,22,15,0,0,3.6,26.6,93.82000000000001
2020,9,27,22,30,0,0,3.6,26.6,93.82000000000001
2020,9,27,22,45,0,0,3.7,26.6,94.44
2020,9,27,23,0,0,0,3.7,26.6,94.44
2020,9,27,23,15,0,0,3.7,26.6,94.44
2020,9,27,23,30,0,0,3.7,26.5,94.99
2020,9,27,23,45,0,0,3.8000000000000003,26.5,95.33
2020,9,28,0,0,0,0,3.8000000000000003,26.5,95.23
2020,9,28,0,15,0,0,3.8000000000000003,26.5,95.23
2020,9,28,0,30,0,0,3.8000000000000003,26.5,95.23
2020,9,28,0,45,0,0,3.8000000000000003,26.400000000000002,95.56
2020,9,28,1,0,0,0,3.8000000000000003,26.400000000000002,95.56
2020,9,28,1,15,0,0,3.8000000000000003,26.400000000000002,95.56
2020,9,28,1,30,0,0,3.8000000000000003,26.400000000000002,95.56
2020,9,28,1,45,0,0,3.8000000000000003,26.400000000000002,94.91
2020,9,28,2,0,0,0,3.8000000000000003,26.3,95.47
2020,9,28,2,15,0,0,3.8000000000000003,26.3,95.47
2020,9,28,2,30,0,0,3.8000000000000003,26.3,95.47
2020,9,28,2,45,0,0,3.8000000000000003,26.3,94.97
2020,9,28,3,0,0,0,3.8000000000000003,26.3,94.97
2020,9,28,3,15,0,0,3.7,26.3,94.97
2020,9,28,3,30,0,0,3.7,26.200000000000003,95.53
2020,9,28,3,45,0,0,3.7,26.200000000000003,94.78
2020,9,28,4,0,0,0,3.6,26.200000000000003,94.78
2020,9,28,4,15,0,0,3.6,26.200000000000003,94.78
2020,9,28,4,30,0,0,3.5,26.200000000000003,94.78
2020,9,28,4,45,0,0,3.5,26.200000000000003,93.45
2020,9,28,5,0,0,0,3.4000000000000004,26.1,94
2020,9,28,5,15,0,0,3.4000000000000004,26.1,94.09
2020,9,28,5,30,0,0,3.3000000000000003,26.1,94.09
2020,9,28,5,45,0,0,3.3000000000000003,26.1,92.58
2020,9,28,6,0,0,0,3.2,26.1,92.58
2020,9,28,6,15,0,0,3.2,26.200000000000003,92.04
2020,9,28,6,30,10,0,3.3000000000000003,26.3,91.5
2020,9,28,6,45,48,71,3.3000000000000003,26.5,90.33
2020,9,28,7,0,85,121,3.3000000000000003,26.6,89.9
2020,9,28,7,15,175,450,3.3000000000000003,26.700000000000003,89.37
2020,9,28,7,30,200,342,3.3000000000000003,26.8,88.85000000000001
2020,9,28,7,45,196,150,3.4000000000000004,26.900000000000002,86.89
2020,9,28,8,0,259,226,3.4000000000000004,27,86.38
2020,9,28,8,15,349,391,3.4000000000000004,27.1,85.88
2020,9,28,8,30,388,365,3.4000000000000004,27.200000000000003,85.46000000000001
2020,9,28,8,45,406,290,3.4000000000000004,27.3,83.22
2020,9,28,9,0,579,748,3.4000000000000004,27.5,82.25
2020,9,28,9,15,382,114,3.4000000000000004,27.6,81.77
2020,9,28,9,30,385,87,3.4000000000000004,27.700000000000003,81.3
2020,9,28,9,45,439,114,3.4000000000000004,27.8,79.77
2020,9,28,10,0,416,73,3.4000000000000004,27.900000000000002,79.3
2020,9,28,10,15,611,274,3.5,28,78.84
2020,9,28,10,30,583,195,3.5,28.1,78.39
2020,9,28,10,45,482,78,3.5,28.200000000000003,77.9
2020,9,28,11,0,449,53,3.5,28.3,77.45
2020,9,28,11,15,594,147,3.5,28.3,77.45
2020,9,28,11,30,935,875,3.5,28.400000000000002,76.93
2020,9,28,11,45,755,332,3.6,28.400000000000002,77.4
2020,9,28,12,0,698,237,3.6,28.5,76.95
2020,9,28,12,15,530,78,3.6,28.5,76.95
2020,9,28,12,30,370,23,3.6,28.5,76.95
2020,9,28,12,45,482,56,3.7,28.5,77.51
2020,9,28,13,0,632,176,3.7,28.5,77.51
2020,9,28,13,15,445,47,3.7,28.5,77.43
2020,9,28,13,30,502,83,3.7,28.5,77.43
2020,9,28,13,45,470,72,3.7,28.5,78
2020,9,28,14,0,835,842,3.8000000000000003,28.400000000000002,78.45
2020,9,28,14,15,576,223,3.8000000000000003,28.400000000000002,78.45
2020,9,28,14,30,549,225,3.8000000000000003,28.3,78.83
2020,9,28,14,45,501,197,3.8000000000000003,28.3,79.36
2020,9,28,15,0,673,788,3.8000000000000003,28.3,79.36
2020,9,28,15,15,226,12,3.8000000000000003,28.200000000000003,79.83
2020,9,28,15,30,157,0,3.8000000000000003,28.1,80.29
2020,9,28,15,45,306,101,3.8000000000000003,28.1,81.05
2020,9,28,16,0,460,687,3.9000000000000004,28,81.52
2020,9,28,16,15,92,0,3.8000000000000003,27.900000000000002,82
2020,9,28,16,30,292,369,3.8000000000000003,27.8,82.48
2020,9,28,16,45,195,159,3.8000000000000003,27.700000000000003,84.3
2020,9,28,17,0,5,0,3.8000000000000003,27.5,85.37
2020,9,28,17,15,69,0,3.7,27.400000000000002,85.87
2020,9,28,17,30,79,104,3.7,27.3,86.37
2020,9,28,17,45,34,0,3.7,27.200000000000003,87.9
2020,9,28,18,0,10,0,3.6,27,88.93
2020,9,28,18,15,0,0,3.6,27,88.93
2020,9,28,18,30,0,0,3.6,26.900000000000002,89.46000000000001
2020,9,28,18,45,0,0,3.6,26.900000000000002,89.78
2020,9,28,19,0,0,0,3.6,26.900000000000002,89.78
2020,9,28,19,15,0,0,3.6,26.900000000000002,89.78
2020,9,28,19,30,0,0,3.6,26.900000000000002,89.78
2020,9,28,19,45,0,0,3.6,26.900000000000002,89.78
2020,9,28,20,0,0,0,3.4000000000000004,26.700000000000003,90.93
2020,9,28,20,15,0,0,3.4000000000000004,26.700000000000003,91.02
2020,9,28,20,30,0,0,3.4000000000000004,26.700000000000003,91.02
2020,9,28,20,45,0,0,3.3000000000000003,26.700000000000003,91.04
2020,9,28,21,0,0,0,3.3000000000000003,26.6,91.57000000000001
2020,9,28,21,15,0,0,3.2,26.6,91.57000000000001
2020,9,28,21,30,0,0,3.2,26.6,91.57000000000001
2020,9,28,21,45,0,0,3.2,26.5,91.99
2020,9,28,22,0,0,0,3.1,26.5,91.99
2020,9,28,22,15,0,0,3.1,26.5,91.99
2020,9,28,22,30,0,0,3,26.5,91.99
2020,9,28,22,45,0,0,3,26.400000000000002,92.23
2020,9,28,23,0,0,0,2.9000000000000004,26.400000000000002,92.23
2020,9,28,23,15,0,0,2.9000000000000004,26.3,92.78
2020,9,28,23,30,0,0,2.8000000000000003,26.3,92.78
2020,9,28,23,45,0,0,2.8000000000000003,26.3,92.29
2020,9,29,0,0,0,0,2.8000000000000003,26.200000000000003,92.84
2020,9,29,0,15,0,0,2.7,26.200000000000003,92.84
2020,9,29,0,30,0,0,2.7,26.200000000000003,92.84
2020,9,29,0,45,0,0,2.6,26.1,93.04
2020,9,29,1,0,0,0,2.6,26.1,93.04
2020,9,29,1,15,0,0,2.5,26.1,93.04
2020,9,29,1,30,0,0,2.5,26,93.5
2020,9,29,1,45,0,0,2.5,26,93.35000000000001
2020,9,29,2,0,0,0,2.4000000000000004,26,93.35000000000001
2020,9,29,2,15,0,0,2.4000000000000004,25.900000000000002,93.9
2020,9,29,2,30,0,0,2.3000000000000003,25.900000000000002,93.9
2020,9,29,2,45,0,0,2.3000000000000003,25.900000000000002,93.63
2020,9,29,3,0,0,0,2.2,25.8,94.18
2020,9,29,3,15,0,0,2.2,25.8,94.18
2020,9,29,3,30,0,0,2.2,25.8,94.18
2020,9,29,3,45,0,0,2.1,25.8,93.77
2020,9,29,4,0,0,0,2.1,25.700000000000003,94.32000000000001
2020,9,29,4,15,0,0,2.1,25.700000000000003,94.32000000000001
2020,9,29,4,30,0,0,2.2,25.700000000000003,94.32000000000001
2020,9,29,4,45,0,0,2.2,25.700000000000003,94.32000000000001
2020,9,29,5,0,0,0,2.2,25.8,93.77
2020,9,29,5,15,0,0,2.3000000000000003,25.8,93.77
2020,9,29,5,30,0,0,2.4000000000000004,25.8,93.77
2020,9,29,5,45,0,0,2.5,25.8,94.18
2020,9,29,6,0,0,0,2.6,25.900000000000002,93.63
2020,9,29,6,15,0,0,2.8000000000000003,26,93.08
2020,9,29,6,30,16,0,2.9000000000000004,26.1,92.63
2020,9,29,6,45,46,54,3.1,26.200000000000003,94.60000000000001
2020,9,29,7,0,74,61,3.2,26.400000000000002,93.5
2020,9,29,7,15,103,62,3.4000000000000004,26.400000000000002,93.5
2020,9,29,7,30,148,109,3.6,26.5,92.95
2020,9,29,7,45,164,67,3.8000000000000003,26.6,94.31
2020,9,29,8,0,332,531,3.9000000000000004,26.700000000000003,93.76
2020,9,29,8,15,286,193,4.1000000000000005,26.8,93.21000000000001
2020,9,29,8,30,374,323,4.2,26.900000000000002,92.66
2020,9,29,8,45,529,754,4.3,27,93.11
2020,9,29,9,0,583,777,4.4,27,93.11
2020,9,29,9,15,280,31,4.5,27.200000000000003,92.03
2020,9,29,9,30,392,95,4.7,27.3,91.5
2020,9,29,9,45,729,825,4.800000000000001,27.5,89.63
2020,9,29,10,0,770,838,4.9,27.6,89.11
2020,9,29,10,15,808,848,5,27.8,88.08
2020,9,29,10,30,843,857,5.1000000000000005,27.900000000000002,87.57000000000001
2020,9,29,10,45,875,873,5.1000000000000005,28,84.19
2020,9,29,11,0,900,880,5.2,28.200000000000003,83.14
2020,9,29,11,15,921,884,5.2,28.200000000000003,83.14
2020,9,29,11,30,937,888,5.300000000000001,28.3,82.66
2020,9,29,11,45,947,883,5.300000000000001,28.400000000000002,78.34
2020,9,29,12,0,954,884,5.4,28.5,77.89
2020,9,29,12,15,956,885,5.4,28.5,77.89
2020,9,29,12,30,953,884,5.4,28.6,77.37
2020,9,29,12,45,333,19,5.4,28.6,74.49
2020,9,29,13,0,931,872,5.4,28.700000000000003,74.06
2020,9,29,13,15,427,41,5.4,28.700000000000003,74.06
2020,9,29,13,30,892,863,5.300000000000001,28.700000000000003,74.06
2020,9,29,13,45,267,13,5.300000000000001,28.700000000000003,72.76
2020,9,29,14,0,32,0,5.2,28.700000000000003,72.76
2020,9,29,14,15,269,14,5.2,28.700000000000003,72.76
2020,9,29,14,30,38,0,5.1000000000000005,28.700000000000003,72.76
2020,9,29,14,45,22,0,5,28.700000000000003,72.18
2020,9,29,15,0,101,0,5,28.700000000000003,72.18
2020,9,29,15,15,129,0,4.9,28.6,72.60000000000001
2020,9,29,15,30,86,0,4.800000000000001,28.6,72.67
2020,9,29,15,45,162,1,4.7,28.5,73.26
2020,9,29,16,0,278,112,4.7,28.5,73.26
2020,9,29,16,15,301,253,4.6000000000000005,28.400000000000002,73.69
2020,9,29,16,30,263,264,4.5,28.3,74.11
2020,9,29,16,45,195,169,4.4,28.200000000000003,75.65
2020,9,29,17,0,195,355,4.2,28.1,76.09
2020,9,29,17,15,115,135,4.1000000000000005,27.900000000000002,76.98
2020,9,29,17,30,68,54,4,27.700000000000003,77.88
2020,9,29,17,45,38,23,3.9000000000000004,27.5,81.01
2020,9,29,18,0,16,0,3.8000000000000003,27.400000000000002,81.48
2020,9,29,18,15,0,0,3.8000000000000003,27.3,82.04
2020,9,29,18,30,0,0,3.8000000000000003,27.3,82.04
2020,9,29,18,45,0,0,3.8000000000000003,27.200000000000003,84.29
2020,9,29,19,0,0,0,3.8000000000000003,27.200000000000003,84.29
2020,9,29,19,15,0,0,3.8000000000000003,27.200000000000003,84.29
2020,9,29,19,30,0,0,3.8000000000000003,27.200000000000003,84.29
2020,9,29,19,45,0,0,3.8000000000000003,27.200000000000003,84.29
2020,9,29,20,0,0,0,3.8000000000000003,27.1,86.05
2020,9,29,20,15,0,0,3.8000000000000003,27.1,86.05
2020,9,29,20,30,0,0,3.8000000000000003,27.1,86.14
2020,9,29,20,45,0,0,3.7,27.1,86.84
2020,9,29,21,0,0,0,3.7,27,87.35000000000001
2020,9,29,21,15,0,0,3.7,27,87.35000000000001
2020,9,29,21,30,0,0,3.7,27,87.35000000000001
2020,9,29,21,45,0,0,3.7,27,87.98
2020,9,29,22,0,0,0,3.6,27,87.98
2020,9,29,22,15,0,0,3.6,27,87.89
2020,9,29,22,30,0,0,3.6,27,87.89
2020,9,29,22,45,0,0,3.6,27,88.27
2020,9,29,23,0,0,0,3.5,26.900000000000002,88.79
2020,9,29,23,15,0,0,3.5,26.900000000000002,88.79
2020,9,29,23,30,0,0,3.5,26.900000000000002,88.79
2020,9,29,23,45,0,0,3.5,26.900000000000002,88.88
2020,9,30,0,0,0,0,3.5,26.900000000000002,88.88
2020,9,30,0,15,0,0,3.4000000000000004,26.900000000000002,88.88
2020,9,30,0,30,0,0,3.4000000000000004,26.900000000000002,88.88
2020,9,30,0,45,0,0,3.4000000000000004,26.8,89.25
2020,9,30,1,0,0,0,3.3000000000000003,26.8,89.25
2020,9,30,1,15,0,0,3.3000000000000003,26.8,89.25
2020,9,30,1,30,0,0,3.3000000000000003,26.8,89.25
2020,9,30,1,45,0,0,3.3000000000000003,26.8,89.16
2020,9,30,2,0,0,0,3.2,26.8,89.07000000000001
2020,9,30,2,15,0,0,3.3000000000000003,26.700000000000003,89.59
2020,9,30,2,30,0,0,3.3000000000000003,26.700000000000003,89.68
2020,9,30,2,45,0,0,3.3000000000000003,26.700000000000003,89.75
2020,9,30,3,0,0,0,3.3000000000000003,26.700000000000003,89.75
2020,9,30,3,15,0,0,3.3000000000000003,26.700000000000003,89.75
2020,9,30,3,30,0,0,3.4000000000000004,26.6,90.28
2020,9,30,3,45,0,0,3.4000000000000004,26.6,90.29
2020,9,30,4,0,0,0,3.5,26.6,90.29
2020,9,30,4,15,0,0,3.6,26.6,90.29
2020,9,30,4,30,0,0,3.6,26.6,90.29
2020,9,30,4,45,0,0,3.7,26.6,90.78
2020,9,30,5,0,0,0,3.8000000000000003,26.6,90.88
2020,9,30,5,15,0,0,3.8000000000000003,26.6,90.88
2020,9,30,5,30,0,0,3.9000000000000004,26.6,90.88
2020,9,30,5,45,0,0,3.9000000000000004,26.6,91.63
2020,9,30,6,0,0,0,4,26.700000000000003,91.09
2020,9,30,6,15,0,0,4,26.8,90.56
2020,9,30,6,30,17,0,4.1000000000000005,26.900000000000002,90.03
2020,9,30,6,45,41,24,4.1000000000000005,27,91
2020,9,30,7,0,84,118,4.2,27.1,90.56
2020,9,30,7,15,97,44,4.3,27.200000000000003,90.03
2020,9,30,7,30,162,164,4.3,27.3,89.51
2020,9,30,7,45,265,449,4.4,27.400000000000002,88.99
2020,9,30,8,0,242,180,4.5,27.5,88.47
2020,9,30,8,15,14,0,4.5,27.700000000000003,87.45
2020,9,30,8,30,11,0,4.6000000000000005,27.8,86.94
2020,9,30,8,45,13,0,4.7,27.900000000000002,84.96000000000001
2020,9,30,9,0,126,0,4.800000000000001,28.1,83.98
2020,9,30,9,15,138,0,4.800000000000001,28.200000000000003,83.49
2020,9,30,9,30,112,0,4.9,28.3,83.01
2020,9,30,9,45,142,0,4.9,28.400000000000002,81.51
2020,9,30,10,0,310,24,5,28.5,81.04
2020,9,30,10,15,256,12,5,28.6,80.57000000000001
2020,9,30,10,30,338,24,5,28.700000000000003,80.11
2020,9,30,10,45,537,123,5.1000000000000005,28.8,79.14
2020,9,30,11,0,584,153,5.1000000000000005,28.8,79.14
2020,9,30,11,15,626,184,5.1000000000000005,28.900000000000002,78.69
2020,9,30,11,30,568,116,5.1000000000000005,28.900000000000002,78.61
2020,9,30,11,45,662,203,5.2,29,77.93
2020,9,30,12,0,718,272,5.2,29,77.93
2020,9,30,12,15,742,306,5.2,29,77.93
2020,9,30,12,30,944,859,5.2,29,77.93
2020,9,30,12,45,696,249,5.2,29.1,76.86
2020,9,30,13,0,700,268,5.2,29.1,76.86
2020,9,30,13,15,376,27,5.2,29.1,76.86
2020,9,30,13,30,256,12,5.2,29,77.3
2020,9,30,13,45,664,292,5.2,29,76.61
2020,9,30,14,0,664,336,5.2,29,76.61
2020,9,30,14,15,581,238,5.2,28.900000000000002,77.05
2020,9,30,14,30,537,214,5.1000000000000005,28.900000000000002,77.05
2020,9,30,14,45,330,38,5.1000000000000005,28.8,77.07000000000001
2020,9,30,15,0,662,760,5.1000000000000005,28.8,77.07000000000001
2020,9,30,15,15,185,4,5,28.700000000000003,77.52
2020,9,30,15,30,290,56,5,28.6,77.97
2020,9,30,15,45,140,0,4.9,28.5,78.58
2020,9,30,16,0,447,643,4.9,28.5,78.58
2020,9,30,16,15,389,605,4.800000000000001,28.400000000000002,79.03
2020,9,30,16,30,13,0,4.7,28.200000000000003,79.96000000000001
2020,9,30,16,45,80,0,4.6000000000000005,28.1,81.41
2020,9,30,17,0,97,2,4.5,28,81.88
2020,9,30,17,15,61,0,4.5,27.900000000000002,82.44
2020,9,30,17,30,68,62,4.4,27.8,82.92
2020,9,30,17,45,17,0,4.4,27.6,85.56
2020,9,30,18,0,15,0,4.3,27.5,86.06
2020,9,30,18,15,0,0,4.3,27.5,86.06
2020,9,30,18,30,0,0,4.4,27.400000000000002,86.56
2020,9,30,18,45,0,0,4.4,27.400000000000002,87.66
2020,9,30,19,0,0,0,4.4,27.400000000000002,87.66
2020,9,30,19,15,0,0,4.4,27.400000000000002,87.66
2020,9,30,19,30,0,0,4.4,27.400000000000002,87.66
2020,9,30,19,45,0,0,4.4,27.400000000000002,87.66
2020,9,30,20,0,0,0,4.5,27.3,89.05
2020,9,30,20,15,0,0,4.5,27.200000000000003,89.57000000000001
2020,9,30,20,30,0,0,4.5,27.200000000000003,89.57000000000001
2020,9,30,20,45,0,0,4.5,27.200000000000003,90.4
2020,9,30,21,0,0,0,4.5,27.1,90.93
2020,9,30,21,15,0,0,4.4,27.1,90.93
2020,9,30,21,30,0,0,4.4,27,91.46000000000001
2020,9,30,21,45,0,0,4.3,27,92.51
2020,9,30,22,0,0,0,4.3,27,92.42
2020,9,30,22,15,0,0,4.2,26.900000000000002,92.96000000000001
2020,9,30,22,30,0,0,4.2,26.900000000000002,92.96000000000001
2020,9,30,22,45,0,0,4.2,26.900000000000002,93.21000000000001
2020,9,30,23,0,0,0,4.2,26.8,93.76
2020,9,30,23,15,0,0,4.2,26.8,93.76
2020,9,30,23,30,0,0,4.2,26.8,93.76
2020,9,30,23,45,0,0,4.2,26.700000000000003,93.35000000000001
2020,10,1,0,0,0,0,4.2,26.700000000000003,93.26
2020,10,1,0,15,0,0,4.2,26.700000000000003,93.26
2020,10,1,0,30,0,0,4.2,26.700000000000003,93.26
2020,10,1,0,45,0,0,4.2,26.6,92.48
2020,10,1,1,0,0,0,4.2,26.6,92.48
2020,10,1,1,15,0,0,4.2,26.6,92.48
2020,10,1,1,30,0,0,4.2,26.6,92.48
2020,10,1,1,45,0,0,4.2,26.5,92.11
2020,10,1,2,0,0,0,4.2,26.5,92.02
2020,10,1,2,15,0,0,4.2,26.5,92.02
2020,10,1,2,30,0,0,4.2,26.400000000000002,92.56
2020,10,1,2,45,0,0,4.2,26.400000000000002,91.96000000000001
2020,10,1,3,0,0,0,4.2,26.400000000000002,91.96000000000001
2020,10,1,3,15,0,0,4.2,26.400000000000002,91.96000000000001
2020,10,1,3,30,0,0,4.1000000000000005,26.3,92.5
2020,10,1,3,45,0,0,4.1000000000000005,26.3,92.35000000000001
2020,10,1,4,0,0,0,4.1000000000000005,26.3,92.35000000000001
2020,10,1,4,15,0,0,4.2,26.3,92.45
2020,10,1,4,30,0,0,4.2,26.3,92.45
2020,10,1,4,45,0,0,4.2,26.3,92.16
2020,10,1,5,0,0,0,4.2,26.3,92.16
2020,10,1,5,15,0,0,4.2,26.3,92.16
2020,10,1,5,30,0,0,4.3,26.3,92.16
2020,10,1,5,45,0,0,4.3,26.3,92.11
2020,10,1,6,0,0,0,4.3,26.3,92.11
2020,10,1,6,15,0,0,4.4,26.400000000000002,91.66
2020,10,1,6,30,20,11,4.4,26.6,90.59
2020,10,1,6,45,44,46,4.4,26.700000000000003,91.09
2020,10,1,7,0,89,156,4.5,26.8,90.56
2020,10,1,7,15,157,254,4.5,26.900000000000002,90.03
2020,10,1,7,30,135,73,4.6000000000000005,27,89.5
2020,10,1,7,45,269,388,4.6000000000000005,27.1,88.98
2020,10,1,8,0,327,444,4.7,27.200000000000003,88.55
2020,10,1,8,15,384,492,4.800000000000001,27.3,88.04
2020,10,1,8,30,425,511,4.9,27.5,87.02
2020,10,1,8,45,428,360,4.9,27.6,85.15
2020,10,1,9,0,493,423,5,27.700000000000003,84.66
2020,10,1,9,15,494,317,5.1000000000000005,27.8,84.17
2020,10,1,9,30,580,439,5.1000000000000005,27.900000000000002,83.68
2020,10,1,9,45,623,461,5.2,28,81.76
2020,10,1,10,0,582,281,5.2,28.1,81.29
2020,10,1,10,15,653,361,5.2,28.200000000000003,80.82000000000001
2020,10,1,10,30,650,303,5.2,28.3,80.27
2020,10,1,10,45,613,211,5.2,28.3,79.45
2020,10,1,11,0,376,29,5.2,28.400000000000002,78.99
2020,10,1,11,15,751,387,5.1000000000000005,28.400000000000002,78.99
2020,10,1,11,30,316,17,5.1000000000000005,28.400000000000002,78.99
2020,10,1,11,45,370,24,5.1000000000000005,28.400000000000002,78.92
2020,10,1,12,0,407,31,5.1000000000000005,28.5,78.47
2020,10,1,12,15,313,16,5.1000000000000005,28.5,78.47
2020,10,1,12,30,303,16,5.1000000000000005,28.5,78.39
2020,10,1,12,45,644,185,5.1000000000000005,28.5,78.60000000000001
2020,10,1,13,0,730,319,5.1000000000000005,28.5,78.60000000000001
2020,10,1,13,15,719,324,5.2,28.400000000000002,79.05
2020,10,1,13,30,668,270,5.2,28.400000000000002,79.05
2020,10,1,13,45,560,152,5.2,28.400000000000002,79.25
2020,10,1,14,0,589,216,5.300000000000001,28.3,79.63
2020,10,1,14,15,655,379,5.300000000000001,28.3,79.63
2020,10,1,14,30,639,431,5.4,28.200000000000003,80.10000000000001
2020,10,1,14,45,610,448,5.4,28.200000000000003,80.60000000000001
2020,10,1,15,0,464,201,5.4,28.1,81.07000000000001
2020,10,1,15,15,487,321,5.4,28.1,81.07000000000001
2020,10,1,15,30,416,248,5.4,28,81.55
2020,10,1,15,45,350,187,5.4,27.900000000000002,83.05
2020,10,1,16,0,352,294,5.4,27.8,83.53
2020,10,1,16,15,253,137,5.300000000000001,27.700000000000003,84.02
2020,10,1,16,30,269,309,5.300000000000001,27.6,84.51
2020,10,1,16,45,222,294,5.2,27.5,86.69
2020,10,1,17,0,163,209,5.1000000000000005,27.3,87.71000000000001
2020,10,1,17,15,125,215,5.1000000000000005,27.3,87.71000000000001
2020,10,1,17,30,72,91,5,27.200000000000003,88.22
2020,10,1,17,45,41,70,5,27.1,90.21000000000001
2020,10,1,18,0,14,0,4.9,27,90.74
2020,10,1,18,15,0,0,4.9,27,90.74
2020,10,1,18,30,0,0,4.9,26.900000000000002,91.27
2020,10,1,18,45,0,0,4.9,26.900000000000002,92.06
2020,10,1,19,0,0,0,4.800000000000001,26.900000000000002,92.06
2020,10,1,19,15,0,0,4.800000000000001,26.900000000000002,92.06
2020,10,1,19,30,0,0,4.800000000000001,26.900000000000002,92.06
2020,10,1,19,45,0,0,4.800000000000001,26.900000000000002,92.06
2020,10,1,20,0,0,0,4.7,26.900000000000002,92.53
2020,10,1,20,15,0,0,4.7,26.900000000000002,92.53
2020,10,1,20,30,0,0,4.6000000000000005,26.900000000000002,92.53
2020,10,1,20,45,0,0,4.6000000000000005,26.8,93
2020,10,1,21,0,0,0,4.5,26.8,93
2020,10,1,21,15,0,0,4.5,26.8,93
2020,10,1,21,30,0,0,4.4,26.8,93
2020,10,1,21,45,0,0,4.4,26.700000000000003,92.83
2020,10,1,22,0,0,0,4.3,26.700000000000003,92.83
2020,10,1,22,15,0,0,4.3,26.6,93.38
2020,10,1,22,30,0,0,4.3,26.6,93.38
2020,10,1,22,45,0,0,4.3,26.6,92.13
2020,10,1,23,0,0,0,4.3,26.6,92.13
2020,10,1,23,15,0,0,4.3,26.5,92.67
2020,10,1,23,30,0,0,4.2,26.5,92.67
2020,10,1,23,45,0,0,4.2,26.5,91.08
2020,10,2,0,0,0,0,4.2,26.400000000000002,91.62
2020,10,2,0,15,0,0,4.2,26.400000000000002,91.62
2020,10,2,0,30,0,0,4.2,26.400000000000002,91.62
2020,10,2,0,45,0,0,4.2,26.400000000000002,90.19
2020,10,2,1,0,0,0,4.2,26.3,90.63
2020,10,2,1,15,0,0,4.3,26.3,90.63
2020,10,2,1,30,0,0,4.3,26.3,90.63
2020,10,2,1,45,0,0,4.4,26.3,88.01
2020,10,2,2,0,0,0,4.4,26.3,88.01
2020,10,2,2,15,0,0,4.4,26.3,88.01
2020,10,2,2,30,0,0,4.4,26.200000000000003,88.53
2020,10,2,2,45,0,0,4.4,26.200000000000003,86.8
2020,10,2,3,0,0,0,4.4,26.200000000000003,86.8
2020,10,2,3,15,0,0,4.4,26.200000000000003,86.8
2020,10,2,3,30,0,0,4.3,26.200000000000003,86.8
2020,10,2,3,45,0,0,4.3,26.1,86.17
2020,10,2,4,0,0,0,4.3,26.1,86.17
2020,10,2,4,15,0,0,4.3,26.1,86.17
2020,10,2,4,30,0,0,4.3,26.1,86.17
2020,10,2,4,45,0,0,4.3,26,85.92
2020,10,2,5,0,0,0,4.3,26,85.92
2020,10,2,5,15,0,0,4.3,26,86.01
2020,10,2,5,30,0,0,4.3,26,86.01
2020,10,2,5,45,0,0,4.3,26,86.06
2020,10,2,6,0,0,0,4.3,26.1,85.56
2020,10,2,6,15,0,0,4.4,26.200000000000003,85.06
2020,10,2,6,30,18,0,4.4,26.400000000000002,84.06
2020,10,2,6,45,50,94,4.5,26.5,85.44
2020,10,2,7,0,87,143,4.5,26.700000000000003,84.45
2020,10,2,7,15,135,222,4.6000000000000005,26.8,83.95
2020,10,2,7,30,174,218,4.6000000000000005,27,82.98
2020,10,2,7,45,259,423,4.7,27.1,83.06
2020,10,2,8,0,328,525,4.800000000000001,27.3,82.17
2020,10,2,8,15,389,580,4.9,27.400000000000002,81.7
2020,10,2,8,30,395,399,4.9,27.6,80.75
2020,10,2,8,45,428,362,5,27.700000000000003,79.49
2020,10,2,9,0,478,382,5.1000000000000005,27.8,79.03
2020,10,2,9,15,508,353,5.2,27.900000000000002,78.57000000000001
2020,10,2,9,30,570,405,5.2,28,78.11
2020,10,2,9,45,515,221,5.2,28.1,78.02
2020,10,2,10,0,613,344,5.300000000000001,28.200000000000003,77.57000000000001
2020,10,2,10,15,541,178,5.300000000000001,28.200000000000003,77.57000000000001
2020,10,2,10,30,625,264,5.300000000000001,28.200000000000003,77.57000000000001
2020,10,2,10,45,429,51,5.4,28.3,77.82000000000001
2020,10,2,11,0,451,56,5.4,28.3,77.82000000000001
2020,10,2,11,15,615,174,5.4,28.3,77.82000000000001
2020,10,2,11,30,448,46,5.4,28.3,77.82000000000001
2020,10,2,11,45,370,24,5.4,28.3,78.27
2020,10,2,12,0,473,53,5.4,28.3,78.27
2020,10,2,12,15,401,30,5.4,28.3,78.27
2020,10,2,12,30,625,161,5.4,28.200000000000003,78.72
2020,10,2,12,45,480,58,5.4,28.200000000000003,78.17
2020,10,2,13,0,489,66,5.4,28.200000000000003,78.17
2020,10,2,13,15,341,21,5.4,28.200000000000003,78.17
2020,10,2,13,30,37,0,5.5,28.1,78.62
2020,10,2,13,45,233,10,5.5,28.1,77.75
2020,10,2,14,0,228,10,5.5,28.1,77.75
2020,10,2,14,15,157,2,5.4,28.1,77.75
2020,10,2,14,30,311,25,5.4,28,78.2
2020,10,2,14,45,369,62,5.4,28,77.23
2020,10,2,15,0,436,161,5.4,27.900000000000002,77.60000000000001
2020,10,2,15,15,324,66,5.4,27.900000000000002,77.60000000000001
2020,10,2,15,30,193,7,5.300000000000001,27.8,78.14
2020,10,2,15,45,206,17,5.300000000000001,27.700000000000003,78.22
2020,10,2,16,0,58,0,5.300000000000001,27.700000000000003,78.22
2020,10,2,16,15,93,0,5.2,27.6,78.67
2020,10,2,16,30,81,0,5.1000000000000005,27.400000000000002,79.60000000000001
2020,10,2,16,45,79,0,5.1000000000000005,27.3,80.5
2020,10,2,17,0,38,0,5,27.200000000000003,80.97
2020,10,2,17,15,116,171,4.9,27.1,81.45
2020,10,2,17,30,31,0,4.800000000000001,27,81.93
2020,10,2,17,45,34,25,4.7,26.8,84.25
2020,10,2,18,0,12,0,4.6000000000000005,26.700000000000003,84.74
2020,10,2,18,15,0,0,4.6000000000000005,26.700000000000003,84.74
2020,10,2,18,30,0,0,4.6000000000000005,26.6,85.24
2020,10,2,18,45,0,0,4.6000000000000005,26.6,86.23
2020,10,2,19,0,0,0,4.6000000000000005,26.5,86.74
2020,10,2,19,15,0,0,4.6000000000000005,26.5,86.74
2020,10,2,19,30,0,0,4.6000000000000005,26.5,86.74
2020,10,2,19,45,0,0,4.6000000000000005,26.5,86.74
2020,10,2,20,0,0,0,4.6000000000000005,26.400000000000002,87.68
2020,10,2,20,15,0,0,4.6000000000000005,26.400000000000002,87.68
2020,10,2,20,30,0,0,4.6000000000000005,26.400000000000002,87.68
2020,10,2,20,45,0,0,4.6000000000000005,26.3,88.11
2020,10,2,21,0,0,0,4.6000000000000005,26.3,88.11
2020,10,2,21,15,0,0,4.6000000000000005,26.200000000000003,88.63
2020,10,2,21,30,0,0,4.6000000000000005,26.200000000000003,88.63
2020,10,2,21,45,0,0,4.5,26.200000000000003,88.02
2020,10,2,22,0,0,0,4.5,26.1,88.54
2020,10,2,22,15,0,0,4.5,26.1,88.54
2020,10,2,22,30,0,0,4.4,26,89.06
2020,10,2,22,45,0,0,4.4,26,88.43
2020,10,2,23,0,0,0,4.3,25.900000000000002,88.96000000000001
2020,10,2,23,15,0,0,4.3,25.900000000000002,88.96000000000001
2020,10,2,23,30,0,0,4.3,25.900000000000002,88.96000000000001
2020,10,2,23,45,0,0,4.3,25.8,88.44
2020,10,3,0,0,0,0,4.2,25.8,88.44
2020,10,3,0,15,0,0,4.2,25.700000000000003,88.88
2020,10,3,0,30,0,0,4.2,25.700000000000003,88.88
2020,10,3,0,45,0,0,4.2,25.700000000000003,87.27
2020,10,3,1,0,0,0,4.2,25.6,87.79
2020,10,3,1,15,0,0,4.2,25.6,87.79
2020,10,3,1,30,0,0,4.2,25.6,87.79
2020,10,3,1,45,0,0,4.1000000000000005,25.6,86.55
2020,10,3,2,0,0,0,4.1000000000000005,25.5,87.06
2020,10,3,2,15,0,0,4.1000000000000005,25.5,87.06
2020,10,3,2,30,0,0,4,25.5,87.06
2020,10,3,2,45,0,0,4,25.5,86.22
2020,10,3,3,0,0,0,4,25.400000000000002,86.64
2020,10,3,3,15,0,0,3.9000000000000004,25.400000000000002,86.64
2020,10,3,3,30,0,0,3.9000000000000004,25.400000000000002,86.64
2020,10,3,3,45,0,0,3.9000000000000004,25.400000000000002,85.92
2020,10,3,4,0,0,0,3.8000000000000003,25.3,86.43
2020,10,3,4,15,0,0,3.8000000000000003,25.3,86.43
2020,10,3,4,30,0,0,3.7,25.3,86.43
2020,10,3,4,45,0,0,3.7,25.3,85.94
2020,10,3,5,0,0,0,3.6,25.3,85.94
2020,10,3,5,15,0,0,3.6,25.3,85.94
2020,10,3,5,30,0,0,3.6,25.3,85.94
2020,10,3,5,45,0,0,3.6,25.3,85.81
2020,10,3,6,0,0,0,3.5,25.3,85.81
2020,10,3,6,15,0,0,3.6,25.400000000000002,85.31
2020,10,3,6,30,15,0,3.7,25.5,84.8
2020,10,3,6,45,43,40,3.8000000000000003,25.700000000000003,85.03
2020,10,3,7,0,115,348,3.9000000000000004,25.8,84.62
2020,10,3,7,15,108,88,4,25.900000000000002,84.12
2020,10,3,7,30,123,44,4.1000000000000005,26,83.63
2020,10,3,7,45,118,2,4.2,26.200000000000003,82.31
2020,10,3,8,0,238,172,4.4,26.3,81.83
2020,10,3,8,15,187,28,4.4,26.400000000000002,81.43
2020,10,3,8,30,223,39,4.5,26.5,80.95
2020,10,3,8,45,182,6,4.5,26.6,79.06
2020,10,3,9,0,348,116,4.6000000000000005,26.700000000000003,78.59
2020,10,3,9,15,542,454,4.6000000000000005,26.8,78.13
2020,10,3,9,30,409,116,4.6000000000000005,26.900000000000002,77.68
2020,10,3,9,45,480,170,4.6000000000000005,26.900000000000002,76.67
2020,10,3,10,0,582,288,4.6000000000000005,27,76.22
2020,10,3,10,15,495,126,4.6000000000000005,27,76.22
2020,10,3,10,30,430,60,4.6000000000000005,27,76.22
2020,10,3,10,45,378,33,4.6000000000000005,27,75.63
2020,10,3,11,0,235,11,4.6000000000000005,27.1,75.19
2020,10,3,11,15,362,24,4.6000000000000005,27,75.63
2020,10,3,11,30,375,26,4.6000000000000005,27,75.63
2020,10,3,11,45,367,24,4.5,27,75.24
2020,10,3,12,0,431,38,4.5,27,75.17
2020,10,3,12,15,578,118,4.4,26.900000000000002,75.61
2020,10,3,12,30,567,110,4.4,26.8,76.05
2020,10,3,12,45,626,170,4.3,26.8,75.64
2020,10,3,13,0,549,106,4.2,26.700000000000003,76.09
2020,10,3,13,15,495,76,4.1000000000000005,26.6,76.54
2020,10,3,13,30,440,53,4.1000000000000005,26.5,76.99
2020,10,3,13,45,371,32,4,26.400000000000002,77.29
2020,10,3,14,0,352,30,3.9000000000000004,26.3,77.74
2020,10,3,14,15,234,10,3.9000000000000004,26.200000000000003,78.2
2020,10,3,14,30,242,11,3.8000000000000003,26.1,78.66
2020,10,3,14,45,379,71,3.7,25.900000000000002,79.95
2020,10,3,15,0,194,6,3.7,25.8,80.43
2020,10,3,15,15,132,0,3.7,25.700000000000003,80.9
2020,10,3,15,30,26,0,3.6,25.6,81.38
2020,10,3,15,45,46,0,3.6,25.5,82.93
2020,10,3,16,0,77,0,3.6,25.400000000000002,83.43
2020,10,3,16,15,41,0,3.6,25.400000000000002,83.43
2020,10,3,16,30,115,0,3.6,25.3,83.92
2020,10,3,16,45,68,0,3.6,25.200000000000003,86.06
2020,10,3,17,0,44,0,3.6,25.200000000000003,86.15
2020,10,3,17,15,47,0,3.6,25.1,86.66
2020,10,3,17,30,28,0,3.6,25.1,86.66
2020,10,3,17,45,20,0,3.6,25.1,87.71000000000001
2020,10,3,18,0,7,0,3.7,25.1,87.71000000000001
2020,10,3,18,15,0,0,3.7,25.1,87.71000000000001
2020,10,3,18,30,0,0,3.7,25.1,87.71000000000001
2020,10,3,18,45,0,0,3.8000000000000003,25.200000000000003,87.7
2020,10,3,19,0,0,0,3.8000000000000003,25.200000000000003,87.7
2020,10,3,19,15,0,0,3.8000000000000003,25.200000000000003,87.7
2020,10,3,19,30,0,0,3.8000000000000003,25.200000000000003,87.7
2020,10,3,19,45,0,0,3.8000000000000003,25.200000000000003,87.7
2020,10,3,20,0,0,0,3.8000000000000003,25.400000000000002,86.98
2020,10,3,20,15,0,0,3.8000000000000003,25.400000000000002,86.98
2020,10,3,20,30,0,0,3.7,25.5,86.47
2020,10,3,20,45,0,0,3.7,25.5,86.52
2020,10,3,21,0,0,0,3.7,25.5,86.52
2020,10,3,21,15,0,0,3.6,25.5,86.52
2020,10,3,21,30,0,0,3.6,25.5,86.52
2020,10,3,21,45,0,0,3.5,25.6,86.05
2020,10,3,22,0,0,0,3.5,25.6,86.05
2020,10,3,22,15,0,0,3.5,25.6,86.05
2020,10,3,22,30,0,0,3.5,25.5,86.56
2020,10,3,22,45,0,0,3.4000000000000004,25.5,86.72
2020,10,3,23,0,0,0,3.4000000000000004,25.5,86.72
2020,10,3,23,15,0,0,3.5,25.5,86.72
2020,10,3,23,30,0,0,3.5,25.5,86.72
2020,10,3,23,45,0,0,3.5,25.5,86.81
2020,10,4,0,0,0,0,3.5,25.400000000000002,87.32000000000001
2020,10,4,0,15,0,0,3.6,25.400000000000002,87.23
2020,10,4,0,30,0,0,3.6,25.400000000000002,87.23
2020,10,4,0,45,0,0,3.6,25.400000000000002,87.25
2020,10,4,1,0,0,0,3.6,25.3,87.77
2020,10,4,1,15,0,0,3.6,25.3,87.77
2020,10,4,1,30,0,0,3.6,25.3,87.77
2020,10,4,1,45,0,0,3.6,25.3,87.62
2020,10,4,2,0,0,0,3.6,25.3,87.62
2020,10,4,2,15,0,0,3.6,25.200000000000003,88.14
2020,10,4,2,30,0,0,3.6,25.200000000000003,88.14
2020,10,4,2,45,0,0,3.6,25.200000000000003,88.13
2020,10,4,3,0,0,0,3.6,25.200000000000003,88.13
2020,10,4,3,15,0,0,3.5,25.1,88.65
2020,10,4,3,30,0,0,3.5,25.1,88.65
2020,10,4,3,45,0,0,3.5,25.1,88.29
2020,10,4,4,0,0,0,3.5,25.1,88.29
2020,10,4,4,15,0,0,3.5,25.1,88.29
2020,10,4,4,30,0,0,3.5,25.1,88.29
2020,10,4,4,45,0,0,3.5,25,88.19
2020,10,4,5,0,0,0,3.4000000000000004,25,88.19
2020,10,4,5,15,0,0,3.4000000000000004,25,88.19
2020,10,4,5,30,0,0,3.4000000000000004,25,88.19
2020,10,4,5,45,0,0,3.4000000000000004,25,88.56
2020,10,4,6,0,0,0,3.4000000000000004,25,88.56
2020,10,4,6,15,0,0,3.4000000000000004,25.1,88.13
2020,10,4,6,30,13,0,3.4000000000000004,25.200000000000003,87.61
2020,10,4,6,45,22,0,3.4000000000000004,25.3,88.87
2020,10,4,7,0,14,0,3.4000000000000004,25.400000000000002,88.34
2020,10,4,7,15,12,0,3.4000000000000004,25.5,87.82000000000001
2020,10,4,7,30,13,0,3.5,25.6,87.3
2020,10,4,7,45,106,0,3.5,25.8,87.22
2020,10,4,8,0,51,0,3.6,25.900000000000002,86.71000000000001
2020,10,4,8,15,123,0,3.6,26,86.29
2020,10,4,8,30,265,88,3.6,26.1,85.78
2020,10,4,8,45,160,0,3.6,26.200000000000003,85.07000000000001
2020,10,4,9,0,151,0,3.6,26.3,84.57000000000001
2020,10,4,9,15,268,27,3.6,26.400000000000002,84.08
2020,10,4,9,30,202,7,3.6,26.6,83.09
2020,10,4,9,45,338,41,3.6,26.700000000000003,81.55
2020,10,4,10,0,445,101,3.5,26.8,81.07000000000001
2020,10,4,10,15,389,48,3.5,27,80.13
2020,10,4,10,30,429,60,3.5,27.1,79.66
2020,10,4,10,45,510,104,3.5,27.200000000000003,78.52
2020,10,4,11,0,417,42,3.5,27.3,78.06
2020,10,4,11,15,569,131,3.6,27.400000000000002,77.61
2020,10,4,11,30,483,63,3.6,27.5,77.16
2020,10,4,11,45,668,220,3.6,27.6,76.88
2020,10,4,12,0,362,23,3.6,27.700000000000003,76.43
2020,10,4,12,15,514,74,3.6,27.8,75.91
2020,10,4,12,30,539,91,3.6,27.900000000000002,75.47
2020,10,4,12,45,413,34,3.6,27.900000000000002,76.02
2020,10,4,13,0,544,104,3.6,28,75.58
2020,10,4,13,15,585,151,3.7,28,75.58
2020,10,4,13,30,539,121,3.7,28,75.5
2020,10,4,13,45,439,60,3.7,28,76.2
2020,10,4,14,0,386,42,3.7,28,76.2
2020,10,4,14,15,363,39,3.8000000000000003,27.900000000000002,76.64
2020,10,4,14,30,275,17,3.8000000000000003,27.900000000000002,76.64
2020,10,4,14,45,265,17,3.8000000000000003,27.8,78.18
2020,10,4,15,0,245,15,3.9000000000000004,27.8,78.18
2020,10,4,15,15,277,35,3.9000000000000004,27.700000000000003,78.64
2020,10,4,15,30,305,77,3.9000000000000004,27.6,79.10000000000001
2020,10,4,15,45,249,49,4,27.5,80.79
2020,10,4,16,0,175,11,4,27.400000000000002,81.27
2020,10,4,16,15,107,0,4,27.200000000000003,82.22
2020,10,4,16,30,257,290,4,27.1,82.7
2020,10,4,16,45,167,111,4,27,84.4
2020,10,4,17,0,149,177,4,26.900000000000002,84.89
2020,10,4,17,15,115,191,3.9000000000000004,26.700000000000003,85.89
2020,10,4,17,30,62,63,3.8000000000000003,26.5,86.91
2020,10,4,17,45,15,0,3.7,26.400000000000002,88.92
2020,10,4,18,0,6,0,3.6,26.200000000000003,89.98
2020,10,4,18,15,0,0,3.6,26.200000000000003,89.98
2020,10,4,18,30,0,0,3.6,26.1,90.51
2020,10,4,18,45,0,0,3.6,26.1,91.31
2020,10,4,19,0,0,0,3.6,26,91.85000000000001
2020,10,4,19,15,0,0,3.6,26,91.85000000000001
2020,10,4,19,30,0,0,3.6,26,91.85000000000001
2020,10,4,19,45,0,0,3.6,26,91.85000000000001
2020,10,4,20,0,0,0,3.7,26,91.9
2020,10,4,20,15,0,0,3.7,26,91.9
2020,10,4,20,30,0,0,3.7,26,91.9
2020,10,4,20,45,0,0,3.7,26,92.06
2020,10,4,21,0,0,0,3.7,26,92.06
2020,10,4,21,15,0,0,3.7,26,92.06
2020,10,4,21,30,0,0,3.7,26,92.06
2020,10,4,21,45,0,0,3.7,26.1,91.72
2020,10,4,22,0,0,0,3.7,26.1,91.72
2020,10,4,22,15,0,0,3.7,26,92.26
2020,10,4,22,30,0,0,3.7,26,92.26
2020,10,4,22,45,0,0,3.6,26,92.48
2020,10,4,23,0,0,0,3.6,26,92.48
2020,10,4,23,15,0,0,3.6,26,92.48
2020,10,4,23,30,0,0,3.5,26,92.48
2020,10,4,23,45,0,0,3.5,25.900000000000002,92.88
2020,10,5,0,0,0,0,3.4000000000000004,25.900000000000002,92.88
2020,10,5,0,15,0,0,3.4000000000000004,25.900000000000002,92.88
2020,10,5,0,30,0,0,3.4000000000000004,25.900000000000002,92.88
2020,10,5,0,45,0,0,3.4000000000000004,25.900000000000002,92.59
2020,10,5,1,0,0,0,3.4000000000000004,25.900000000000002,92.59
2020,10,5,1,15,0,0,3.4000000000000004,25.900000000000002,92.59
2020,10,5,1,30,0,0,3.4000000000000004,25.900000000000002,92.59
2020,10,5,1,45,0,0,3.4000000000000004,25.900000000000002,92.04
2020,10,5,2,0,0,0,3.4000000000000004,25.8,92.58
2020,10,5,2,15,0,0,3.4000000000000004,25.8,92.58
2020,10,5,2,30,0,0,3.5,25.8,92.58
2020,10,5,2,45,0,0,3.5,25.8,92.27
2020,10,5,3,0,0,0,3.5,25.8,92.27
2020,10,5,3,15,0,0,3.6,25.8,92.27
2020,10,5,3,30,0,0,3.6,25.8,92.27
2020,10,5,3,45,0,0,3.6,25.8,92.25
2020,10,5,4,0,0,0,3.6,25.700000000000003,92.8
2020,10,5,4,15,0,0,3.7,25.700000000000003,92.8
2020,10,5,4,30,0,0,3.7,25.700000000000003,92.8
2020,10,5,4,45,0,0,3.8000000000000003,25.700000000000003,92.84
2020,10,5,5,0,0,0,3.8000000000000003,25.700000000000003,92.94
2020,10,5,5,15,0,0,3.9000000000000004,25.700000000000003,92.94
2020,10,5,5,30,0,0,3.9000000000000004,25.700000000000003,92.94
2020,10,5,5,45,0,0,3.9000000000000004,25.700000000000003,93.44
2020,10,5,6,0,0,0,4,25.700000000000003,93.44
2020,10,5,6,15,0,0,4.1000000000000005,25.8,92.89
2020,10,5,6,30,14,0,4.2,25.900000000000002,92.35000000000001
2020,10,5,6,45,63,213,4.3,26,93.63
2020,10,5,7,0,62,18,4.4,26.1,93.18
2020,10,5,7,15,167,435,4.5,26.200000000000003,92.63
2020,10,5,7,30,53,0,4.6000000000000005,26.3,92.09
2020,10,5,7,45,21,0,4.6000000000000005,26.400000000000002,91.46000000000001
2020,10,5,8,0,37,0,4.7,26.5,90.92
2020,10,5,8,15,44,0,4.800000000000001,26.700000000000003,89.86
2020,10,5,8,30,163,3,4.9,26.900000000000002,88.82000000000001
2020,10,5,8,45,170,3,5,27,86.7
2020,10,5,9,0,232,19,5,27.200000000000003,85.7
2020,10,5,9,15,276,31,5.1000000000000005,27.400000000000002,84.7
2020,10,5,9,30,246,15,5.1000000000000005,27.5,84.21000000000001
2020,10,5,9,45,70,0,5.2,27.700000000000003,81.8
2020,10,5,10,0,225,9,5.2,27.900000000000002,80.86
2020,10,5,10,15,187,6,5.2,27.900000000000002,80.86
2020,10,5,10,30,220,9,5.2,28,80.39
2020,10,5,10,45,291,16,5.2,28.1,79.08
2020,10,5,11,0,330,20,5.2,28.200000000000003,78.62
2020,10,5,11,15,508,83,5.2,28.200000000000003,78.62
2020,10,5,11,30,431,41,5.2,28.3,78.17
2020,10,5,11,45,556,106,5.2,28.3,77.82000000000001
2020,10,5,12,0,474,55,5.2,28.3,77.82000000000001
2020,10,5,12,15,936,885,5.2,28.3,77.74
2020,10,5,12,30,932,884,5.1000000000000005,28.3,77.74
2020,10,5,12,45,923,878,5.1000000000000005,28.3,77.56
2020,10,5,13,0,910,875,5.1000000000000005,28.3,77.56
2020,10,5,13,15,512,90,5,28.3,77.56
2020,10,5,13,30,494,86,5,28.3,77.56
2020,10,5,13,45,558,159,4.9,28.3,77.18
2020,10,5,14,0,36,0,4.9,28.200000000000003,77.63
2020,10,5,14,15,253,12,4.800000000000001,28.200000000000003,77.63
2020,10,5,14,30,376,56,4.800000000000001,28.1,78.08
2020,10,5,14,45,322,38,4.7,28.1,77.82000000000001
2020,10,5,15,0,383,102,4.7,28,78.28
2020,10,5,15,15,109,0,4.6000000000000005,27.900000000000002,78.73
2020,10,5,15,30,114,0,4.6000000000000005,27.900000000000002,78.73
2020,10,5,15,45,44,0,4.5,27.8,79.3
2020,10,5,16,0,18,0,4.5,27.700000000000003,79.77
2020,10,5,16,15,63,0,4.4,27.5,80.7
2020,10,5,16,30,123,0,4.3,27.400000000000002,81.17
2020,10,5,16,45,62,0,4.2,27.3,82.43
2020,10,5,17,0,45,0,4.1000000000000005,27.1,83.4
2020,10,5,17,15,147,432,4,26.900000000000002,84.38
2020,10,5,17,30,47,0,3.8000000000000003,26.8,84.88
2020,10,5,17,45,28,0,3.7,26.6,87.09
2020,10,5,18,0,8,0,3.6,26.400000000000002,88.12
2020,10,5,18,15,0,0,3.6,26.3,88.64
2020,10,5,18,30,0,0,3.6,26.3,88.64
2020,10,5,18,45,0,0,3.6,26.200000000000003,89.12
2020,10,5,19,0,0,0,3.6,26.200000000000003,89.12
2020,10,5,19,15,0,0,3.6,26.200000000000003,89.12
2020,10,5,19,30,0,0,3.6,26.200000000000003,89.12
2020,10,5,19,45,0,0,3.6,26.200000000000003,89.12
2020,10,5,20,0,0,0,3.6,26,89.82000000000001
2020,10,5,20,15,0,0,3.6,26,89.91
2020,10,5,20,30,0,0,3.6,26,89.91
2020,10,5,20,45,0,0,3.6,26,89.27
2020,10,5,21,0,0,0,3.6,25.900000000000002,89.79
2020,10,5,21,15,0,0,3.6,25.900000000000002,89.79
2020,10,5,21,30,0,0,3.7,25.900000000000002,89.79
2020,10,5,21,45,0,0,3.7,25.8,89.63
2020,10,5,22,0,0,0,3.7,25.8,89.63
2020,10,5,22,15,0,0,3.7,25.8,89.63
2020,10,5,22,30,0,0,3.7,25.700000000000003,90.17
2020,10,5,22,45,0,0,3.7,25.700000000000003,89.66
2020,10,5,23,0,0,0,3.7,25.6,90.19
2020,10,5,23,15,0,0,3.7,25.6,90.19
2020,10,5,23,30,0,0,3.7,25.6,90.19
2020,10,5,23,45,0,0,3.6,25.5,90.05
2020,10,6,0,0,0,0,3.6,25.5,90.05
2020,10,6,0,15,0,0,3.6,25.5,90.05
2020,10,6,0,30,0,0,3.6,25.400000000000002,90.58
2020,10,6,0,45,0,0,3.6,25.400000000000002,89.96000000000001
2020,10,6,1,0,0,0,3.6,25.400000000000002,89.96000000000001
2020,10,6,1,15,0,0,3.6,25.3,90.5
2020,10,6,1,30,0,0,3.6,25.3,90.5
2020,10,6,1,45,0,0,3.6,25.3,90.02
2020,10,6,2,0,0,0,3.6,25.3,90.02
2020,10,6,2,15,0,0,3.7,25.200000000000003,90.47
2020,10,6,2,30,0,0,3.7,25.200000000000003,90.47
2020,10,6,2,45,0,0,3.7,25.200000000000003,90.18
2020,10,6,3,0,0,0,3.7,25.200000000000003,90.18
2020,10,6,3,15,0,0,3.7,25.200000000000003,90.18
2020,10,6,3,30,0,0,3.7,25.1,90.72
2020,10,6,3,45,0,0,3.8000000000000003,25.1,90.49
2020,10,6,4,0,0,0,3.8000000000000003,25.1,90.49
2020,10,6,4,15,0,0,3.8000000000000003,25.1,90.49
2020,10,6,4,30,0,0,3.8000000000000003,25.1,90.58
2020,10,6,4,45,0,0,3.8000000000000003,25.1,90.18
2020,10,6,5,0,0,0,3.8000000000000003,25.1,90.18
2020,10,6,5,15,0,0,3.9000000000000004,25.1,90.18
2020,10,6,5,30,0,0,3.9000000000000004,25.200000000000003,89.64
2020,10,6,5,45,0,0,3.9000000000000004,25.200000000000003,89.51
2020,10,6,6,0,0,0,4,25.200000000000003,89.51
2020,10,6,6,15,0,0,4.1000000000000005,25.400000000000002,88.45
2020,10,6,6,30,28,213,4.1000000000000005,25.6,87.41
2020,10,6,6,45,72,372,4.2,25.8,88.18
2020,10,6,7,0,125,493,4.3,26.1,86.63
2020,10,6,7,15,183,584,4.4,26.3,85.62
2020,10,6,7,30,243,652,4.4,26.5,84.71000000000001
2020,10,6,7,45,303,696,4.5,26.6,82.85000000000001
2020,10,6,8,0,364,739,4.6000000000000005,26.8,81.88
2020,10,6,8,15,425,774,4.6000000000000005,27,80.93
2020,10,6,8,30,482,801,4.6000000000000005,27.200000000000003,79.99
2020,10,6,8,45,538,819,4.6000000000000005,27.400000000000002,77.3
2020,10,6,9,0,593,840,4.7,27.6,76.4
2020,10,6,9,15,645,858,4.7,27.8,75.52
2020,10,6,9,30,693,873,4.7,27.900000000000002,75.08
2020,10,6,9,45,737,881,4.7,28.1,73.49
2020,10,6,10,0,343,36,4.6000000000000005,28.200000000000003,73.06
2020,10,6,10,15,446,85,4.6000000000000005,28.3,72.64
2020,10,6,10,30,450,74,4.6000000000000005,28.400000000000002,72.22
2020,10,6,10,45,452,65,4.6000000000000005,28.5,71.47
2020,10,6,11,0,898,893,4.6000000000000005,28.6,71.06
2020,10,6,11,15,918,897,4.6000000000000005,28.700000000000003,70.65
2020,10,6,11,30,438,44,4.6000000000000005,28.700000000000003,70.65
2020,10,6,11,45,152,3,4.6000000000000005,28.8,70.10000000000001
2020,10,6,12,0,301,16,4.6000000000000005,28.8,70.10000000000001
2020,10,6,12,15,444,43,4.6000000000000005,28.8,70.03
2020,10,6,12,30,584,129,4.6000000000000005,28.8,70.03
2020,10,6,12,45,538,96,4.6000000000000005,28.8,70.02
2020,10,6,13,0,185,7,4.5,28.8,70.02
2020,10,6,13,15,153,3,4.5,28.8,70.02
2020,10,6,13,30,594,182,4.5,28.8,69.95
2020,10,6,13,45,489,96,4.5,28.8,70.13
2020,10,6,14,0,540,166,4.4,28.700000000000003,70.53
2020,10,6,14,15,781,821,4.4,28.700000000000003,70.53
2020,10,6,14,30,740,807,4.4,28.6,70.94
2020,10,6,14,45,698,796,4.3,28.5,71.71000000000001
2020,10,6,15,0,651,779,4.3,28.5,71.71000000000001
2020,10,6,15,15,601,760,4.3,28.400000000000002,72.12
2020,10,6,15,30,549,737,4.2,28.3,72.54
2020,10,6,15,45,495,716,4.2,28.200000000000003,73.61
2020,10,6,16,0,438,684,4.1000000000000005,28.1,74.03
2020,10,6,16,15,379,647,4,27.900000000000002,74.9
2020,10,6,16,30,319,601,3.9000000000000004,27.8,75.33
2020,10,6,16,45,260,552,3.9000000000000004,27.6,77.48
2020,10,6,17,0,201,485,3.8000000000000003,27.5,77.94
2020,10,6,17,15,144,400,3.6,27.3,78.85000000000001
2020,10,6,17,30,90,293,3.5,27.1,79.78
2020,10,6,17,45,44,162,3.4000000000000004,26.8,82.46000000000001
2020,10,6,18,0,12,29,3.3000000000000003,26.6,83.52
2020,10,6,18,15,0,0,3.3000000000000003,26.5,84.01
2020,10,6,18,30,0,0,3.3000000000000003,26.5,84.01
2020,10,6,18,45,0,0,3.2,26.400000000000002,84.75
2020,10,6,19,0,0,0,3.2,26.3,85.25
2020,10,6,19,15,0,0,3.2,26.3,85.25
2020,10,6,19,30,0,0,3.2,26.3,85.25
2020,10,6,19,45,0,0,3.2,26.3,85.25
2020,10,6,20,0,0,0,3.2,26.1,86.26
2020,10,6,20,15,0,0,3.1,26,86.77
2020,10,6,20,30,0,0,3.1,26,86.77
2020,10,6,20,45,0,0,3.1,26,86.66
2020,10,6,21,0,0,0,3.1,25.900000000000002,87.17
2020,10,6,21,15,0,0,3.1,25.900000000000002,87.17
2020,10,6,21,30,0,0,3,25.8,87.68
2020,10,6,21,45,0,0,3,25.8,87.45
2020,10,6,22,0,0,0,3,25.8,87.45
2020,10,6,22,15,0,0,3,25.700000000000003,87.97
2020,10,6,22,30,0,0,3,25.700000000000003,87.97
2020,10,6,22,45,0,0,2.9000000000000004,25.700000000000003,87.73
2020,10,6,23,0,0,0,2.9000000000000004,25.6,88.25
2020,10,6,23,15,0,0,2.9000000000000004,25.6,88.25
2020,10,6,23,30,0,0,2.8000000000000003,25.6,88.25
2020,10,6,23,45,0,0,2.8000000000000003,25.5,88.72
2020,10,7,0,0,0,0,2.7,25.5,88.72
2020,10,7,0,15,0,0,2.7,25.5,88.63
2020,10,7,0,30,0,0,2.7,25.400000000000002,89.16
2020,10,7,0,45,0,0,2.6,25.400000000000002,89.17
2020,10,7,1,0,0,0,2.6,25.400000000000002,89.17
2020,10,7,1,15,0,0,2.6,25.400000000000002,89.17
2020,10,7,1,30,0,0,2.6,25.400000000000002,89.17
2020,10,7,1,45,0,0,2.6,25.400000000000002,89.11
2020,10,7,2,0,0,0,2.6,25.3,89.64
2020,10,7,2,15,0,0,2.6,25.3,89.64
2020,10,7,2,30,0,0,2.6,25.3,89.55
2020,10,7,2,45,0,0,2.6,25.3,89.64
2020,10,7,3,0,0,0,2.6,25.3,89.64
2020,10,7,3,15,0,0,2.6,25.3,89.64
2020,10,7,3,30,0,0,2.6,25.3,89.64
2020,10,7,3,45,0,0,2.7,25.3,89.82000000000001
2020,10,7,4,0,0,0,2.7,25.3,89.82000000000001
2020,10,7,4,15,0,0,2.7,25.3,89.82000000000001
2020,10,7,4,30,0,0,2.8000000000000003,25.3,89.82000000000001
2020,10,7,4,45,0,0,2.8000000000000003,25.3,89.99
2020,10,7,5,0,0,0,2.9000000000000004,25.3,89.99
2020,10,7,5,15,0,0,2.9000000000000004,25.3,89.99
2020,10,7,5,30,0,0,3,25.400000000000002,89.46000000000001
2020,10,7,5,45,0,0,3,25.400000000000002,89.67
2020,10,7,6,0,0,0,3.1,25.400000000000002,89.67
2020,10,7,6,15,0,0,3.1,25.6,88.61
2020,10,7,6,30,23,76,3.2,25.700000000000003,88.09
2020,10,7,6,45,40,27,3.3000000000000003,25.8,89.25
2020,10,7,7,0,112,331,3.4000000000000004,26,88.21000000000001
2020,10,7,7,15,166,424,3.5,26.1,87.69
2020,10,7,7,30,8,0,3.6,26.200000000000003,87.17
2020,10,7,7,45,49,0,3.7,26.400000000000002,86.48
2020,10,7,8,0,183,56,3.8000000000000003,26.5,86.06
2020,10,7,8,15,401,657,3.9000000000000004,26.6,85.56
2020,10,7,8,30,98,0,4,26.700000000000003,85.06
2020,10,7,8,45,59,0,4,26.8,83.65
2020,10,7,9,0,318,83,4.1000000000000005,27,82.68
2020,10,7,9,15,400,149,4.1000000000000005,27.1,82.2
2020,10,7,9,30,421,136,4.1000000000000005,27.200000000000003,81.72
2020,10,7,9,45,366,59,4.1000000000000005,27.400000000000002,79.56
2020,10,7,10,0,470,129,4.1000000000000005,27.5,79.09
2020,10,7,10,15,622,318,4.1000000000000005,27.6,78.64
2020,10,7,10,30,541,157,4.1000000000000005,27.700000000000003,78.18
2020,10,7,10,45,863,896,4,27.900000000000002,76.92
2020,10,7,11,0,588,169,4,28,76.47
2020,10,7,11,15,907,906,4,28.1,76.03
2020,10,7,11,30,923,909,3.9000000000000004,28.200000000000003,75.59
2020,10,7,11,45,934,912,3.9000000000000004,28.3,75.08
2020,10,7,12,0,719,294,3.9000000000000004,28.400000000000002,74.65
2020,10,7,12,15,621,165,3.9000000000000004,28.5,74.22
2020,10,7,12,30,569,118,3.8000000000000003,28.5,74.22
2020,10,7,12,45,558,113,3.8000000000000003,28.6,73.71000000000001
2020,10,7,13,0,553,116,3.8000000000000003,28.6,73.63
2020,10,7,13,15,653,244,3.7,28.6,73.63
2020,10,7,13,30,678,310,3.7,28.700000000000003,73.21000000000001
2020,10,7,13,45,615,241,3.7,28.700000000000003,72.93
2020,10,7,14,0,323,23,3.6,28.700000000000003,72.93
2020,10,7,14,15,511,163,3.6,28.6,73.35000000000001
2020,10,7,14,30,403,77,3.6,28.6,73.35000000000001
2020,10,7,14,45,454,160,3.5,28.6,73.03
2020,10,7,15,0,399,126,3.5,28.5,73.46000000000001
2020,10,7,15,15,422,215,3.4000000000000004,28.5,73.46000000000001
2020,10,7,15,30,375,193,3.4000000000000004,28.400000000000002,73.88
2020,10,7,15,45,342,203,3.3000000000000003,28.3,74.19
2020,10,7,16,0,299,191,3.3000000000000003,28.3,74.19
2020,10,7,16,15,229,113,3.2,28.1,75.05
2020,10,7,16,30,190,99,3.1,28,75.49
2020,10,7,16,45,142,60,3.1,27.8,77.26
2020,10,7,17,0,123,92,3,27.700000000000003,77.79
2020,10,7,17,15,96,111,2.9000000000000004,27.400000000000002,79.16
2020,10,7,17,30,59,73,2.8000000000000003,27.200000000000003,80.09
2020,10,7,17,45,29,26,2.7,27,82.53
2020,10,7,18,0,5,0,2.6,26.700000000000003,83.99
2020,10,7,18,15,0,0,2.6,26.700000000000003,83.99
2020,10,7,18,30,0,0,2.6,26.6,84.49
2020,10,7,18,45,0,0,2.6,26.5,85.43
2020,10,7,19,0,0,0,2.6,26.400000000000002,85.94
2020,10,7,19,15,0,0,2.6,26.400000000000002,85.94
2020,10,7,19,30,0,0,2.6,26.400000000000002,85.94
2020,10,7,19,45,0,0,2.6,26.400000000000002,85.94
2020,10,7,20,0,0,0,2.5,26.3,86.89
2020,10,7,20,15,0,0,2.5,26.200000000000003,87.4
2020,10,7,20,30,0,0,2.5,26.200000000000003,87.4
2020,10,7,20,45,0,0,2.4000000000000004,26.200000000000003,87.55
2020,10,7,21,0,0,0,2.4000000000000004,26.200000000000003,87.55
2020,10,7,21,15,0,0,2.4000000000000004,26.1,88.07000000000001
2020,10,7,21,30,0,0,2.4000000000000004,26.1,88.07000000000001
2020,10,7,21,45,0,0,2.4000000000000004,26.1,88.17
2020,10,7,22,0,0,0,2.3000000000000003,26,88.69
2020,10,7,22,15,0,0,2.3000000000000003,26,88.69
2020,10,7,22,30,0,0,2.3000000000000003,26,88.69
2020,10,7,22,45,0,0,2.3000000000000003,26,88.31
2020,10,7,23,0,0,0,2.2,26,88.31
2020,10,7,23,15,0,0,2.2,26,88.31
2020,10,7,23,30,0,0,2.2,26,88.31
2020,10,7,23,45,0,0,2.2,26,87.93
2020,10,8,0,0,0,0,2.1,26,87.93
2020,10,8,0,15,0,0,2.1,26,87.93
2020,10,8,0,30,0,0,2.1,25.900000000000002,88.45
2020,10,8,0,45,0,0,2,25.900000000000002,88.05
2020,10,8,1,0,0,0,2,25.900000000000002,88.05
2020,10,8,1,15,0,0,2,25.900000000000002,88.05
2020,10,8,1,30,0,0,2,25.900000000000002,88.05
2020,10,8,1,45,0,0,2,25.8,88.02
2020,10,8,2,0,0,0,1.9000000000000001,25.8,88.02
2020,10,8,2,15,0,0,1.9000000000000001,25.8,88.02
2020,10,8,2,30,0,0,1.9000000000000001,25.8,88.02
2020,10,8,2,45,0,0,1.9000000000000001,25.8,87.67
2020,10,8,3,0,0,0,1.9000000000000001,25.8,87.67
2020,10,8,3,15,0,0,1.9000000000000001,25.700000000000003,88.19
2020,10,8,3,30,0,0,1.9000000000000001,25.700000000000003,88.19
2020,10,8,3,45,0,0,1.9000000000000001,25.700000000000003,88.04
2020,10,8,4,0,0,0,2,25.700000000000003,88.04
2020,10,8,4,15,0,0,2,25.700000000000003,88.04
2020,10,8,4,30,0,0,2,25.6,88.56
2020,10,8,4,45,0,0,2.1,25.6,88.60000000000001
2020,10,8,5,0,0,0,2.1,25.6,88.69
2020,10,8,5,15,0,0,2.1,25.6,88.69
2020,10,8,5,30,0,0,2.2,25.6,88.69
2020,10,8,5,45,0,0,2.2,25.6,89.21000000000001
2020,10,8,6,0,0,0,2.2,25.6,89.21000000000001
2020,10,8,6,15,0,0,2.3000000000000003,25.900000000000002,87.65
2020,10,8,6,30,26,163,2.4000000000000004,26.1,86.62
2020,10,8,6,45,67,328,2.4000000000000004,26.3,88.74
2020,10,8,7,0,118,449,2.5,26.6,87.19
2020,10,8,7,15,175,540,2.6,26.700000000000003,86.68
2020,10,8,7,30,234,610,2.6,26.900000000000002,85.67
2020,10,8,7,45,294,667,2.7,27.1,83.75
2020,10,8,8,0,354,711,2.8000000000000003,27.3,82.78
2020,10,8,8,15,413,747,2.8000000000000003,27.5,81.82000000000001
2020,10,8,8,30,470,776,2.7,27.700000000000003,80.95
2020,10,8,8,45,527,804,2.7,27.8,78.94
2020,10,8,9,0,580,824,2.7,28,78.03
2020,10,8,9,15,631,842,2.7,28.200000000000003,77.13
2020,10,8,9,30,679,858,2.7,28.400000000000002,76.24
2020,10,8,9,45,724,871,2.7,28.5,74.85000000000001
2020,10,8,10,0,764,882,2.6,28.700000000000003,73.99
2020,10,8,10,15,802,891,2.6,28.900000000000002,73.14
2020,10,8,10,30,835,899,2.6,29,72.72
2020,10,8,10,45,862,899,2.6,29.1,71.9
2020,10,8,11,0,887,905,2.5,29.3,71.01
2020,10,8,11,15,907,909,2.5,29.400000000000002,70.60000000000001
2020,10,8,11,30,923,913,2.5,29.400000000000002,70.60000000000001
2020,10,8,11,45,932,911,2.5,29.5,70.14
2020,10,8,12,0,416,35,2.4000000000000004,29.6,69.74
2020,10,8,12,15,939,913,2.4000000000000004,29.6,69.74
2020,10,8,12,30,935,912,2.4000000000000004,29.700000000000003,69.34
2020,10,8,12,45,926,908,2.3000000000000003,29.700000000000003,69.4
2020,10,8,13,0,913,905,2.3000000000000003,29.700000000000003,69.4
2020,10,8,13,15,895,901,2.3000000000000003,29.700000000000003,69.4
2020,10,8,13,30,873,896,2.3000000000000003,29.700000000000003,69.4
2020,10,8,13,45,848,901,2.3000000000000003,29.700000000000003,69.61
2020,10,8,14,0,817,894,2.3000000000000003,29.700000000000003,69.61
2020,10,8,14,15,781,884,2.3000000000000003,29.6,70.01
2020,10,8,14,30,742,874,2.3000000000000003,29.5,70.41
2020,10,8,14,45,699,861,2.3000000000000003,29.5,70.71000000000001
2020,10,8,15,0,123,0,2.3000000000000003,29.400000000000002,71.11
2020,10,8,15,15,452,286,2.3000000000000003,29.3,71.52
2020,10,8,15,30,223,20,2.3000000000000003,29.200000000000003,71.93
2020,10,8,15,45,217,28,2.3000000000000003,29.1,73.31
2020,10,8,16,0,220,52,2.3000000000000003,28.900000000000002,74.16
2020,10,8,16,15,151,9,2.3000000000000003,28.8,74.67
2020,10,8,16,30,96,0,2.3000000000000003,28.6,75.53
2020,10,8,16,45,124,27,2.2,28.5,77.53
2020,10,8,17,0,143,187,2.2,28.3,78.44
2020,10,8,17,15,91,94,2.2,28.1,79.35000000000001
2020,10,8,17,30,63,110,2.1,27.8,80.74
2020,10,8,17,45,30,48,2.1,27.6,83.58
2020,10,8,18,0,4,0,2,27.400000000000002,84.56
2020,10,8,18,15,0,0,2,27.3,85.06
2020,10,8,18,30,0,0,2,27.200000000000003,85.64
2020,10,8,18,45,0,0,2,27.1,86.54
2020,10,8,19,0,0,0,2,27,87.04
2020,10,8,19,15,0,0,2,27,87.04
2020,10,8,19,30,0,0,2,27,87.04
2020,10,8,19,45,0,0,2,27,87.04
2020,10,8,20,0,0,0,1.9000000000000001,26.8,88.02
2020,10,8,20,15,0,0,1.9000000000000001,26.8,88.02
2020,10,8,20,30,0,0,1.9000000000000001,26.700000000000003,88.54
2020,10,8,20,45,0,0,1.9000000000000001,26.700000000000003,88.12
2020,10,8,21,0,0,0,1.8,26.700000000000003,88.12
2020,10,8,21,15,0,0,1.8,26.6,88.64
2020,10,8,21,30,0,0,1.8,26.6,88.64
2020,10,8,21,45,0,0,1.7000000000000002,26.6,87.99
2020,10,8,22,0,0,0,1.7000000000000002,26.5,88.51
2020,10,8,22,15,0,0,1.7000000000000002,26.5,88.51
2020,10,8,22,30,0,0,1.6,26.5,88.51
2020,10,8,22,45,0,0,1.6,26.400000000000002,88.57000000000001
2020,10,8,23,0,0,0,1.6,26.400000000000002,88.57000000000001
2020,10,8,23,15,0,0,1.6,26.400000000000002,88.57000000000001
2020,10,8,23,30,0,0,1.6,26.400000000000002,88.48
2020,10,8,23,45,0,0,1.5,26.3,88.78
2020,10,9,0,0,0,0,1.5,26.3,88.78
2020,10,9,0,15,0,0,1.5,26.3,88.78
2020,10,9,0,30,0,0,1.5,26.200000000000003,89.3
2020,10,9,0,45,0,0,1.5,26.200000000000003,89.16
2020,10,9,1,0,0,0,1.5,26.200000000000003,89.16
2020,10,9,1,15,0,0,1.6,26.1,89.69
2020,10,9,1,30,0,0,1.6,26.1,89.60000000000001
2020,10,9,1,45,0,0,1.6,26,90.07000000000001
2020,10,9,2,0,0,0,1.6,26,90.07000000000001
2020,10,9,2,15,0,0,1.7000000000000002,26,90.07000000000001
2020,10,9,2,30,0,0,1.7000000000000002,25.900000000000002,90.60000000000001
2020,10,9,2,45,0,0,1.7000000000000002,25.900000000000002,90.56
2020,10,9,3,0,0,0,1.7000000000000002,25.900000000000002,90.56
2020,10,9,3,15,0,0,1.8,25.8,91.10000000000001
2020,10,9,3,30,0,0,1.8,25.8,91.10000000000001
2020,10,9,3,45,0,0,1.9000000000000001,25.8,90.98
2020,10,9,4,0,0,0,1.9000000000000001,25.700000000000003,91.52
2020,10,9,4,15,0,0,2,25.700000000000003,91.52
2020,10,9,4,30,0,0,2,25.700000000000003,91.52
2020,10,9,4,45,0,0,2.1,25.700000000000003,91.08
2020,10,9,5,0,0,0,2.1,25.6,91.62
2020,10,9,5,15,0,0,2.2,25.700000000000003,91.08
2020,10,9,5,30,0,0,2.2,25.700000000000003,91.08
2020,10,9,5,45,0,0,2.2,25.700000000000003,91.09
2020,10,9,6,0,0,0,2.3000000000000003,25.700000000000003,91.09
2020,10,9,6,15,0,0,2.4000000000000004,25.900000000000002,90.02
2020,10,9,6,30,27,219,2.5,26.1,88.97
2020,10,9,6,45,70,389,2.6,26.3,90.04
2020,10,9,7,0,122,507,2.7,26.5,88.99
2020,10,9,7,15,179,594,2.8000000000000003,26.6,88.47
2020,10,9,7,30,239,659,2.9000000000000004,26.8,87.43
2020,10,9,7,45,298,709,2.9000000000000004,26.900000000000002,86.01
2020,10,9,8,0,358,750,3,27,85.51
2020,10,9,8,15,418,784,3.1,27.200000000000003,84.52
2020,10,9,8,30,475,811,3.1,27.400000000000002,83.54
2020,10,9,8,45,531,833,3.2,27.6,81.73
2020,10,9,9,0,584,852,3.2,27.8,80.78
2020,10,9,9,15,635,869,3.2,27.900000000000002,80.31
2020,10,9,9,30,683,883,3.3000000000000003,28.1,79.39
2020,10,9,9,45,727,893,3.3000000000000003,28.3,78.38
2020,10,9,10,0,768,903,3.3000000000000003,28.5,77.48
2020,10,9,10,15,806,912,3.4000000000000004,28.6,77.03
2020,10,9,10,30,227,10,3.4000000000000004,28.700000000000003,76.59
2020,10,9,10,45,183,6,3.4000000000000004,28.8,76.28
2020,10,9,11,0,892,933,3.5,29,75.4
2020,10,9,11,15,205,8,3.5,29.1,74.97
2020,10,9,11,30,248,12,3.5,29.200000000000003,74.54
2020,10,9,11,45,243,11,3.6,29.200000000000003,74.73
2020,10,9,12,0,175,6,3.6,29.3,74.31
2020,10,9,12,15,345,21,3.6,29.400000000000002,73.81
2020,10,9,12,30,178,6,3.6,29.400000000000002,73.81
2020,10,9,12,45,159,4,3.6,29.400000000000002,73.77
2020,10,9,13,0,213,9,3.6,29.5,73.35000000000001
2020,10,9,13,15,539,117,3.6,29.400000000000002,73.77
2020,10,9,13,30,303,17,3.6,29.400000000000002,73.77
2020,10,9,13,45,845,894,3.6,29.400000000000002,73.46000000000001
2020,10,9,14,0,324,24,3.6,29.400000000000002,73.46000000000001
2020,10,9,14,15,341,33,3.6,29.3,73.88
2020,10,9,14,30,739,866,3.6,29.3,73.88
2020,10,9,14,45,256,16,3.5,29.200000000000003,74.05
2020,10,9,15,0,650,842,3.5,29.200000000000003,74.05
2020,10,9,15,15,368,131,3.5,29.1,74.48
2020,10,9,15,30,548,805,3.5,29,74.91
2020,10,9,15,45,117,0,3.5,28.8,75.67
2020,10,9,16,0,198,32,3.4000000000000004,28.700000000000003,76.11
2020,10,9,16,15,256,190,3.4000000000000004,28.6,76.55
2020,10,9,16,30,319,684,3.3000000000000003,28.400000000000002,77.44
2020,10,9,16,45,260,641,3.3000000000000003,28.3,78.29
2020,10,9,17,0,200,578,3.3000000000000003,28.1,79.2
2020,10,9,17,15,142,497,3.2,27.900000000000002,80.13
2020,10,9,17,30,88,390,3.1,27.6,81.54
2020,10,9,17,45,42,254,3,27.400000000000002,83.71000000000001
2020,10,9,18,0,0,0,2.9000000000000004,27.200000000000003,84.7
2020,10,9,18,15,0,0,2.9000000000000004,27.1,85.19
2020,10,9,18,30,0,0,2.9000000000000004,27,85.69
2020,10,9,18,45,0,0,2.9000000000000004,26.900000000000002,86.53
2020,10,9,19,0,0,0,2.9000000000000004,26.8,87.13
2020,10,9,19,15,0,0,2.9000000000000004,26.8,87.13
2020,10,9,19,30,0,0,2.9000000000000004,26.8,87.13
2020,10,9,19,45,0,0,2.9000000000000004,26.8,87.13
2020,10,9,20,0,0,0,2.9000000000000004,26.6,88.24
2020,10,9,20,15,0,0,2.9000000000000004,26.6,88.24
2020,10,9,20,30,0,0,2.9000000000000004,26.6,88.24
2020,10,9,20,45,0,0,2.9000000000000004,26.6,88.4
2020,10,9,21,0,0,0,2.9000000000000004,26.5,88.92
2020,10,9,21,15,0,0,3,26.5,88.92
2020,10,9,21,30,0,0,3,26.5,88.92
2020,10,9,21,45,0,0,3,26.400000000000002,89.63
2020,10,9,22,0,0,0,3,26.400000000000002,89.63
2020,10,9,22,15,0,0,2.9000000000000004,26.400000000000002,89.63
2020,10,9,22,30,0,0,2.9000000000000004,26.400000000000002,89.63
2020,10,9,22,45,0,0,2.9000000000000004,26.3,90.37
2020,10,9,23,0,0,0,2.9000000000000004,26.3,90.37
2020,10,9,23,15,0,0,2.9000000000000004,26.3,90.37
2020,10,9,23,30,0,0,2.8000000000000003,26.3,90.37
2020,10,9,23,45,0,0,2.8000000000000003,26.200000000000003,91.05
2020,10,10,0,0,0,0,2.7,26.200000000000003,91.05
2020,10,10,0,15,0,0,2.7,26.200000000000003,90.95
2020,10,10,0,30,0,0,2.7,26.200000000000003,90.95
2020,10,10,0,45,0,0,2.6,26.200000000000003,90.89
2020,10,10,1,0,0,0,2.6,26.200000000000003,90.89
2020,10,10,1,15,0,0,2.6,26.1,91.42
2020,10,10,1,30,0,0,2.5,26.1,91.42
2020,10,10,1,45,0,0,2.5,26.1,91.35000000000001
2020,10,10,2,0,0,0,2.4000000000000004,26.1,91.35000000000001
2020,10,10,2,15,0,0,2.4000000000000004,26.1,91.35000000000001
2020,10,10,2,30,0,0,2.4000000000000004,26.1,91.35000000000001
2020,10,10,2,45,0,0,2.3000000000000003,26.1,91.23
2020,10,10,3,0,0,0,2.3000000000000003,26.1,91.13
2020,10,10,3,15,0,0,2.3000000000000003,26.1,91.13
2020,10,10,3,30,0,0,2.3000000000000003,26.1,91.13
2020,10,10,3,45,0,0,2.3000000000000003,26.1,90.9
2020,10,10,4,0,0,0,2.3000000000000003,26.1,90.9
2020,10,10,4,15,0,0,2.2,26.1,90.99
2020,10,10,4,30,0,0,2.2,26.1,90.99
2020,10,10,4,45,0,0,2.2,26.1,90.73
2020,10,10,5,0,0,0,2.2,26.1,90.73
2020,10,10,5,15,0,0,2.2,26.1,90.73
2020,10,10,5,30,0,0,2.1,26.1,90.73
2020,10,10,5,45,0,0,2.1,26.200000000000003,90.13
2020,10,10,6,0,0,0,2.1,26.200000000000003,90.13
2020,10,10,6,15,0,0,2.1,26.400000000000002,89.07000000000001
2020,10,10,6,30,26,194,2.1,26.5,88.64
2020,10,10,6,45,67,358,2.1,26.700000000000003,90.06
2020,10,10,7,0,119,480,2.1,26.8,89.54
2020,10,10,7,15,175,569,2.1,26.900000000000002,89.02
2020,10,10,7,30,234,636,2.1,27.1,87.98
2020,10,10,7,45,293,687,2.1,27.200000000000003,87.59
2020,10,10,8,0,353,729,2.2,27.3,87.08
2020,10,10,8,15,411,764,2.2,27.400000000000002,86.66
2020,10,10,8,30,469,792,2.2,27.400000000000002,86.66
2020,10,10,8,45,524,813,2.2,27.5,84.63
2020,10,10,9,0,576,833,2.3000000000000003,27.6,84.14
2020,10,10,9,15,627,850,2.3000000000000003,27.6,84.14
2020,10,10,9,30,674,865,2.3000000000000003,27.6,84.14
2020,10,10,9,45,718,874,2.3000000000000003,27.700000000000003,82.66
2020,10,10,10,0,759,885,2.4000000000000004,27.700000000000003,82.66
2020,10,10,10,15,795,894,2.4000000000000004,27.8,82.18
2020,10,10,10,30,828,902,2.4000000000000004,27.8,82.18
2020,10,10,10,45,856,905,2.4000000000000004,27.900000000000002,81.32000000000001
2020,10,10,11,0,880,910,2.5,28,80.77
2020,10,10,11,15,900,914,2.5,28,80.77
2020,10,10,11,30,915,917,2.5,28.1,80.3
2020,10,10,11,45,924,916,2.5,28.1,80.07000000000001
2020,10,10,12,0,930,917,2.5,28.200000000000003,79.60000000000001
2020,10,10,12,15,931,917,2.5,28.200000000000003,79.52
2020,10,10,12,30,928,917,2.4000000000000004,28.200000000000003,79.52
2020,10,10,12,45,918,912,2.4000000000000004,28.3,78.79
2020,10,10,13,0,905,909,2.4000000000000004,28.3,78.79
2020,10,10,13,15,886,904,2.4000000000000004,28.3,78.79
2020,10,10,13,30,864,899,2.3000000000000003,28.3,78.79
2020,10,10,13,45,689,396,2.3000000000000003,28.3,78.73
2020,10,10,14,0,651,364,2.3000000000000003,28.3,78.73
2020,10,10,14,15,533,202,2.2,28.3,78.73
2020,10,10,14,30,450,128,2.2,28.200000000000003,79.19
2020,10,10,14,45,480,211,2.2,28.200000000000003,79.63
2020,10,10,15,0,432,186,2.2,28.200000000000003,79.63
2020,10,10,15,15,493,406,2.2,28.1,80.09
2020,10,10,15,30,399,263,2.1,28.1,80.09
2020,10,10,15,45,355,253,2.1,28,81.64
2020,10,10,16,0,316,257,2.1,28,81.64
2020,10,10,16,15,201,70,2.1,27.900000000000002,82.12
2020,10,10,16,30,223,218,2,27.700000000000003,83.08
2020,10,10,16,45,221,408,2,27.6,85.39
2020,10,10,17,0,60,0,1.9000000000000001,27.5,85.89
2020,10,10,17,15,27,0,1.9000000000000001,27.400000000000002,86.39
2020,10,10,17,30,55,75,1.9000000000000001,27.200000000000003,87.4
2020,10,10,17,45,13,0,1.9000000000000001,27.1,87.79
2020,10,10,18,0,0,0,1.9000000000000001,27,88.3
2020,10,10,18,15,0,0,2,26.900000000000002,88.82000000000001
2020,10,10,18,30,0,0,2,26.900000000000002,88.82000000000001
2020,10,10,18,45,0,0,2,26.8,89.44
2020,10,10,19,0,0,0,2.1,26.8,89.44
2020,10,10,19,15,0,0,2.1,26.8,89.44
2020,10,10,19,30,0,0,2.1,26.8,89.44
2020,10,10,19,45,0,0,2.1,26.8,89.44
2020,10,10,20,0,0,0,2.3000000000000003,26.6,90.74
2020,10,10,20,15,0,0,2.3000000000000003,26.6,90.74
2020,10,10,20,30,0,0,2.4000000000000004,26.6,90.74
2020,10,10,20,45,0,0,2.5,26.6,90.82000000000001
2020,10,10,21,0,0,0,2.5,26.5,91.35000000000001
2020,10,10,21,15,0,0,2.6,26.5,91.35000000000001
2020,10,10,21,30,0,0,2.6,26.5,91.35000000000001
2020,10,10,21,45,0,0,2.7,26.400000000000002,91.84
2020,10,10,22,0,0,0,2.7,26.400000000000002,91.84
2020,10,10,22,15,0,0,2.8000000000000003,26.400000000000002,91.84
2020,10,10,22,30,0,0,2.8000000000000003,26.400000000000002,91.84
2020,10,10,22,45,0,0,2.9000000000000004,26.400000000000002,91.76
2020,10,10,23,0,0,0,2.9000000000000004,26.3,92.3
2020,10,10,23,15,0,0,2.9000000000000004,26.3,92.3
2020,10,10,23,30,0,0,3,26.3,92.3
2020,10,10,23,45,0,0,3,26.3,92.08
2020,10,11,0,0,0,0,3,26.3,92.08
2020,10,11,0,15,0,0,3,26.3,92.08
2020,10,11,0,30,0,0,3,26.3,91.98
2020,10,11,0,45,0,0,3,26.3,91.55
2020,10,11,1,0,0,0,3,26.200000000000003,92.09
2020,10,11,1,15,0,0,3,26.200000000000003,92.09
2020,10,11,1,30,0,0,3,26.200000000000003,92.09
2020,10,11,1,45,0,0,2.9000000000000004,26.200000000000003,91.36
2020,10,11,2,0,0,0,2.9000000000000004,26.200000000000003,91.36
2020,10,11,2,15,0,0,2.9000000000000004,26.200000000000003,91.27
2020,10,11,2,30,0,0,2.9000000000000004,26.200000000000003,91.27
2020,10,11,2,45,0,0,2.8000000000000003,26.1,90.96000000000001
2020,10,11,3,0,0,0,2.8000000000000003,26.1,90.96000000000001
2020,10,11,3,15,0,0,2.8000000000000003,26.1,90.96000000000001
2020,10,11,3,30,0,0,2.8000000000000003,26.1,90.96000000000001
2020,10,11,3,45,0,0,2.8000000000000003,26.1,90.35000000000001
2020,10,11,4,0,0,0,2.8000000000000003,26.1,90.35000000000001
2020,10,11,4,15,0,0,2.7,26.1,90.35000000000001
2020,10,11,4,30,0,0,2.7,26.1,90.44
2020,10,11,4,45,0,0,2.7,26.1,89.85000000000001
2020,10,11,5,0,0,0,2.7,26.1,89.85000000000001
2020,10,11,5,15,0,0,2.7,26.1,89.85000000000001
2020,10,11,5,30,0,0,2.7,26.1,89.85000000000001
2020,10,11,5,45,0,0,2.7,26.1,89.55
2020,10,11,6,0,0,0,2.7,26.1,89.55
2020,10,11,6,15,0,0,2.8000000000000003,26.200000000000003,89.03
2020,10,11,6,30,14,0,2.8000000000000003,26.400000000000002,87.99
2020,10,11,6,45,46,91,2.9000000000000004,26.5,89.12
2020,10,11,7,0,40,0,2.9000000000000004,26.700000000000003,88.08
2020,10,11,7,15,62,0,3,26.8,87.65
2020,10,11,7,30,206,439,3,26.900000000000002,87.14
2020,10,11,7,45,259,468,3.1,27,86.54
2020,10,11,8,0,149,16,3.2,27.1,86.04
2020,10,11,8,15,162,11,3.3000000000000003,27.3,85.04
2020,10,11,8,30,106,0,3.3000000000000003,27.400000000000002,84.55
2020,10,11,8,45,372,238,3.4000000000000004,27.5,81.87
2020,10,11,9,0,405,228,3.4000000000000004,27.6,81.39
2020,10,11,9,15,457,262,3.5,27.8,80.45
2020,10,11,9,30,462,205,3.5,28,79.52
2020,10,11,9,45,455,149,3.5,28.200000000000003,77.35000000000001
2020,10,11,10,0,399,69,3.6,28.400000000000002,76.45
2020,10,11,10,15,403,60,3.6,28.5,76.01
2020,10,11,10,30,602,250,3.7,28.700000000000003,75.14
2020,10,11,10,45,618,241,3.7,28.8,74.11
2020,10,11,11,0,547,133,3.7,29,73.26
2020,10,11,11,15,450,55,3.7,29.1,72.84
2020,10,11,11,30,711,317,3.8000000000000003,29.200000000000003,72.42
2020,10,11,11,45,731,336,3.8000000000000003,29.3,71.9
2020,10,11,12,0,928,914,3.8000000000000003,29.400000000000002,71.42
2020,10,11,12,15,929,914,3.8000000000000003,29.400000000000002,71.42
2020,10,11,12,30,704,288,3.9000000000000004,29.400000000000002,71.42
2020,10,11,12,45,753,402,3.9000000000000004,29.5,71.31
2020,10,11,13,0,704,317,3.9000000000000004,29.5,71.31
2020,10,11,13,15,560,141,3.9000000000000004,29.5,71.31
2020,10,11,13,30,689,349,3.9000000000000004,29.5,71.24
2020,10,11,13,45,833,886,3.9000000000000004,29.400000000000002,72.24
2020,10,11,14,0,802,878,3.9000000000000004,29.400000000000002,72.24
2020,10,11,14,15,767,869,3.9000000000000004,29.3,72.66
2020,10,11,14,30,727,858,3.9000000000000004,29.200000000000003,73.08
2020,10,11,14,45,684,844,3.9000000000000004,29.1,73.84
2020,10,11,15,0,638,829,3.8000000000000003,29,74.26
2020,10,11,15,15,589,811,3.8000000000000003,28.900000000000002,74.69
2020,10,11,15,30,536,790,3.8000000000000003,28.8,75.12
2020,10,11,15,45,482,767,3.7,28.700000000000003,76.21000000000001
2020,10,11,16,0,425,738,3.7,28.5,77.09
2020,10,11,16,15,367,704,3.6,28.400000000000002,77.54
2020,10,11,16,30,308,661,3.5,28.200000000000003,78.44
2020,10,11,16,45,250,619,3.4000000000000004,28,80.65
2020,10,11,17,0,191,553,3.4000000000000004,27.900000000000002,81.12
2020,10,11,17,15,134,469,3.3000000000000003,27.6,82.55
2020,10,11,17,30,82,357,3.2,27.400000000000002,83.51
2020,10,11,17,45,37,217,3.1,27.200000000000003,85.92
2020,10,11,18,0,0,0,3,27,86.93
2020,10,11,18,15,0,0,3,26.900000000000002,87.44
2020,10,11,18,30,0,0,3,26.900000000000002,87.44
2020,10,11,18,45,0,0,3,26.8,88.35000000000001
2020,10,11,19,0,0,0,3,26.8,88.35000000000001
2020,10,11,19,15,0,0,3,26.8,88.35000000000001
2020,10,11,19,30,0,0,3,26.8,88.35000000000001
2020,10,11,19,45,0,0,3,26.8,88.35000000000001
2020,10,11,20,0,0,0,3.1,26.6,89.34
2020,10,11,20,15,0,0,3.2,26.6,89.34
2020,10,11,20,30,0,0,3.2,26.6,89.34
2020,10,11,20,45,0,0,3.2,26.6,89.23
2020,10,11,21,0,0,0,3.2,26.5,89.85000000000001
2020,10,11,21,15,0,0,3.2,26.5,89.85000000000001
2020,10,11,21,30,0,0,3.3000000000000003,26.5,89.85000000000001
2020,10,11,21,45,0,0,3.3000000000000003,26.5,89.66
2020,10,11,22,0,0,0,3.3000000000000003,26.400000000000002,90.19
2020,10,11,22,15,0,0,3.3000000000000003,26.400000000000002,90.19
2020,10,11,22,30,0,0,3.3000000000000003,26.400000000000002,90.19
2020,10,11,22,45,0,0,3.3000000000000003,26.3,90.38
2020,10,11,23,0,0,0,3.3000000000000003,26.3,90.38
2020,10,11,23,15,0,0,3.2,26.3,90.38
2020,10,11,23,30,0,0,3.2,26.3,90.38
2020,10,11,23,45,0,0,3.2,26.200000000000003,90.69
2020,10,12,0,0,0,0,3.2,26.200000000000003,90.69
2020,10,12,0,15,0,0,3.2,26.200000000000003,90.69
2020,10,12,0,30,0,0,3.1,26.200000000000003,90.69
2020,10,12,0,45,0,0,3.1,26.1,90.82000000000001
2020,10,12,1,0,0,0,3.1,26.1,90.82000000000001
2020,10,12,1,15,0,0,3.1,26.1,90.72
2020,10,12,1,30,0,0,3.1,26.1,90.72
2020,10,12,1,45,0,0,3.1,26.1,90.09
2020,10,12,2,0,0,0,3,26.1,90.09
2020,10,12,2,15,0,0,3,26,90.62
2020,10,12,2,30,0,0,3,26,90.62
2020,10,12,2,45,0,0,3,26,90.18
2020,10,12,3,0,0,0,3,26,90.18
2020,10,12,3,15,0,0,3,26,90.18
2020,10,12,3,30,0,0,3,26,90.18
2020,10,12,3,45,0,0,3,25.900000000000002,90.53
2020,10,12,4,0,0,0,3,25.900000000000002,90.53
2020,10,12,4,15,0,0,3,25.900000000000002,90.53
2020,10,12,4,30,0,0,3,25.900000000000002,90.53
2020,10,12,4,45,0,0,3,25.900000000000002,90.2
2020,10,12,5,0,0,0,3,25.900000000000002,90.2
2020,10,12,5,15,0,0,3.1,25.900000000000002,90.2
2020,10,12,5,30,0,0,3.1,25.900000000000002,90.2
2020,10,12,5,45,0,0,3.1,25.900000000000002,90.02
2020,10,12,6,0,0,0,3.1,25.900000000000002,90.02
2020,10,12,6,15,0,0,3.1,26.1,88.97
2020,10,12,6,30,24,166,3.2,26.200000000000003,88.45
2020,10,12,6,45,65,337,3.2,26.400000000000002,89.12
2020,10,12,7,0,116,462,3.3000000000000003,26.5,88.60000000000001
2020,10,12,7,15,173,555,3.4000000000000004,26.700000000000003,87.57000000000001
2020,10,12,7,30,232,626,3.4000000000000004,26.8,87.05
2020,10,12,7,45,292,681,3.5,26.900000000000002,86.27
2020,10,12,8,0,202,98,3.6,27,85.77
2020,10,12,8,15,411,760,3.6,27.200000000000003,84.77
2020,10,12,8,30,469,791,3.6,27.3,84.36
2020,10,12,8,45,314,125,3.7,27.400000000000002,81.83
2020,10,12,9,0,152,0,3.7,27.6,80.88
2020,10,12,9,15,629,853,3.7,27.8,79.95
2020,10,12,9,30,350,68,3.8000000000000003,27.900000000000002,79.48
2020,10,12,9,45,239,12,3.8000000000000003,28.1,77.07000000000001
2020,10,12,10,0,762,891,3.8000000000000003,28.3,76.18
2020,10,12,10,15,367,41,3.8000000000000003,28.400000000000002,75.74
2020,10,12,10,30,300,18,3.8000000000000003,28.5,75.23
2020,10,12,10,45,650,296,3.8000000000000003,28.6,74.38
2020,10,12,11,0,216,9,3.9000000000000004,28.8,73.53
2020,10,12,11,15,522,101,3.8000000000000003,28.8,73.53
2020,10,12,11,30,648,223,3.8000000000000003,28.900000000000002,73.10000000000001
2020,10,12,11,45,926,917,3.8000000000000003,29,72.58
2020,10,12,12,0,932,919,3.8000000000000003,29.1,72.17
2020,10,12,12,15,933,919,3.8000000000000003,29.1,72.17
2020,10,12,12,30,929,918,3.7,29.1,72.09
2020,10,12,12,45,919,913,3.7,29.1,72.24
2020,10,12,13,0,906,910,3.7,29.200000000000003,71.82000000000001
2020,10,12,13,15,887,906,3.6,29.200000000000003,71.82000000000001
2020,10,12,13,30,864,900,3.6,29.1,72.24
2020,10,12,13,45,839,904,3.6,29.1,72.44
2020,10,12,14,0,807,896,3.5,29.1,72.37
2020,10,12,14,15,772,887,3.5,29.1,72.37
2020,10,12,14,30,732,877,3.5,29,72.79
2020,10,12,14,45,689,863,3.4000000000000004,28.900000000000002,73.44
2020,10,12,15,0,642,848,3.4000000000000004,28.900000000000002,73.44
2020,10,12,15,15,592,830,3.4000000000000004,28.8,73.87
2020,10,12,15,30,539,810,3.3000000000000003,28.700000000000003,74.3
2020,10,12,15,45,398,398,3.3000000000000003,28.6,75.23
2020,10,12,16,0,353,398,3.3000000000000003,28.5,75.66
2020,10,12,16,15,312,420,3.2,28.3,76.55
2020,10,12,16,30,309,679,3.2,28.200000000000003,76.99
2020,10,12,16,45,249,627,3.1,28,79.04
2020,10,12,17,0,190,561,3.1,27.8,79.97
2020,10,12,17,15,105,230,3,27.6,80.9
2020,10,12,17,30,52,72,2.9000000000000004,27.400000000000002,81.85000000000001
2020,10,12,17,45,18,0,2.8000000000000003,27.200000000000003,84.29
2020,10,12,18,0,0,0,2.8000000000000003,27.1,84.79
2020,10,12,18,15,0,0,2.8000000000000003,27,85.29
2020,10,12,18,30,0,0,2.8000000000000003,26.900000000000002,85.79
2020,10,12,18,45,0,0,2.8000000000000003,26.900000000000002,86.07000000000001
2020,10,12,19,0,0,0,2.8000000000000003,26.8,86.58
2020,10,12,19,15,0,0,2.8000000000000003,26.8,86.58
2020,10,12,19,30,0,0,2.8000000000000003,26.8,86.58
2020,10,12,19,45,0,0,2.8000000000000003,26.8,86.58
2020,10,12,20,0,0,0,2.8000000000000003,26.700000000000003,87.16
2020,10,12,20,15,0,0,2.8000000000000003,26.700000000000003,87.25
2020,10,12,20,30,0,0,2.8000000000000003,26.6,87.76
2020,10,12,20,45,0,0,2.8000000000000003,26.6,87.68
2020,10,12,21,0,0,0,2.8000000000000003,26.6,87.68
2020,10,12,21,15,0,0,2.7,26.6,87.68
2020,10,12,21,30,0,0,2.7,26.5,88.2
2020,10,12,21,45,0,0,2.7,26.5,88.09
2020,10,12,22,0,0,0,2.7,26.5,88.09
2020,10,12,22,15,0,0,2.7,26.400000000000002,88.61
2020,10,12,22,30,0,0,2.6,26.400000000000002,88.61
2020,10,12,22,45,0,0,2.6,26.400000000000002,88.5
2020,10,12,23,0,0,0,2.5,26.3,89.02
2020,10,12,23,15,0,0,2.5,26.3,89.02
2020,10,12,23,30,0,0,2.5,26.200000000000003,89.54
2020,10,12,23,45,0,0,2.4000000000000004,26.1,89.81
2020,10,13,0,0,0,0,2.4000000000000004,26.1,89.81
2020,10,13,0,15,0,0,2.4000000000000004,26.1,89.72
2020,10,13,0,30,0,0,2.4000000000000004,26,90.25
2020,10,13,0,45,0,0,2.3000000000000003,26,90.09
2020,10,13,1,0,0,0,2.3000000000000003,26,90.09
2020,10,13,1,15,0,0,2.3000000000000003,25.900000000000002,90.62
2020,10,13,1,30,0,0,2.3000000000000003,25.900000000000002,90.62
2020,10,13,1,45,0,0,2.3000000000000003,25.900000000000002,90.18
2020,10,13,2,0,0,0,2.3000000000000003,25.900000000000002,90.08
2020,10,13,2,15,0,0,2.3000000000000003,25.8,90.62
2020,10,13,2,30,0,0,2.2,25.8,90.62
2020,10,13,2,45,0,0,2.2,25.8,90.14
2020,10,13,3,0,0,0,2.2,25.8,90.14
2020,10,13,3,15,0,0,2.2,25.8,90.14
2020,10,13,3,30,0,0,2.2,25.8,90.14
2020,10,13,3,45,0,0,2.2,25.700000000000003,90.22
2020,10,13,4,0,0,0,2.2,25.700000000000003,90.22
2020,10,13,4,15,0,0,2.2,25.700000000000003,90.22
2020,10,13,4,30,0,0,2.2,25.700000000000003,90.22
2020,10,13,4,45,0,0,2.2,25.700000000000003,89.78
2020,10,13,5,0,0,0,2.1,25.700000000000003,89.78
2020,10,13,5,15,0,0,2.1,25.700000000000003,89.78
2020,10,13,5,30,0,0,2.1,25.8,89.34
2020,10,13,5,45,0,0,2.1,25.8,89.16
2020,10,13,6,0,0,0,2.1,25.8,89.16
2020,10,13,6,15,0,0,2.2,26,88.12
2020,10,13,6,30,24,168,2.2,26.200000000000003,87.09
2020,10,13,6,45,64,338,2.2,26.400000000000002,88.79
2020,10,13,7,0,83,161,2.2,26.6,87.75
2020,10,13,7,15,171,554,2.3000000000000003,26.700000000000003,87.24
2020,10,13,7,30,230,624,2.3000000000000003,26.900000000000002,86.22
2020,10,13,7,45,290,678,2.4000000000000004,27.1,84.89
2020,10,13,8,0,349,721,2.5,27.200000000000003,84.4
2020,10,13,8,15,408,757,2.5,27.400000000000002,83.42
2020,10,13,8,30,465,786,2.5,27.5,82.93
2020,10,13,8,45,520,809,2.5,27.700000000000003,80.42
2020,10,13,9,0,574,830,2.6,27.8,79.96000000000001
2020,10,13,9,15,624,848,2.6,27.900000000000002,79.49
2020,10,13,9,30,671,862,2.6,28.1,78.58
2020,10,13,9,45,715,873,2.6,28.200000000000003,78.21000000000001
2020,10,13,10,0,755,885,2.6,28.400000000000002,77.31
2020,10,13,10,15,792,894,2.6,28.5,76.86
2020,10,13,10,30,825,902,2.6,28.5,76.86
2020,10,13,10,45,854,913,2.6,28.6,76.63
2020,10,13,11,0,878,918,2.6,28.700000000000003,76.19
2020,10,13,11,15,898,922,2.6,28.8,75.75
2020,10,13,11,30,913,925,2.6,28.8,75.67
2020,10,13,11,45,922,925,2.5,28.900000000000002,75.29
2020,10,13,12,0,927,927,2.5,28.900000000000002,75.29
2020,10,13,12,15,928,927,2.5,28.900000000000002,75.29
2020,10,13,12,30,924,926,2.5,28.900000000000002,75.29
2020,10,13,12,45,915,925,2.4000000000000004,28.900000000000002,75.17
2020,10,13,13,0,902,922,2.4000000000000004,28.900000000000002,75.09
2020,10,13,13,15,433,52,2.4000000000000004,28.8,75.53
2020,10,13,13,30,375,33,2.3000000000000003,28.8,75.53
2020,10,13,13,45,833,905,2.3000000000000003,28.8,75.48
2020,10,13,14,0,802,898,2.3000000000000003,28.8,75.48
2020,10,13,14,15,766,889,2.3000000000000003,28.700000000000003,75.92
2020,10,13,14,30,727,878,2.2,28.700000000000003,75.92
2020,10,13,14,45,685,869,2.2,28.6,76.52
2020,10,13,15,0,638,854,2.2,28.5,76.88
2020,10,13,15,15,445,298,2.2,28.5,76.88
2020,10,13,15,30,231,28,2.2,28.400000000000002,77.33
2020,10,13,15,45,81,0,2.2,28.3,78.56
2020,10,13,16,0,81,0,2.2,28.200000000000003,79.02
2020,10,13,16,15,7,0,2.1,28.1,79.48
2020,10,13,16,30,45,0,2.1,27.900000000000002,80.49
2020,10,13,16,45,26,0,2.1,27.8,82.31
2020,10,13,17,0,69,0,2.1,27.6,83.28
2020,10,13,17,15,30,0,2,27.400000000000002,84.25
2020,10,13,17,30,39,0,2,27.200000000000003,85.24
2020,10,13,17,45,11,0,2,27,87.58
2020,10,13,18,0,0,0,2,26.8,88.62
2020,10,13,18,15,0,0,2,26.700000000000003,89.14
2020,10,13,18,30,0,0,2,26.6,89.66
2020,10,13,18,45,0,0,2,26.6,89.73
2020,10,13,19,0,0,0,2,26.5,90.35000000000001
2020,10,13,19,15,0,0,2,26.5,90.35000000000001
2020,10,13,19,30,0,0,2,26.5,90.35000000000001
2020,10,13,19,45,0,0,2,26.5,90.35000000000001
2020,10,13,20,0,0,0,2.1,26.3,91.22
2020,10,13,20,15,0,0,2.1,26.3,91.22
2020,10,13,20,30,0,0,2.1,26.200000000000003,91.76
2020,10,13,20,45,0,0,2.1,26.200000000000003,91.34
2020,10,13,21,0,0,0,2.1,26.200000000000003,91.34
2020,10,13,21,15,0,0,2.1,26.1,91.88
2020,10,13,21,30,0,0,2.1,26.1,91.88
2020,10,13,21,45,0,0,2,26,91.72
2020,10,13,22,0,0,0,2,26,91.72
2020,10,13,22,15,0,0,2,26,91.63
2020,10,13,22,30,0,0,2,26,91.63
2020,10,13,22,45,0,0,2,26,90.75
2020,10,13,23,0,0,0,2,26,90.75
2020,10,13,23,15,0,0,2,26,90.75
2020,10,13,23,30,0,0,1.9000000000000001,25.900000000000002,91.29
2020,10,13,23,45,0,0,1.9000000000000001,25.900000000000002,90.35000000000001
2020,10,14,0,0,0,0,1.9000000000000001,25.900000000000002,90.35000000000001
2020,10,14,0,15,0,0,1.9000000000000001,25.900000000000002,90.35000000000001
2020,10,14,0,30,0,0,1.8,25.900000000000002,90.35000000000001
2020,10,14,0,45,0,0,1.8,25.900000000000002,89.24
2020,10,14,1,0,0,0,1.8,25.900000000000002,89.24
2020,10,14,1,15,0,0,1.8,25.900000000000002,89.24
2020,10,14,1,30,0,0,1.7000000000000002,25.900000000000002,89.24
2020,10,14,1,45,0,0,1.7000000000000002,25.8,88.9
2020,10,14,2,0,0,0,1.7000000000000002,25.8,88.9
2020,10,14,2,15,0,0,1.7000000000000002,25.8,88.9
2020,10,14,2,30,0,0,1.7000000000000002,25.8,88.9
2020,10,14,2,45,0,0,1.7000000000000002,25.8,88.24
2020,10,14,3,0,0,0,1.7000000000000002,25.8,88.24
2020,10,14,3,15,0,0,1.7000000000000002,25.8,88.24
2020,10,14,3,30,0,0,1.7000000000000002,25.8,88.24
2020,10,14,3,45,0,0,1.8,25.700000000000003,88.48
2020,10,14,4,0,0,0,1.8,25.700000000000003,88.48
2020,10,14,4,15,0,0,1.8,25.700000000000003,88.48
2020,10,14,4,30,0,0,1.9000000000000001,25.700000000000003,88.48
2020,10,14,4,45,0,0,1.9000000000000001,25.700000000000003,88.64
2020,10,14,5,0,0,0,1.9000000000000001,25.6,89.17
2020,10,14,5,15,0,0,2,25.6,89.17
2020,10,14,5,30,0,0,2,25.6,89.17
2020,10,14,5,45,0,0,2.1,25.6,89.79
2020,10,14,6,0,0,0,2.1,25.6,89.79
2020,10,14,6,15,0,0,2.2,25.8,88.73
2020,10,14,6,30,11,0,2.2,26,87.69
2020,10,14,6,45,24,0,2.3000000000000003,26.1,90.49
2020,10,14,7,0,114,462,2.3000000000000003,26.3,89.52
2020,10,14,7,15,94,57,2.4000000000000004,26.400000000000002,88.99
2020,10,14,7,30,176,278,2.4000000000000004,26.6,87.96000000000001
2020,10,14,7,45,107,0,2.5,26.700000000000003,87.82000000000001
2020,10,14,8,0,237,199,2.5,26.8,87.31
2020,10,14,8,15,339,416,2.5,26.900000000000002,86.8
2020,10,14,8,30,354,310,2.5,27,86.29
2020,10,14,8,45,396,312,2.5,27,84.3
2020,10,14,9,0,416,262,2.5,27.1,83.81
2020,10,14,9,15,413,184,2.4000000000000004,27.200000000000003,83.32000000000001
2020,10,14,9,30,470,227,2.4000000000000004,27.3,82.92
2020,10,14,9,45,556,333,2.4000000000000004,27.400000000000002,81.89
2020,10,14,10,0,541,243,2.3000000000000003,27.5,81.41
2020,10,14,10,15,454,100,2.3000000000000003,27.6,80.94
2020,10,14,10,30,439,73,2.3000000000000003,27.6,80.94
2020,10,14,10,45,535,142,2.3000000000000003,27.700000000000003,80.13
2020,10,14,11,0,494,92,2.2,27.8,79.67
2020,10,14,11,15,634,226,2.2,27.900000000000002,79.2
2020,10,14,11,30,627,202,2.2,28,78.75
2020,10,14,11,45,549,113,2.2,28,78.59
2020,10,14,12,0,542,104,2.2,28.1,78.14
2020,10,14,12,15,448,49,2.2,28.200000000000003,77.69
2020,10,14,12,30,454,53,2.2,28.200000000000003,77.61
2020,10,14,12,45,413,38,2.2,28.200000000000003,77.66
2020,10,14,13,0,473,69,2.3000000000000003,28.3,77.21000000000001
2020,10,14,13,15,640,248,2.3000000000000003,28.3,77.21000000000001
2020,10,14,13,30,636,269,2.3000000000000003,28.3,77.21000000000001
2020,10,14,13,45,579,214,2.3000000000000003,28.3,77.27
2020,10,14,14,0,794,887,2.3000000000000003,28.3,77.19
2020,10,14,14,15,759,878,2.3000000000000003,28.200000000000003,77.64
2020,10,14,14,30,534,269,2.4000000000000004,28.200000000000003,77.64
2020,10,14,14,45,364,76,2.4000000000000004,28.200000000000003,77.85000000000001
2020,10,14,15,0,165,1,2.4000000000000004,28.1,78.3
2020,10,14,15,15,45,0,2.4000000000000004,28.1,78.3
2020,10,14,15,30,67,0,2.4000000000000004,28,78.76
2020,10,14,15,45,19,0,2.4000000000000004,28,79.8
2020,10,14,16,0,8,0,2.4000000000000004,27.900000000000002,80.26
2020,10,14,16,15,7,0,2.4000000000000004,27.8,80.73
2020,10,14,16,30,6,0,2.4000000000000004,27.700000000000003,81.2
2020,10,14,16,45,5,0,2.4000000000000004,27.5,83.99
2020,10,14,17,0,40,0,2.4000000000000004,27.400000000000002,84.48
2020,10,14,17,15,33,0,2.4000000000000004,27.200000000000003,85.47
2020,10,14,17,30,37,0,2.4000000000000004,27.1,85.97
2020,10,14,17,45,15,0,2.3000000000000003,26.900000000000002,87.85000000000001
2020,10,14,18,0,0,0,2.3000000000000003,26.8,88.36
2020,10,14,18,15,0,0,2.4000000000000004,26.700000000000003,88.88
2020,10,14,18,30,0,0,2.4000000000000004,26.700000000000003,88.88
2020,10,14,18,45,0,0,2.4000000000000004,26.6,89.44
2020,10,14,19,0,0,0,2.4000000000000004,26.6,89.44
2020,10,14,19,15,0,0,2.4000000000000004,26.6,89.44
2020,10,14,19,30,0,0,2.4000000000000004,26.6,89.44
2020,10,14,19,45,0,0,2.4000000000000004,26.6,89.44
2020,10,14,20,0,0,0,2.6,26.400000000000002,90.42
2020,10,14,20,15,0,0,2.6,26.400000000000002,90.42
2020,10,14,20,30,0,0,2.6,26.400000000000002,90.51
2020,10,14,20,45,0,0,2.6,26.400000000000002,90.44
2020,10,14,21,0,0,0,2.6,26.3,90.97
2020,10,14,21,15,0,0,2.6,26.3,90.97
2020,10,14,21,30,0,0,2.6,26.3,90.97
2020,10,14,21,45,0,0,2.6,26.200000000000003,91.21000000000001
2020,10,14,22,0,0,0,2.6,26.200000000000003,91.21000000000001
2020,10,14,22,15,0,0,2.6,26.200000000000003,91.21000000000001
2020,10,14,22,30,0,0,2.6,26.1,91.75
2020,10,14,22,45,0,0,2.6,26.1,91.36
2020,10,14,23,0,0,0,2.6,26.1,91.36
2020,10,14,23,15,0,0,2.6,26,91.9
2020,10,14,23,30,0,0,2.5,26,91.81
2020,10,14,23,45,0,0,2.5,26,91.28
2020,10,15,0,0,0,0,2.5,25.900000000000002,91.82000000000001
2020,10,15,0,15,0,0,2.5,25.900000000000002,91.82000000000001
2020,10,15,0,30,0,0,2.4000000000000004,25.900000000000002,91.82000000000001
2020,10,15,0,45,0,0,2.4000000000000004,25.8,91.73
2020,10,15,1,0,0,0,2.3000000000000003,25.8,91.73
2020,10,15,1,15,0,0,2.3000000000000003,25.8,91.73
2020,10,15,1,30,0,0,2.3000000000000003,25.700000000000003,92.27
2020,10,15,1,45,0,0,2.3000000000000003,25.700000000000003,91.63
2020,10,15,2,0,0,0,2.2,25.700000000000003,91.63
2020,10,15,2,15,0,0,2.2,25.700000000000003,91.63
2020,10,15,2,30,0,0,2.2,25.6,92.17
2020,10,15,2,45,0,0,2.2,25.6,91.77
2020,10,15,3,0,0,0,2.2,25.6,91.77
2020,10,15,3,15,0,0,2.2,25.6,91.77
2020,10,15,3,30,0,0,2.2,25.6,91.77
2020,10,15,3,45,0,0,2.3000000000000003,25.6,91.62
2020,10,15,4,0,0,0,2.3000000000000003,25.6,91.62
2020,10,15,4,15,0,0,2.3000000000000003,25.6,91.62
2020,10,15,4,30,0,0,2.4000000000000004,25.6,91.62
2020,10,15,4,45,0,0,2.4000000000000004,25.6,91.73
2020,10,15,5,0,0,0,2.4000000000000004,25.6,91.73
2020,10,15,5,15,0,0,2.5,25.6,91.73
2020,10,15,5,30,0,0,2.6,25.6,91.73
2020,10,15,5,45,0,0,2.6,25.6,92.08
2020,10,15,6,0,0,0,2.7,25.6,92.18
2020,10,15,6,15,0,0,2.8000000000000003,25.8,91.10000000000001
2020,10,15,6,30,12,0,2.9000000000000004,25.900000000000002,90.56
2020,10,15,6,45,44,94,3,26.1,92.24
2020,10,15,7,0,72,91,3.1,26.3,91.17
2020,10,15,7,15,143,335,3.2,26.400000000000002,90.63
2020,10,15,7,30,224,589,3.3000000000000003,26.5,90.10000000000001
2020,10,15,7,45,282,642,3.4000000000000004,26.6,89.9
2020,10,15,8,0,246,231,3.5,26.8,88.85000000000001
2020,10,15,8,15,342,435,3.6,26.900000000000002,88.33
2020,10,15,8,30,99,0,3.7,27,87.82000000000001
2020,10,15,8,45,235,35,3.7,27.200000000000003,85.71000000000001
2020,10,15,9,0,424,284,3.8000000000000003,27.3,85.3
2020,10,15,9,15,532,483,3.9000000000000004,27.400000000000002,84.81
2020,10,15,9,30,661,833,3.9000000000000004,27.6,83.82000000000001
2020,10,15,9,45,702,835,4,27.700000000000003,82.55
2020,10,15,10,0,742,846,4,27.8,82.07000000000001
2020,10,15,10,15,338,32,4,27.900000000000002,81.59
2020,10,15,10,30,811,865,4.1000000000000005,28,81.04
2020,10,15,10,45,563,175,4.1000000000000005,28.1,80.51
2020,10,15,11,0,537,130,4.1000000000000005,28.200000000000003,80.05
2020,10,15,11,15,132,0,4.1000000000000005,28.200000000000003,80.05
2020,10,15,11,30,38,0,4.2,28.3,79.59
2020,10,15,11,45,42,0,4.2,28.3,80
2020,10,15,12,0,235,11,4.2,28.400000000000002,79.54
2020,10,15,12,15,427,42,4.2,28.400000000000002,79.54
2020,10,15,12,30,388,30,4.3,28.400000000000002,79.46000000000001
2020,10,15,12,45,163,4,4.3,28.400000000000002,80.13
2020,10,15,13,0,36,0,4.3,28.400000000000002,80.13
2020,10,15,13,15,55,0,4.4,28.400000000000002,80.13
2020,10,15,13,30,108,0,4.4,28.400000000000002,80.13
2020,10,15,13,45,297,18,4.4,28.400000000000002,80.89
2020,10,15,14,0,200,7,4.5,28.400000000000002,80.89
2020,10,15,14,15,424,89,4.5,28.3,81.36
2020,10,15,14,30,294,25,4.5,28.3,81.28
2020,10,15,14,45,214,9,4.5,28.200000000000003,82.79
2020,10,15,15,0,329,68,4.5,28.1,83.28
2020,10,15,15,15,275,44,4.4,28,83.76
2020,10,15,15,30,357,195,4.4,27.900000000000002,84.33
2020,10,15,15,45,358,297,4.3,27.900000000000002,85.41
2020,10,15,16,0,334,356,4.3,27.8,85.91
2020,10,15,16,15,300,405,4.2,27.700000000000003,86.41
2020,10,15,16,30,187,130,4.2,27.5,87.42
2020,10,15,16,45,203,375,4.1000000000000005,27.400000000000002,88.62
2020,10,15,17,0,146,285,4.1000000000000005,27.3,89.14
2020,10,15,17,15,81,101,4,27.200000000000003,89.66
2020,10,15,17,30,43,35,4,27.1,90.18
2020,10,15,17,45,21,23,4,27,91.04
2020,10,15,18,0,0,0,3.9000000000000004,26.900000000000002,91.57000000000001
2020,10,15,18,15,0,0,3.9000000000000004,26.900000000000002,91.67
2020,10,15,18,30,0,0,4,26.8,92.2
2020,10,15,18,45,0,0,4,26.8,92.26
2020,10,15,19,0,0,0,4,26.700000000000003,92.8
2020,10,15,19,15,0,0,4,26.700000000000003,92.8
2020,10,15,19,30,0,0,4,26.700000000000003,92.8
2020,10,15,19,45,0,0,4,26.700000000000003,92.8
2020,10,15,20,0,0,0,4.1000000000000005,26.6,93.34
2020,10,15,20,15,0,0,4.1000000000000005,26.6,93.34
2020,10,15,20,30,0,0,4.1000000000000005,26.6,93.34
2020,10,15,20,45,0,0,4.1000000000000005,26.5,93.72
2020,10,15,21,0,0,0,4.1000000000000005,26.5,93.72
2020,10,15,21,15,0,0,4.1000000000000005,26.5,93.72
2020,10,15,21,30,0,0,4.1000000000000005,26.400000000000002,94.27
2020,10,15,21,45,0,0,4.1000000000000005,26.400000000000002,93.74
2020,10,15,22,0,0,0,4.1000000000000005,26.3,94.29
2020,10,15,22,15,0,0,4.1000000000000005,26.3,94.29
2020,10,15,22,30,0,0,4.1000000000000005,26.3,94.29
2020,10,15,22,45,0,0,4.1000000000000005,26.200000000000003,94.44
2020,10,15,23,0,0,0,4,26.200000000000003,94.44
2020,10,15,23,15,0,0,4.1000000000000005,26.200000000000003,94.44
2020,10,15,23,30,0,0,4.1000000000000005,26.200000000000003,94.34
2020,10,15,23,45,0,0,4.1000000000000005,26.1,94.87
2020,10,16,0,0,0,0,4.1000000000000005,26.1,94.87
2020,10,16,0,15,0,0,4.1000000000000005,26.1,94.87
2020,10,16,0,30,0,0,4.2,26.1,94.87
2020,10,16,0,45,0,0,4.2,26.1,94.97
2020,10,16,1,0,0,0,4.2,26.1,94.97
2020,10,16,1,15,0,0,4.3,26.1,94.97
2020,10,16,1,30,0,0,4.3,26.1,94.97
2020,10,16,1,45,0,0,4.4,26.1,95.63
2020,10,16,2,0,0,0,4.4,26.200000000000003,95.07000000000001
2020,10,16,2,15,0,0,4.4,26.200000000000003,95.07000000000001
2020,10,16,2,30,0,0,4.5,26.200000000000003,95.07000000000001
2020,10,16,2,45,0,0,4.5,26.200000000000003,95.92
2020,10,16,3,0,0,0,4.6000000000000005,26.3,95.36
2020,10,16,3,15,0,0,4.6000000000000005,26.3,95.36
2020,10,16,3,30,0,0,4.7,26.3,95.36
2020,10,16,3,45,0,0,4.7,26.400000000000002,95.38
2020,10,16,4,0,0,0,4.7,26.400000000000002,95.38
2020,10,16,4,15,0,0,4.800000000000001,26.400000000000002,95.38
2020,10,16,4,30,0,0,4.800000000000001,26.400000000000002,95.38
2020,10,16,4,45,0,0,4.9,26.5,94.74
2020,10,16,5,0,0,0,4.9,26.5,94.74
2020,10,16,5,15,0,0,4.9,26.5,94.83
2020,10,16,5,30,0,0,4.800000000000001,26.5,94.83
2020,10,16,5,45,0,0,4.800000000000001,26.5,94.57000000000001
2020,10,16,6,0,0,0,4.800000000000001,26.5,94.57000000000001
2020,10,16,6,15,0,0,4.7,26.5,94.57000000000001
2020,10,16,6,30,10,0,4.7,26.6,94.01
2020,10,16,6,45,53,139,4.7,26.6,93.77
2020,10,16,7,0,99,259,4.7,26.6,93.77
2020,10,16,7,15,151,359,4.800000000000001,26.700000000000003,93.22
2020,10,16,7,30,207,441,4.800000000000001,26.8,92.68
2020,10,16,7,45,42,0,4.800000000000001,26.8,91.66
2020,10,16,8,0,324,572,4.9,26.900000000000002,91.22
2020,10,16,8,15,381,616,4.9,27,90.69
2020,10,16,8,30,277,125,5,27.1,90.16
2020,10,16,8,45,81,0,5,27.200000000000003,88.2
2020,10,16,9,0,184,5,5.1000000000000005,27.3,87.69
2020,10,16,9,15,266,29,5.1000000000000005,27.400000000000002,87.18
2020,10,16,9,30,287,31,5.1000000000000005,27.5,86.67
2020,10,16,9,45,316,36,5.2,27.700000000000003,84.62
2020,10,16,10,0,324,32,5.2,27.8,84.13
2020,10,16,10,15,70,0,5.2,27.900000000000002,83.65
2020,10,16,10,30,31,0,5.2,27.900000000000002,83.65
2020,10,16,10,45,31,0,5.1000000000000005,28,83.14
2020,10,16,11,0,39,0,5.1000000000000005,28.1,82.66
2020,10,16,11,15,49,0,5.1000000000000005,28.1,82.66
2020,10,16,11,30,36,0,5.1000000000000005,28.1,82.66
2020,10,16,11,45,74,0,5,28.1,83.32000000000001
2020,10,16,12,0,52,0,5,28.1,83.24
2020,10,16,12,15,38,0,5,28,83.72
2020,10,16,12,30,79,0,4.9,28,83.72
2020,10,16,12,45,162,4,4.9,28,84.46000000000001
2020,10,16,13,0,395,36,4.9,28,84.46000000000001
2020,10,16,13,15,457,67,4.800000000000001,27.900000000000002,84.95
2020,10,16,13,30,469,83,4.800000000000001,27.900000000000002,84.86
2020,10,16,13,45,498,122,4.7,27.8,86.05
2020,10,16,14,0,290,18,4.6000000000000005,27.8,86.05
2020,10,16,14,15,313,27,4.5,27.700000000000003,86.56
2020,10,16,14,30,280,21,4.5,27.700000000000003,86.56
2020,10,16,14,45,121,0,4.4,27.6,88.02
2020,10,16,15,0,55,0,4.3,27.5,88.53
2020,10,16,15,15,15,0,4.2,27.400000000000002,89.05
2020,10,16,15,30,117,0,4.2,27.400000000000002,89.05
2020,10,16,15,45,157,1,4.1000000000000005,27.3,90.59
2020,10,16,16,0,124,0,4,27.200000000000003,91.12
2020,10,16,16,15,49,0,3.9000000000000004,27.1,91.65
2020,10,16,16,30,6,0,3.8000000000000003,27,92.28
2020,10,16,16,45,5,0,3.7,26.900000000000002,93.73
2020,10,16,17,0,101,64,3.6,26.8,94.28
2020,10,16,17,15,63,20,3.6,26.700000000000003,94.84
2020,10,16,17,30,21,0,3.6,26.6,95.39
2020,10,16,17,45,9,0,3.5,26.5,96.31
2020,10,16,18,0,0,0,3.5,26.400000000000002,96.88
2020,10,16,18,15,0,0,3.5,26.400000000000002,96.88
2020,10,16,18,30,0,0,3.5,26.400000000000002,96.88
2020,10,16,18,45,0,0,3.6,26.3,97.22
2020,10,16,19,0,0,0,3.6,26.3,97.22
2020,10,16,19,15,0,0,3.6,26.3,97.22
2020,10,16,19,30,0,0,3.6,26.3,97.22
2020,10,16,19,45,0,0,3.6,26.3,97.22
2020,10,16,20,0,0,0,3.7,26.3,96.72
2020,10,16,20,15,0,0,3.7,26.3,96.72
2020,10,16,20,30,0,0,3.7,26.3,96.72
2020,10,16,20,45,0,0,3.8000000000000003,26.3,95.92
2020,10,16,21,0,0,0,3.8000000000000003,26.3,96.02
2020,10,16,21,15,0,0,3.7,26.200000000000003,96.58
2020,10,16,21,30,0,0,3.7,26.200000000000003,96.58
2020,10,16,21,45,0,0,3.6,26.200000000000003,95.56
2020,10,16,22,0,0,0,3.6,26.200000000000003,95.56
2020,10,16,22,15,0,0,3.5,26.200000000000003,95.56
2020,10,16,22,30,0,0,3.5,26.1,96.03
2020,10,16,22,45,0,0,3.4000000000000004,26.1,94.73
2020,10,16,23,0,0,0,3.4000000000000004,26.1,94.73
2020,10,16,23,15,0,0,3.4000000000000004,26.1,94.73
2020,10,16,23,30,0,0,3.3000000000000003,26,95.28
2020,10,16,23,45,0,0,3.3000000000000003,26,94.03
2020,10,17,0,0,0,0,3.3000000000000003,26,94.03
2020,10,17,0,15,0,0,3.3000000000000003,26,94.03
2020,10,17,0,30,0,0,3.3000000000000003,25.900000000000002,94.58
2020,10,17,0,45,0,0,3.2,25.900000000000002,93.55
2020,10,17,1,0,0,0,3.2,25.900000000000002,93.46000000000001
2020,10,17,1,15,0,0,3.2,25.900000000000002,93.46000000000001
2020,10,17,1,30,0,0,3.2,25.8,94.01
2020,10,17,1,45,0,0,3.2,25.8,93.17
2020,10,17,2,0,0,0,3.2,25.8,93.17
2020,10,17,2,15,0,0,3.2,25.8,93.17
2020,10,17,2,30,0,0,3.3000000000000003,25.8,93.17
2020,10,17,2,45,0,0,3.3000000000000003,25.700000000000003,93.24
2020,10,17,3,0,0,0,3.3000000000000003,25.700000000000003,93.24
2020,10,17,3,15,0,0,3.3000000000000003,25.700000000000003,93.24
2020,10,17,3,30,0,0,3.3000000000000003,25.700000000000003,93.24
2020,10,17,3,45,0,0,3.4000000000000004,25.700000000000003,92.85000000000001
2020,10,17,4,0,0,0,3.4000000000000004,25.6,93.4
2020,10,17,4,15,0,0,3.4000000000000004,25.6,93.4
2020,10,17,4,30,0,0,3.4000000000000004,25.6,93.4
2020,10,17,4,45,0,0,3.4000000000000004,25.6,93.03
2020,10,17,5,0,0,0,3.4000000000000004,25.6,93.03
2020,10,17,5,15,0,0,3.4000000000000004,25.6,93.12
2020,10,17,5,30,0,0,3.4000000000000004,25.6,93.12
2020,10,17,5,45,0,0,3.4000000000000004,25.6,92.81
2020,10,17,6,0,0,0,3.3000000000000003,25.6,92.81
2020,10,17,6,15,0,0,3.4000000000000004,25.700000000000003,92.26
2020,10,17,6,30,11,0,3.4000000000000004,25.8,91.72
2020,10,17,6,45,32,3,3.5,25.900000000000002,91.94
2020,10,17,7,0,103,345,3.5,26,91.49
2020,10,17,7,15,128,243,3.5,26.1,90.96000000000001
2020,10,17,7,30,214,525,3.6,26.200000000000003,90.42
2020,10,17,7,45,271,577,3.6,26.200000000000003,90.07000000000001
2020,10,17,8,0,330,628,3.6,26.3,89.54
2020,10,17,8,15,234,108,3.7,26.5,88.5
2020,10,17,8,30,215,40,3.7,26.6,88.07000000000001
2020,10,17,8,45,248,48,3.7,26.700000000000003,86.28
2020,10,17,9,0,281,56,3.7,26.8,85.77
2020,10,17,9,15,387,149,3.7,27,84.77
2020,10,17,9,30,432,170,3.7,27.1,84.28
2020,10,17,9,45,530,290,3.7,27.200000000000003,82.28
2020,10,17,10,0,585,339,3.7,27.3,81.8
2020,10,17,10,15,768,832,3.7,27.400000000000002,81.33
2020,10,17,10,30,276,15,3.7,27.5,80.85000000000001
2020,10,17,10,45,60,0,3.7,27.6,79.55
2020,10,17,11,0,512,110,3.7,27.700000000000003,79.09
2020,10,17,11,15,520,107,3.7,27.8,78.63
2020,10,17,11,30,589,165,3.7,27.900000000000002,78.18
2020,10,17,11,45,667,256,3.7,28,77.65
2020,10,17,12,0,913,912,3.7,28,77.57000000000001
2020,10,17,12,15,913,912,3.7,28.1,77.12
2020,10,17,12,30,909,911,3.6,28.1,77.12
2020,10,17,12,45,900,909,3.6,28.1,77.04
2020,10,17,13,0,886,906,3.6,28.200000000000003,76.60000000000001
2020,10,17,13,15,868,902,3.6,28.200000000000003,76.52
2020,10,17,13,30,845,896,3.5,28.200000000000003,76.52
2020,10,17,13,45,820,901,3.5,28.200000000000003,76.44
2020,10,17,14,0,788,893,3.5,28.200000000000003,76.44
2020,10,17,14,15,753,884,3.5,28.200000000000003,76.44
2020,10,17,14,30,713,873,3.4000000000000004,28.200000000000003,76.44
2020,10,17,14,45,670,859,3.4000000000000004,28.200000000000003,76.31
2020,10,17,15,0,624,844,3.4000000000000004,28.200000000000003,76.31
2020,10,17,15,15,574,826,3.4000000000000004,28.1,76.75
2020,10,17,15,30,522,805,3.4000000000000004,28,77.2
2020,10,17,15,45,467,779,3.4000000000000004,27.900000000000002,77.98
2020,10,17,16,0,410,749,3.4000000000000004,27.900000000000002,77.98
2020,10,17,16,15,352,713,3.3000000000000003,27.700000000000003,78.89
2020,10,17,16,30,293,669,3.3000000000000003,27.6,79.35000000000001
2020,10,17,16,45,234,613,3.3000000000000003,27.400000000000002,81.44
2020,10,17,17,0,136,247,3.3000000000000003,27.3,81.91
2020,10,17,17,15,119,451,3.3000000000000003,27.1,82.96000000000001
2020,10,17,17,30,46,78,3.3000000000000003,26.900000000000002,83.94
2020,10,17,17,45,18,0,3.2,26.700000000000003,86.33
2020,10,17,18,0,0,0,3.2,26.5,87.35000000000001
2020,10,17,18,15,0,0,3.3000000000000003,26.400000000000002,87.86
2020,10,17,18,30,0,0,3.3000000000000003,26.400000000000002,87.86
2020,10,17,18,45,0,0,3.4000000000000004,26.3,88.74
2020,10,17,19,0,0,0,3.4000000000000004,26.3,88.74
2020,10,17,19,15,0,0,3.4000000000000004,26.3,88.74
2020,10,17,19,30,0,0,3.4000000000000004,26.3,88.74
2020,10,17,19,45,0,0,3.4000000000000004,26.3,88.74
2020,10,17,20,0,0,0,3.5,26.200000000000003,89.45
2020,10,17,20,15,0,0,3.5,26.1,89.98
2020,10,17,20,30,0,0,3.5,26.1,89.98
2020,10,17,20,45,0,0,3.5,26.1,90.05
2020,10,17,21,0,0,0,3.5,26,90.58
2020,10,17,21,15,0,0,3.5,26,90.58
2020,10,17,21,30,0,0,3.5,25.900000000000002,91.12
2020,10,17,21,45,0,0,3.6,25.900000000000002,90.82000000000001
2020,10,17,22,0,0,0,3.6,25.900000000000002,90.82000000000001
2020,10,17,22,15,0,0,3.5,25.900000000000002,90.82000000000001
2020,10,17,22,30,0,0,3.5,25.8,91.35000000000001
2020,10,17,22,45,0,0,3.5,25.8,90.69
2020,10,17,23,0,0,0,3.4000000000000004,25.8,90.69
2020,10,17,23,15,0,0,3.4000000000000004,25.8,90.69
2020,10,17,23,30,0,0,3.3000000000000003,25.700000000000003,91.23
2020,10,17,23,45,0,0,3.3000000000000003,25.700000000000003,90.43
2020,10,18,0,0,0,0,3.2,25.700000000000003,90.43
2020,10,18,0,15,0,0,3.2,25.700000000000003,90.43
2020,10,18,0,30,0,0,3.1,25.700000000000003,90.34
2020,10,18,0,45,0,0,3.1,25.6,90.16
2020,10,18,1,0,0,0,3,25.6,90.16
2020,10,18,1,15,0,0,3,25.6,90.16
2020,10,18,1,30,0,0,3,25.5,90.69
2020,10,18,1,45,0,0,2.9000000000000004,25.5,90.2
2020,10,18,2,0,0,0,2.9000000000000004,25.5,90.11
2020,10,18,2,15,0,0,2.9000000000000004,25.5,90.11
2020,10,18,2,30,0,0,2.9000000000000004,25.400000000000002,90.65
2020,10,18,2,45,0,0,2.9000000000000004,25.400000000000002,90.60000000000001
2020,10,18,3,0,0,0,2.8000000000000003,25.400000000000002,90.60000000000001
2020,10,18,3,15,0,0,2.9000000000000004,25.400000000000002,90.60000000000001
2020,10,18,3,30,0,0,2.9000000000000004,25.3,91.14
2020,10,18,3,45,0,0,2.9000000000000004,25.3,90.9
2020,10,18,4,0,0,0,2.9000000000000004,25.3,90.9
2020,10,18,4,15,0,0,3,25.3,90.9
2020,10,18,4,30,0,0,3,25.3,90.9
2020,10,18,4,45,0,0,3,25.3,90.21000000000001
2020,10,18,5,0,0,0,3.1,25.400000000000002,89.68
2020,10,18,5,15,0,0,3.1,25.400000000000002,89.68
2020,10,18,5,30,0,0,3.1,25.400000000000002,89.68
2020,10,18,5,45,0,0,3.1,25.400000000000002,89.43
2020,10,18,6,0,0,0,3.1,25.400000000000002,89.43
2020,10,18,6,15,0,0,3.2,25.6,88.46000000000001
2020,10,18,6,30,20,103,3.3000000000000003,25.8,87.43
2020,10,18,6,45,58,279,3.3000000000000003,25.900000000000002,87.82000000000001
2020,10,18,7,0,107,412,3.4000000000000004,26.1,86.79
2020,10,18,7,15,163,513,3.5,26.3,85.78
2020,10,18,7,30,221,588,3.5,26.5,84.78
2020,10,18,7,45,280,650,3.6,26.6,82.97
2020,10,18,8,0,339,696,3.6,26.8,82.09
2020,10,18,8,15,398,736,3.6,27,81.13
2020,10,18,8,30,456,768,3.6,27.1,80.66
2020,10,18,8,45,511,795,3.6,27.3,78.16
2020,10,18,9,0,564,817,3.6,27.5,77.25
2020,10,18,9,15,615,837,3.5,27.700000000000003,76.36
2020,10,18,9,30,663,853,3.5,27.8,75.91
2020,10,18,9,45,707,868,3.5,28,74.27
2020,10,18,10,0,747,880,3.5,28.1,73.84
2020,10,18,10,15,784,890,3.5,28.200000000000003,73.42
2020,10,18,10,30,817,898,3.4000000000000004,28.3,72.99
2020,10,18,10,45,846,909,3.4000000000000004,28.5,71.55
2020,10,18,11,0,426,54,3.4000000000000004,28.6,71.07000000000001
2020,10,18,11,15,890,921,3.4000000000000004,28.700000000000003,70.66
2020,10,18,11,30,905,924,3.4000000000000004,28.700000000000003,70.66
2020,10,18,11,45,915,924,3.4000000000000004,28.8,69.94
2020,10,18,12,0,920,925,3.4000000000000004,28.900000000000002,69.54
2020,10,18,12,15,919,924,3.3000000000000003,28.900000000000002,69.47
2020,10,18,12,30,914,923,3.3000000000000003,28.900000000000002,69.47
2020,10,18,12,45,905,918,3.3000000000000003,29,68.81
2020,10,18,13,0,891,915,3.3000000000000003,29,68.81
2020,10,18,13,15,872,911,3.3000000000000003,29,68.81
2020,10,18,13,30,849,906,3.3000000000000003,29,68.81
2020,10,18,13,45,822,899,3.2,28.900000000000002,69.07000000000001
2020,10,18,14,0,790,891,3.2,28.900000000000002,69.07000000000001
2020,10,18,14,15,754,882,3.2,28.8,69.47
2020,10,18,14,30,713,869,3.2,28.8,69.47
2020,10,18,14,45,406,129,3.2,28.700000000000003,69.89
2020,10,18,15,0,135,0,3.1,28.6,70.3
2020,10,18,15,15,182,4,3.1,28.5,70.7
2020,10,18,15,30,336,167,3.1,28.400000000000002,71.11
2020,10,18,15,45,364,338,3.1,28.3,71.92
2020,10,18,16,0,161,11,3.1,28.200000000000003,72.34
2020,10,18,16,15,105,0,3,28,73.18
2020,10,18,16,30,77,0,3,27.8,74.03
2020,10,18,16,45,64,0,2.9000000000000004,27.700000000000003,75.66
2020,10,18,17,0,73,0,2.9000000000000004,27.5,76.55
2020,10,18,17,15,63,28,2.8000000000000003,27.3,77.45
2020,10,18,17,30,25,0,2.7,27,78.82000000000001
2020,10,18,17,45,14,0,2.6,26.8,81.29
2020,10,18,18,0,0,0,2.5,26.6,82.24
2020,10,18,18,15,0,0,2.5,26.5,82.73
2020,10,18,18,30,0,0,2.5,26.400000000000002,83.22
2020,10,18,18,45,0,0,2.5,26.3,83.93
2020,10,18,19,0,0,0,2.5,26.200000000000003,84.42
2020,10,18,19,15,0,0,2.5,26.200000000000003,84.42
2020,10,18,19,30,0,0,2.5,26.200000000000003,84.42
2020,10,18,19,45,0,0,2.5,26.200000000000003,84.42
2020,10,18,20,0,0,0,2.5,26,85.26
2020,10,18,20,15,0,0,2.5,25.900000000000002,85.76
2020,10,18,20,30,0,0,2.4000000000000004,25.900000000000002,85.76
2020,10,18,20,45,0,0,2.4000000000000004,25.8,85.92
2020,10,18,21,0,0,0,2.4000000000000004,25.8,85.92
2020,10,18,21,15,0,0,2.4000000000000004,25.700000000000003,86.43
2020,10,18,21,30,0,0,2.3000000000000003,25.700000000000003,86.43
2020,10,18,21,45,0,0,2.3000000000000003,25.6,86.23
2020,10,18,22,0,0,0,2.2,25.6,86.23
2020,10,18,22,15,0,0,2.2,25.5,86.74
2020,10,18,22,30,0,0,2.1,25.5,86.74
2020,10,18,22,45,0,0,2.1,25.5,85.91
2020,10,18,23,0,0,0,2.1,25.400000000000002,86.42
2020,10,18,23,15,0,0,2,25.400000000000002,86.33
2020,10,18,23,30,0,0,2,25.400000000000002,86.33
2020,10,18,23,45,0,0,2,25.400000000000002,85.63
2020,10,19,0,0,0,0,1.9000000000000001,25.400000000000002,85.63
2020,10,19,0,15,0,0,1.9000000000000001,25.3,86.14
2020,10,19,0,30,0,0,1.9000000000000001,25.3,86.14
2020,10,19,0,45,0,0,1.8,25.3,85.60000000000001
2020,10,19,1,0,0,0,1.8,25.3,85.60000000000001
2020,10,19,1,15,0,0,1.8,25.3,85.60000000000001
2020,10,19,1,30,0,0,1.8,25.200000000000003,86.02
2020,10,19,1,45,0,0,1.8,25.200000000000003,85.74
2020,10,19,2,0,0,0,1.8,25.200000000000003,85.74
2020,10,19,2,15,0,0,1.8,25.1,86.25
2020,10,19,2,30,0,0,1.8,25.1,86.25
2020,10,19,2,45,0,0,1.8,25.1,86.21000000000001
2020,10,19,3,0,0,0,1.9000000000000001,25,86.73
2020,10,19,3,15,0,0,1.9000000000000001,25,86.64
2020,10,19,3,30,0,0,1.9000000000000001,25,86.64
2020,10,19,3,45,0,0,1.9000000000000001,24.900000000000002,87.28
2020,10,19,4,0,0,0,1.9000000000000001,24.900000000000002,87.28
2020,10,19,4,15,0,0,2,24.900000000000002,87.28
2020,10,19,4,30,0,0,2,24.900000000000002,87.28
2020,10,19,4,45,0,0,2,24.900000000000002,87.10000000000001
2020,10,19,5,0,0,0,2,24.900000000000002,87.10000000000001
2020,10,19,5,15,0,0,2,24.900000000000002,87.10000000000001
2020,10,19,5,30,0,0,2,24.900000000000002,87.10000000000001
2020,10,19,5,45,0,0,2,24.900000000000002,86.9
2020,10,19,6,0,0,0,2,24.900000000000002,86.9
2020,10,19,6,15,0,0,2,25.1,85.88
2020,10,19,6,30,21,155,1.9000000000000001,25.400000000000002,84.36
2020,10,19,6,45,61,341,1.9000000000000001,25.6,85.87
2020,10,19,7,0,112,473,1.9000000000000001,25.8,84.87
2020,10,19,7,15,169,569,2,26,83.87
2020,10,19,7,30,228,641,2,26.200000000000003,82.97
2020,10,19,7,45,289,704,2,26.400000000000002,80.43
2020,10,19,8,0,350,748,2,26.6,79.49
2020,10,19,8,15,409,784,2,26.8,78.56
2020,10,19,8,30,467,813,2,27,77.65
2020,10,19,8,45,524,842,2,27.200000000000003,75.89
2020,10,19,9,0,577,863,2,27.400000000000002,75.01
2020,10,19,9,15,628,880,2,27.6,74.14
2020,10,19,9,30,676,895,2,27.8,73.29
2020,10,19,9,45,721,910,1.9000000000000001,28,71.14
2020,10,19,10,0,761,921,1.9000000000000001,28.200000000000003,70.32000000000001
2020,10,19,10,15,798,930,1.9000000000000001,28.400000000000002,69.51
2020,10,19,10,30,831,938,1.8,28.5,69.11
2020,10,19,10,45,858,936,1.8,28.700000000000003,67.44
2020,10,19,11,0,882,942,1.8,28.8,67.05
2020,10,19,11,15,900,944,1.7000000000000002,28.900000000000002,66.66
2020,10,19,11,30,915,947,1.6,29,66.21000000000001
2020,10,19,11,45,925,947,1.6,29.1,65.2
2020,10,19,12,0,930,948,1.5,29.200000000000003,64.82000000000001
2020,10,19,12,15,930,948,1.5,29.3,64.45
2020,10,19,12,30,926,947,1.4000000000000001,29.3,64.39
2020,10,19,12,45,914,940,1.4000000000000001,29.400000000000002,63.440000000000005
2020,10,19,13,0,900,937,1.3,29.400000000000002,63.440000000000005
2020,10,19,13,15,881,933,1.3,29.400000000000002,63.440000000000005
2020,10,19,13,30,858,928,1.3,29.400000000000002,63.440000000000005
2020,10,19,13,45,830,922,1.3,29.400000000000002,63.18
2020,10,19,14,0,540,208,1.2000000000000002,29.3,63.54
2020,10,19,14,15,399,75,1.2000000000000002,29.3,63.54
2020,10,19,14,30,318,37,1.2000000000000002,29.200000000000003,63.910000000000004
2020,10,19,14,45,371,91,1.2000000000000002,29.1,64.53
2020,10,19,15,0,498,377,1.2000000000000002,29.1,64.53
2020,10,19,15,15,352,139,1.2000000000000002,29,64.91
2020,10,19,15,30,303,113,1.2000000000000002,28.900000000000002,65.28
2020,10,19,15,45,256,87,1.2000000000000002,28.900000000000002,66.26
2020,10,19,16,0,50,0,1.3,28.8,66.64
2020,10,19,16,15,7,0,1.3,28.6,67.42
2020,10,19,16,30,171,104,1.3,28.5,67.81
2020,10,19,16,45,192,362,1.3,28.3,70.14
2020,10,19,17,0,141,309,1.3,28.200000000000003,70.55
2020,10,19,17,15,74,93,1.3,27.900000000000002,71.78
2020,10,19,17,30,38,33,1.3,27.6,73.05
2020,10,19,17,45,10,0,1.4000000000000001,27.400000000000002,76.18
2020,10,19,18,0,0,0,1.4000000000000001,27.1,77.61
2020,10,19,18,15,0,0,1.4000000000000001,27,78.06
2020,10,19,18,30,0,0,1.5,26.900000000000002,78.52
2020,10,19,18,45,0,0,1.5,26.8,79.73
2020,10,19,19,0,0,0,1.6,26.700000000000003,80.2
2020,10,19,19,15,0,0,1.6,26.700000000000003,80.2
2020,10,19,19,30,0,0,1.6,26.700000000000003,80.2
2020,10,19,19,45,0,0,1.6,26.700000000000003,80.2
2020,10,19,20,0,0,0,1.7000000000000002,26.3,82.38
2020,10,19,20,15,0,0,1.7000000000000002,26.3,82.38
2020,10,19,20,30,0,0,1.7000000000000002,26.200000000000003,82.87
2020,10,19,20,45,0,0,1.7000000000000002,26.1,83.38
2020,10,19,21,0,0,0,1.7000000000000002,26.1,83.38
2020,10,19,21,15,0,0,1.7000000000000002,26,83.88
2020,10,19,21,30,0,0,1.7000000000000002,26,83.88
2020,10,19,21,45,0,0,1.6,26,83.60000000000001
2020,10,19,22,0,0,0,1.6,25.900000000000002,84.09
2020,10,19,22,15,0,0,1.6,25.900000000000002,84.09
2020,10,19,22,30,0,0,1.6,25.900000000000002,84.09
2020,10,19,22,45,0,0,1.5,25.900000000000002,83.46000000000001
2020,10,19,23,0,0,0,1.5,25.900000000000002,83.46000000000001
2020,10,19,23,15,0,0,1.4000000000000001,25.8,83.95
2020,10,19,23,30,0,0,1.4000000000000001,25.8,83.95
2020,10,19,23,45,0,0,1.3,25.8,82.84
2020,10,20,0,0,0,0,1.3,25.8,82.84
2020,10,20,0,15,0,0,1.2000000000000002,25.700000000000003,83.33
2020,10,20,0,30,0,0,1.2000000000000002,25.700000000000003,83.33
2020,10,20,0,45,0,0,1.1,25.700000000000003,82.3
2020,10,20,1,0,0,0,1.1,25.6,82.7
2020,10,20,1,15,0,0,1.1,25.6,82.7
2020,10,20,1,30,0,0,1.1,25.6,82.7
2020,10,20,1,45,0,0,1,25.6,81.89
2020,10,20,2,0,0,0,1,25.6,81.89
2020,10,20,2,15,0,0,1,25.6,81.89
2020,10,20,2,30,0,0,1,25.6,81.89
2020,10,20,2,45,0,0,1,25.6,81.33
2020,10,20,3,0,0,0,1.1,25.6,81.33
2020,10,20,3,15,0,0,1.1,25.5,81.82000000000001
2020,10,20,3,30,0,0,1.1,25.5,81.82000000000001
2020,10,20,3,45,0,0,1.1,25.5,81.43
2020,10,20,4,0,0,0,1.2000000000000002,25.5,81.43
2020,10,20,4,15,0,0,1.2000000000000002,25.5,81.43
2020,10,20,4,30,0,0,1.2000000000000002,25.400000000000002,81.91
2020,10,20,4,45,0,0,1.2000000000000002,25.400000000000002,81.49
2020,10,20,5,0,0,0,1.2000000000000002,25.400000000000002,81.57000000000001
2020,10,20,5,15,0,0,1.2000000000000002,25.400000000000002,81.57000000000001
2020,10,20,5,30,0,0,1.2000000000000002,25.400000000000002,81.57000000000001
2020,10,20,5,45,0,0,1.3,25.400000000000002,81.14
2020,10,20,6,0,0,0,1.3,25.400000000000002,81.14
2020,10,20,6,15,0,0,1.2000000000000002,25.6,80.19
2020,10,20,6,30,20,151,1.2000000000000002,25.700000000000003,79.71000000000001
2020,10,20,6,45,60,340,1.2000000000000002,25.8,82.81
2020,10,20,7,0,111,473,1.2000000000000002,25.900000000000002,82.33
2020,10,20,7,15,167,569,1.2000000000000002,26.200000000000003,80.97
2020,10,20,7,30,227,641,1.2000000000000002,26.5,79.55
2020,10,20,7,45,287,703,1.2000000000000002,26.700000000000003,77.02
2020,10,20,8,0,348,748,1.2000000000000002,27,75.68
2020,10,20,8,15,407,783,1.2000000000000002,27.200000000000003,74.8
2020,10,20,8,30,464,813,1.1,27.400000000000002,73.94
2020,10,20,8,45,521,840,1.1,27.6,67.65
2020,10,20,9,0,574,860,1.1,27.8,66.87
2020,10,20,9,15,626,880,1,28,66.1
2020,10,20,9,30,674,895,1,28.200000000000003,65.34
2020,10,20,9,45,718,909,0.9,28.5,61.940000000000005
2020,10,20,10,0,759,920,0.9,28.700000000000003,61.230000000000004
2020,10,20,10,15,796,929,0.8,28.900000000000002,60.53
2020,10,20,10,30,829,937,0.8,29,60.18
2020,10,20,10,45,703,457,0.7000000000000001,29.200000000000003,58.68
2020,10,20,11,0,881,948,0.6000000000000001,29.400000000000002,58.01
2020,10,20,11,15,900,952,0.6000000000000001,29.5,57.68
2020,10,20,11,30,915,956,0.6000000000000001,29.6,57.29
2020,10,20,11,45,798,513,0.6000000000000001,29.700000000000003,56.82
2020,10,20,12,0,787,489,0.6000000000000001,29.8,56.49
2020,10,20,12,15,804,514,0.6000000000000001,29.8,56.49
2020,10,20,12,30,762,456,0.7000000000000001,29.900000000000002,56.17
2020,10,20,12,45,915,954,0.7000000000000001,29.900000000000002,56.620000000000005
2020,10,20,13,0,901,951,0.7000000000000001,30,56.24
2020,10,20,13,15,354,27,0.8,30,56.24
2020,10,20,13,30,136,0,0.9,30,56.24
2020,10,20,13,45,191,6,0.9,29.900000000000002,57.46
2020,10,20,14,0,227,9,1,29.900000000000002,57.46
2020,10,20,14,15,212,8,1.1,29.900000000000002,57.46
2020,10,20,14,30,719,903,1.1,29.8,57.79
2020,10,20,14,45,675,888,1.2000000000000002,29.700000000000003,59.34
2020,10,20,15,0,628,873,1.3,29.6,59.68
2020,10,20,15,15,36,0,1.4000000000000001,29.5,60.03
2020,10,20,15,30,399,331,1.4000000000000001,29.3,60.72
2020,10,20,15,45,323,230,1.5,29.200000000000003,63.160000000000004
2020,10,20,16,0,304,294,1.5,29.1,63.52
2020,10,20,16,15,237,204,1.6,28.900000000000002,64.26
2020,10,20,16,30,18,0,1.6,28.700000000000003,65
2020,10,20,16,45,143,125,1.6,28.5,68.7
2020,10,20,17,0,113,144,1.6,28.3,69.5
2020,10,20,17,15,78,130,1.6,28,70.72
2020,10,20,17,30,44,90,1.6,27.700000000000003,71.97
2020,10,20,17,45,23,167,1.6,27.400000000000002,75.5
2020,10,20,18,0,0,0,1.6,27.1,76.91
2020,10,20,18,15,0,0,1.6,27,77.36
2020,10,20,18,30,0,0,1.6,26.900000000000002,77.82000000000001
2020,10,20,18,45,0,0,1.6,26.900000000000002,77.87
2020,10,20,19,0,0,0,1.6,26.8,78.32000000000001
2020,10,20,19,15,0,0,1.6,26.8,78.32000000000001
2020,10,20,19,30,0,0,1.6,26.8,78.32000000000001
2020,10,20,19,45,0,0,1.6,26.8,78.32000000000001
2020,10,20,20,0,0,0,1.5,26.6,78.92
2020,10,20,20,15,0,0,1.5,26.5,79.39
2020,10,20,20,30,0,0,1.5,26.5,79.39
2020,10,20,20,45,0,0,1.5,26.400000000000002,79.27
2020,10,20,21,0,0,0,1.4000000000000001,26.400000000000002,79.27
2020,10,20,21,15,0,0,1.4000000000000001,26.3,79.74
2020,10,20,21,30,0,0,1.4000000000000001,26.3,79.74
2020,10,20,21,45,0,0,1.4000000000000001,26.200000000000003,79.73
2020,10,20,22,0,0,0,1.4000000000000001,26.200000000000003,79.73
2020,10,20,22,15,0,0,1.4000000000000001,26.200000000000003,79.73
2020,10,20,22,30,0,0,1.3,26.1,80.2
2020,10,20,22,45,0,0,1.3,26.1,79.8
2020,10,20,23,0,0,0,1.3,26.1,79.8
2020,10,20,23,15,0,0,1.3,26,80.27
2020,10,20,23,30,0,0,1.2000000000000002,25.900000000000002,80.75
2020,10,20,23,45,0,0,1.2000000000000002,25.900000000000002,80.55
2020,10,21,0,0,0,0,1.2000000000000002,25.8,81.02
2020,10,21,0,15,0,0,1.2000000000000002,25.8,81.02
2020,10,21,0,30,0,0,1.2000000000000002,25.8,81.02
2020,10,21,0,45,0,0,1.1,25.700000000000003,81.4
2020,10,21,1,0,0,0,1.1,25.700000000000003,81.4
2020,10,21,1,15,0,0,1.1,25.6,81.88
2020,10,21,1,30,0,0,1.1,25.6,81.88
2020,10,21,1,45,0,0,1.1,25.6,81.77
2020,10,21,2,0,0,0,1,25.5,82.17
2020,10,21,2,15,0,0,1,25.5,82.17
2020,10,21,2,30,0,0,1,25.5,82.17
2020,10,21,2,45,0,0,1,25.5,82.14
2020,10,21,3,0,0,0,1,25.5,82.14
2020,10,21,3,15,0,0,1,25.400000000000002,82.63
2020,10,21,3,30,0,0,1,25.400000000000002,82.63
2020,10,21,3,45,0,0,1,25.400000000000002,82.63
2020,10,21,4,0,0,0,1,25.3,83.12
2020,10,21,4,15,0,0,1,25.3,83.12
2020,10,21,4,30,0,0,1,25.3,83.12
2020,10,21,4,45,0,0,1.1,25.3,83.2
2020,10,21,5,0,0,0,1.1,25.3,83.2
2020,10,21,5,15,0,0,1.1,25.3,83.2
2020,10,21,5,30,0,0,1.2000000000000002,25.3,83.29
2020,10,21,5,45,0,0,1.2000000000000002,25.3,83.53
2020,10,21,6,0,0,0,1.3,25.3,83.53
2020,10,21,6,15,0,0,1.3,25.400000000000002,83.04
2020,10,21,6,30,19,152,1.3,25.6,82.06
2020,10,21,6,45,58,330,1.3,25.8,84.11
2020,10,21,7,0,108,460,1.4000000000000001,25.900000000000002,83.61
2020,10,21,7,15,163,556,1.4000000000000001,26.1,82.72
2020,10,21,7,30,222,628,1.5,26.3,81.75
2020,10,21,7,45,281,685,1.5,26.5,79.48
2020,10,21,8,0,340,729,1.5,26.700000000000003,78.55
2020,10,21,8,15,399,766,1.6,26.900000000000002,77.64
2020,10,21,8,30,456,796,1.6,27.1,76.73
2020,10,21,8,45,511,823,1.7000000000000002,27.200000000000003,75.91
2020,10,21,9,0,564,844,1.7000000000000002,27.400000000000002,75.03
2020,10,21,9,15,613,860,1.7000000000000002,27.6,74.16
2020,10,21,9,30,660,875,1.8,27.700000000000003,73.73
2020,10,21,9,45,704,889,1.8,27.900000000000002,72.02
2020,10,21,10,0,744,900,1.9000000000000001,28.1,71.19
2020,10,21,10,15,781,910,1.9000000000000001,28.200000000000003,70.78
2020,10,21,10,30,813,918,2,28.3,70.37
2020,10,21,10,45,840,925,2,28.5,68.85000000000001
2020,10,21,11,0,864,931,2,28.6,68.45
2020,10,21,11,15,883,935,2.1,28.6,68.45
2020,10,21,11,30,898,938,2.1,28.700000000000003,68.06
2020,10,21,11,45,906,936,2.1,28.8,67.34
2020,10,21,12,0,911,938,2.2,28.8,67.34
2020,10,21,12,15,911,938,2.2,28.8,67.34
2020,10,21,12,30,907,937,2.2,28.900000000000002,66.95
2020,10,21,12,45,896,931,2.2,28.900000000000002,66.63
2020,10,21,13,0,882,928,2.2,28.900000000000002,66.63
2020,10,21,13,15,863,924,2.2,28.900000000000002,66.63
2020,10,21,13,30,840,919,2.2,28.8,67.02
2020,10,21,13,45,811,907,2.2,28.8,67.13
2020,10,21,14,0,779,900,2.2,28.8,67.13
2020,10,21,14,15,743,890,2.2,28.700000000000003,67.52
2020,10,21,14,30,704,879,2.2,28.700000000000003,67.52
2020,10,21,14,45,660,863,2.2,28.6,68.49
2020,10,21,15,0,613,847,2.2,28.6,68.42
2020,10,21,15,15,563,829,2.2,28.5,68.82000000000001
2020,10,21,15,30,511,808,2.2,28.400000000000002,69.22
2020,10,21,15,45,455,780,2.2,28.3,71.09
2020,10,21,16,0,399,750,2.2,28.200000000000003,71.5
2020,10,21,16,15,341,712,2.2,28,72.34
2020,10,21,16,30,282,668,2.2,27.900000000000002,72.76
2020,10,21,16,45,182,328,2.1,27.700000000000003,76.13
2020,10,21,17,0,129,254,2.1,27.6,76.57000000000001
2020,10,21,17,15,86,207,2.1,27.400000000000002,77.47
2020,10,21,17,30,43,97,2,27.1,78.84
2020,10,21,17,45,14,0,2,26.900000000000002,82.08
2020,10,21,18,0,0,0,1.9000000000000001,26.700000000000003,83.05
2020,10,21,18,15,0,0,1.9000000000000001,26.6,83.54
2020,10,21,18,30,0,0,1.9000000000000001,26.5,84.03
2020,10,21,18,45,0,0,1.9000000000000001,26.5,84.64
2020,10,21,19,0,0,0,1.9000000000000001,26.400000000000002,85.23
2020,10,21,19,15,0,0,1.9000000000000001,26.400000000000002,85.23
2020,10,21,19,30,0,0,1.9000000000000001,26.400000000000002,85.23
2020,10,21,19,45,0,0,1.9000000000000001,26.400000000000002,85.23
2020,10,21,20,0,0,0,2,26.1,87.36
2020,10,21,20,15,0,0,2,26.1,87.36
2020,10,21,20,30,0,0,1.9000000000000001,26.1,87.36
2020,10,21,20,45,0,0,1.9000000000000001,26,88.4
2020,10,21,21,0,0,0,1.9000000000000001,26,88.4
2020,10,21,21,15,0,0,1.9000000000000001,26,88.4
2020,10,21,21,30,0,0,1.9000000000000001,25.900000000000002,88.92
2020,10,21,21,45,0,0,1.9000000000000001,25.900000000000002,89.13
2020,10,21,22,0,0,0,1.9000000000000001,25.900000000000002,89.13
2020,10,21,22,15,0,0,1.9000000000000001,25.8,89.66
2020,10,21,22,30,0,0,1.9000000000000001,25.8,89.66
2020,10,21,22,45,0,0,1.9000000000000001,25.8,89.31
2020,10,21,23,0,0,0,1.8,25.8,89.22
2020,10,21,23,15,0,0,1.8,25.8,89.22
2020,10,21,23,30,0,0,1.8,25.700000000000003,89.75
2020,10,21,23,45,0,0,1.8,25.700000000000003,89
2020,10,22,0,0,0,0,1.8,25.700000000000003,89
2020,10,22,0,15,0,0,1.8,25.700000000000003,89
2020,10,22,0,30,0,0,1.8,25.700000000000003,89
2020,10,22,0,45,0,0,1.8,25.700000000000003,88.33
2020,10,22,1,0,0,0,1.7000000000000002,25.700000000000003,88.24
2020,10,22,1,15,0,0,1.7000000000000002,25.700000000000003,88.24
2020,10,22,1,30,0,0,1.7000000000000002,25.700000000000003,88.24
2020,10,22,1,45,0,0,1.7000000000000002,25.700000000000003,87.92
2020,10,22,2,0,0,0,1.7000000000000002,25.6,88.44
2020,10,22,2,15,0,0,1.7000000000000002,25.6,88.44
2020,10,22,2,30,0,0,1.7000000000000002,25.6,88.44
2020,10,22,2,45,0,0,1.7000000000000002,25.6,88.27
2020,10,22,3,0,0,0,1.8,25.6,88.27
2020,10,22,3,15,0,0,1.8,25.700000000000003,87.75
2020,10,22,3,30,0,0,1.8,25.700000000000003,87.75
2020,10,22,3,45,0,0,1.8,25.700000000000003,87.72
2020,10,22,4,0,0,0,1.8,25.700000000000003,87.72
2020,10,22,4,15,0,0,1.9000000000000001,25.700000000000003,87.72
2020,10,22,4,30,0,0,1.9000000000000001,25.700000000000003,87.72
2020,10,22,4,45,0,0,1.9000000000000001,25.700000000000003,87.76
2020,10,22,5,0,0,0,2,25.700000000000003,87.76
2020,10,22,5,15,0,0,2,25.700000000000003,87.85000000000001
2020,10,22,5,30,0,0,2,25.700000000000003,87.85000000000001
2020,10,22,5,45,0,0,2.1,25.700000000000003,87.93
2020,10,22,6,0,0,0,2.1,25.700000000000003,87.93
2020,10,22,6,15,0,0,2.1,25.900000000000002,86.9
2020,10,22,6,30,9,0,2.2,26.1,85.88
2020,10,22,6,45,32,19,2.2,26.3,87.56
2020,10,22,7,0,62,59,2.2,26.400000000000002,87.13
2020,10,22,7,15,159,530,2.2,26.700000000000003,85.61
2020,10,22,7,30,216,603,2.3000000000000003,26.900000000000002,84.62
2020,10,22,7,45,158,89,2.4000000000000004,27.1,83.27
2020,10,22,8,0,201,119,2.4000000000000004,27.3,82.3
2020,10,22,8,15,230,111,2.4000000000000004,27.5,81.35000000000001
2020,10,22,8,30,448,772,2.4000000000000004,27.6,80.87
2020,10,22,8,45,501,794,2.4000000000000004,27.8,77.66
2020,10,22,9,0,553,816,2.4000000000000004,27.900000000000002,77.21000000000001
2020,10,22,9,15,603,835,2.5,28.1,76.32000000000001
2020,10,22,9,30,650,851,2.5,28.200000000000003,75.88
2020,10,22,9,45,693,862,2.5,28.400000000000002,73.97
2020,10,22,10,0,732,873,2.6,28.5,73.55
2020,10,22,10,15,769,883,2.6,28.700000000000003,72.7
2020,10,22,10,30,801,892,2.7,28.8,72.28
2020,10,22,10,45,829,902,2.7,28.900000000000002,70.79
2020,10,22,11,0,852,908,2.7,29,70.38
2020,10,22,11,15,872,913,2.8000000000000003,29.1,69.98
2020,10,22,11,30,886,917,2.8000000000000003,29.200000000000003,69.5
2020,10,22,11,45,896,918,2.9000000000000004,29.3,68.43
2020,10,22,12,0,901,919,2.9000000000000004,29.400000000000002,68.04
2020,10,22,12,15,901,920,2.9000000000000004,29.400000000000002,68.04
2020,10,22,12,30,689,309,3,29.5,67.65
2020,10,22,12,45,887,917,3,29.5,67.39
2020,10,22,13,0,874,915,3.1,29.6,67.01
2020,10,22,13,15,655,309,3.1,29.6,67.01
2020,10,22,13,30,832,905,3.1,29.6,67.01
2020,10,22,13,45,801,882,3.2,29.6,67.08
2020,10,22,14,0,770,874,3.2,29.6,67.08
2020,10,22,14,15,735,865,3.2,29.5,67.47
2020,10,22,14,30,695,853,3.2,29.5,67.47
2020,10,22,14,45,652,840,3.2,29.400000000000002,68
2020,10,22,15,0,606,824,3.2,29.400000000000002,67.93
2020,10,22,15,15,557,805,3.2,29.3,68.39
2020,10,22,15,30,406,370,3.2,29.200000000000003,68.78
2020,10,22,15,45,335,278,3.1,29.200000000000003,69.38
2020,10,22,16,0,393,725,3.1,29.1,69.78
2020,10,22,16,15,233,203,3.1,28.900000000000002,70.59
2020,10,22,16,30,277,641,3,28.700000000000003,71.41
2020,10,22,16,45,169,267,3,28.5,74.53
2020,10,22,17,0,125,238,2.9000000000000004,28.3,75.4
2020,10,22,17,15,107,411,2.8000000000000003,28,76.72
2020,10,22,17,30,58,281,2.8000000000000003,27.700000000000003,78.07000000000001
2020,10,22,17,45,10,0,2.7,27.5,80.97
2020,10,22,18,0,0,0,2.6,27.200000000000003,82.48
2020,10,22,18,15,0,0,2.6,27.1,82.97
2020,10,22,18,30,0,0,2.6,27,83.45
2020,10,22,18,45,0,0,2.6,26.900000000000002,84.92
2020,10,22,19,0,0,0,2.6,26.8,85.42
2020,10,22,19,15,0,0,2.6,26.8,85.42
2020,10,22,19,30,0,0,2.6,26.8,85.42
2020,10,22,19,45,0,0,2.6,26.8,85.42
2020,10,22,20,0,0,0,2.6,26.6,87.29
2020,10,22,20,15,0,0,2.7,26.5,87.8
2020,10,22,20,30,0,0,2.7,26.5,87.8
2020,10,22,20,45,0,0,2.7,26.400000000000002,88.9
2020,10,22,21,0,0,0,2.8000000000000003,26.400000000000002,88.9
2020,10,22,21,15,0,0,2.8000000000000003,26.3,89.43
2020,10,22,21,30,0,0,2.8000000000000003,26.3,89.43
2020,10,22,21,45,0,0,2.9000000000000004,26.3,89.75
2020,10,22,22,0,0,0,2.9000000000000004,26.200000000000003,90.28
2020,10,22,22,15,0,0,2.9000000000000004,26.200000000000003,90.28
2020,10,22,22,30,0,0,2.9000000000000004,26.200000000000003,90.28
2020,10,22,22,45,0,0,2.9000000000000004,26.1,90.64
2020,10,22,23,0,0,0,2.9000000000000004,26.1,90.64
2020,10,22,23,15,0,0,2.9000000000000004,26.1,90.64
2020,10,22,23,30,0,0,2.9000000000000004,26.1,90.55
2020,10,22,23,45,0,0,2.9000000000000004,26.1,89.97
2020,10,23,0,0,0,0,2.9000000000000004,26,90.5
2020,10,23,0,15,0,0,2.9000000000000004,26,90.5
2020,10,23,0,30,0,0,2.9000000000000004,26,90.5
2020,10,23,0,45,0,0,2.9000000000000004,26,89.88
2020,10,23,1,0,0,0,2.9000000000000004,26,89.88
2020,10,23,1,15,0,0,2.9000000000000004,25.900000000000002,90.41
2020,10,23,1,30,0,0,2.9000000000000004,25.900000000000002,90.41
2020,10,23,1,45,0,0,2.9000000000000004,25.900000000000002,89.7
2020,10,23,2,0,0,0,2.9000000000000004,25.8,90.23
2020,10,23,2,15,0,0,2.9000000000000004,25.8,90.14
2020,10,23,2,30,0,0,2.9000000000000004,25.8,90.14
2020,10,23,2,45,0,0,2.9000000000000004,25.700000000000003,90.04
2020,10,23,3,0,0,0,2.9000000000000004,25.700000000000003,90.04
2020,10,23,3,15,0,0,2.9000000000000004,25.700000000000003,90.04
2020,10,23,3,30,0,0,2.9000000000000004,25.700000000000003,90.04
2020,10,23,3,45,0,0,3,25.700000000000003,89.47
2020,10,23,4,0,0,0,3,25.700000000000003,89.47
2020,10,23,4,15,0,0,3,25.700000000000003,89.47
2020,10,23,4,30,0,0,3,25.700000000000003,89.47
2020,10,23,4,45,0,0,3,25.700000000000003,89.07000000000001
2020,10,23,5,0,0,0,3,25.700000000000003,89.16
2020,10,23,5,15,0,0,3,25.8,88.64
2020,10,23,5,30,0,0,3,25.8,88.64
2020,10,23,5,45,0,0,3,25.8,88.76
2020,10,23,6,0,0,0,3.1,25.8,88.76
2020,10,23,6,15,0,0,3.1,26,87.72
2020,10,23,6,30,9,0,3.2,26.3,86.19
2020,10,23,6,45,35,45,3.3000000000000003,26.5,86.83
2020,10,23,7,0,69,109,3.4000000000000004,26.8,85.31
2020,10,23,7,15,116,201,3.5,27,84.32000000000001
2020,10,23,7,30,107,33,3.6,27.200000000000003,83.34
2020,10,23,7,45,137,44,3.7,27.5,81.04
2020,10,23,8,0,208,139,3.8000000000000003,27.700000000000003,80.10000000000001
2020,10,23,8,15,251,161,3.8000000000000003,27.8,79.63
2020,10,23,8,30,272,131,3.9000000000000004,28,78.71000000000001
2020,10,23,8,45,505,814,3.9000000000000004,28.200000000000003,76.91
2020,10,23,9,0,558,836,4,28.3,76.47
2020,10,23,9,15,608,854,4,28.5,75.59
2020,10,23,9,30,655,870,4,28.6,75.15
2020,10,23,9,45,698,881,4.1000000000000005,28.8,73.64
2020,10,23,10,0,738,892,4.1000000000000005,28.900000000000002,73.22
2020,10,23,10,15,774,902,4.1000000000000005,29,72.8
2020,10,23,10,30,807,910,4.2,29.1,72.38
2020,10,23,10,45,835,921,4.2,29.200000000000003,71.83
2020,10,23,11,0,859,926,4.2,29.3,71.42
2020,10,23,11,15,878,930,4.2,29.400000000000002,71.01
2020,10,23,11,30,891,932,4.2,29.5,70.53
2020,10,23,11,45,900,930,4.2,29.5,70.7
2020,10,23,12,0,905,931,4.2,29.6,70.3
2020,10,23,12,15,905,931,4.1000000000000005,29.6,70.3
2020,10,23,12,30,445,55,4,29.6,70.3
2020,10,23,12,45,890,925,4,29.6,70.59
2020,10,23,13,0,400,41,3.9000000000000004,29.700000000000003,70.19
2020,10,23,13,15,858,918,3.9000000000000004,29.6,70.59
2020,10,23,13,30,834,913,3.8000000000000003,29.6,70.59
2020,10,23,13,45,389,51,3.7,29.6,71.08
2020,10,23,14,0,774,893,3.7,29.6,71.08
2020,10,23,14,15,738,883,3.7,29.5,71.49
2020,10,23,14,30,697,871,3.7,29.5,71.49
2020,10,23,14,45,653,854,3.7,29.400000000000002,72.9
2020,10,23,15,0,606,838,3.7,29.3,73.32000000000001
2020,10,23,15,15,94,0,3.8000000000000003,29.200000000000003,73.74
2020,10,23,15,30,503,795,3.8000000000000003,29.1,74.16
2020,10,23,15,45,448,763,3.9000000000000004,29,76.13
2020,10,23,16,0,391,731,3.9000000000000004,28.900000000000002,76.57000000000001
2020,10,23,16,15,333,691,3.9000000000000004,28.700000000000003,77.46000000000001
2020,10,23,16,30,274,644,3.9000000000000004,28.6,77.99
2020,10,23,16,45,215,578,3.9000000000000004,28.400000000000002,80.83
2020,10,23,17,0,158,501,4,28.200000000000003,81.77
2020,10,23,17,15,23,0,3.9000000000000004,28,82.72
2020,10,23,17,30,55,264,3.8000000000000003,27.8,83.69
2020,10,23,17,45,18,95,3.8000000000000003,27.6,87.10000000000001
2020,10,23,18,0,0,0,3.7,27.5,87.61
2020,10,23,18,15,0,0,3.7,27.400000000000002,88.12
2020,10,23,18,30,0,0,3.7,27.3,88.73
2020,10,23,18,45,0,0,3.7,27.3,90.37
2020,10,23,19,0,0,0,3.7,27.200000000000003,90.9
2020,10,23,19,15,0,0,3.7,27.200000000000003,90.9
2020,10,23,19,30,0,0,3.7,27.200000000000003,90.9
2020,10,23,19,45,0,0,3.7,27.200000000000003,90.9
2020,10,23,20,0,0,0,3.6,27.1,91.85000000000001
2020,10,23,20,15,0,0,3.6,27.1,91.85000000000001
2020,10,23,20,30,0,0,3.6,27,92.48
2020,10,23,20,45,0,0,3.6,27,92.08
2020,10,23,21,0,0,0,3.6,27,92.08
2020,10,23,21,15,0,0,3.6,27,92.08
2020,10,23,21,30,0,0,3.6,27,92.08
2020,10,23,21,45,0,0,3.7,26.900000000000002,91.73
2020,10,23,22,0,0,0,3.7,26.900000000000002,91.73
2020,10,23,22,15,0,0,3.7,26.900000000000002,91.73
2020,10,23,22,30,0,0,3.7,26.900000000000002,91.73
2020,10,23,22,45,0,0,3.7,26.900000000000002,90.64
2020,10,23,23,0,0,0,3.8000000000000003,26.900000000000002,90.64
2020,10,23,23,15,0,0,3.8000000000000003,26.8,91.18
2020,10,23,23,30,0,0,3.8000000000000003,26.8,91.08
2020,10,23,23,45,0,0,3.8000000000000003,26.8,90.09
2020,10,24,0,0,0,0,3.8000000000000003,26.8,90.09
2020,10,24,0,15,0,0,3.8000000000000003,26.8,90.09
2020,10,24,0,30,0,0,3.8000000000000003,26.700000000000003,90.62
2020,10,24,0,45,0,0,3.8000000000000003,26.700000000000003,89.72
2020,10,24,1,0,0,0,3.8000000000000003,26.700000000000003,89.72
2020,10,24,1,15,0,0,3.8000000000000003,26.700000000000003,89.72
2020,10,24,1,30,0,0,3.8000000000000003,26.700000000000003,89.72
2020,10,24,1,45,0,0,3.8000000000000003,26.700000000000003,88.85000000000001
2020,10,24,2,0,0,0,3.8000000000000003,26.700000000000003,88.85000000000001
2020,10,24,2,15,0,0,3.8000000000000003,26.700000000000003,88.85000000000001
2020,10,24,2,30,0,0,3.8000000000000003,26.6,89.37
2020,10,24,2,45,0,0,3.8000000000000003,26.6,88.33
2020,10,24,3,0,0,0,3.8000000000000003,26.6,88.33
2020,10,24,3,15,0,0,3.8000000000000003,26.6,88.33
2020,10,24,3,30,0,0,3.8000000000000003,26.6,88.33
2020,10,24,3,45,0,0,3.8000000000000003,26.6,87.2
2020,10,24,4,0,0,0,3.9000000000000004,26.6,87.2
2020,10,24,4,15,0,0,3.9000000000000004,26.6,87.2
2020,10,24,4,30,0,0,3.9000000000000004,26.5,87.71000000000001
2020,10,24,4,45,0,0,3.9000000000000004,26.5,86.64
2020,10,24,5,0,0,0,3.9000000000000004,26.5,86.64
2020,10,24,5,15,0,0,3.9000000000000004,26.5,86.64
2020,10,24,5,30,0,0,3.9000000000000004,26.5,86.64
2020,10,24,5,45,0,0,3.9000000000000004,26.5,85.82000000000001
2020,10,24,6,0,0,0,3.9000000000000004,26.5,85.82000000000001
2020,10,24,6,15,0,0,3.9000000000000004,26.700000000000003,84.81
2020,10,24,6,30,13,11,4,26.8,84.4
2020,10,24,6,45,46,109,4,26.900000000000002,83.65
2020,10,24,7,0,91,230,4.1000000000000005,27,83.16
2020,10,24,7,15,143,335,4.2,27.200000000000003,82.19
2020,10,24,7,30,198,421,4.3,27.400000000000002,81.24
2020,10,24,7,45,256,500,4.4,27.5,79.48
2020,10,24,8,0,315,558,4.5,27.700000000000003,78.56
2020,10,24,8,15,359,579,4.5,27.900000000000002,77.65
2020,10,24,8,30,429,645,4.6000000000000005,28,77.2
2020,10,24,8,45,485,688,4.7,28.200000000000003,74.74
2020,10,24,9,0,538,716,4.7,28.3,74.31
2020,10,24,9,15,588,739,4.800000000000001,28.5,73.45
2020,10,24,9,30,636,761,4.800000000000001,28.6,73.10000000000001
2020,10,24,9,45,681,783,4.800000000000001,28.8,71.69
2020,10,24,10,0,721,797,4.800000000000001,28.900000000000002,71.28
2020,10,24,10,15,757,810,4.800000000000001,29,70.8
2020,10,24,10,30,790,820,4.9,29.1,70.39
2020,10,24,10,45,829,882,4.9,29.200000000000003,69.7
2020,10,24,11,0,852,888,4.9,29.3,69.3
2020,10,24,11,15,871,893,4.9,29.400000000000002,68.9
2020,10,24,11,30,886,896,4.800000000000001,29.400000000000002,68.9
2020,10,24,11,45,892,886,4.800000000000001,29.5,68.45
2020,10,24,12,0,896,886,4.800000000000001,29.6,68.05
2020,10,24,12,15,896,886,4.800000000000001,29.6,67.98
2020,10,24,12,30,892,885,4.800000000000001,29.6,67.98
2020,10,24,12,45,879,870,4.800000000000001,29.6,67.77
2020,10,24,13,0,865,867,4.800000000000001,29.700000000000003,67.39
2020,10,24,13,15,846,862,4.800000000000001,29.6,67.77
2020,10,24,13,30,821,854,4.800000000000001,29.6,67.77
2020,10,24,13,45,788,823,4.800000000000001,29.6,67.58
2020,10,24,14,0,381,56,4.800000000000001,29.5,67.97
2020,10,24,14,15,720,800,4.800000000000001,29.5,67.97
2020,10,24,14,30,680,786,4.7,29.400000000000002,68.36
2020,10,24,14,45,636,766,4.7,29.3,68.81
2020,10,24,15,0,590,746,4.7,29.3,68.81
2020,10,24,15,15,540,723,4.7,29.1,69.61
2020,10,24,15,30,487,696,4.7,29,70.01
2020,10,24,15,45,433,665,4.7,28.900000000000002,70.66
2020,10,24,16,0,377,627,4.6000000000000005,28.8,71.07000000000001
2020,10,24,16,15,319,581,4.5,28.700000000000003,71.48
2020,10,24,16,30,261,526,4.5,28.5,72.31
2020,10,24,16,45,204,457,4.4,28.400000000000002,73.67
2020,10,24,17,0,148,373,4.3,28.200000000000003,74.52
2020,10,24,17,15,95,269,4.2,28,75.39
2020,10,24,17,30,49,143,4.1000000000000005,27.8,76.27
2020,10,24,17,45,15,26,4,27.6,79.45
2020,10,24,18,0,0,0,3.8000000000000003,27.5,80
2020,10,24,18,15,0,0,3.8000000000000003,27.400000000000002,80.47
2020,10,24,18,30,0,0,3.8000000000000003,27.3,80.94
2020,10,24,18,45,0,0,3.8000000000000003,27.3,82.45
2020,10,24,19,0,0,0,3.8000000000000003,27.200000000000003,82.93
2020,10,24,19,15,0,0,3.8000000000000003,27.200000000000003,82.93
2020,10,24,19,30,0,0,3.8000000000000003,27.200000000000003,82.93
2020,10,24,19,45,0,0,3.8000000000000003,27.200000000000003,82.93
2020,10,24,20,0,0,0,3.8000000000000003,27,84.60000000000001
2020,10,24,20,15,0,0,3.8000000000000003,27,84.60000000000001
2020,10,24,20,30,0,0,3.8000000000000003,26.900000000000002,85.09
2020,10,24,20,45,0,0,3.9000000000000004,26.900000000000002,85.66
2020,10,24,21,0,0,0,3.9000000000000004,26.8,86.25
2020,10,24,21,15,0,0,3.9000000000000004,26.8,86.25
2020,10,24,21,30,0,0,3.9000000000000004,26.700000000000003,86.76
2020,10,24,21,45,0,0,3.9000000000000004,26.700000000000003,87.35000000000001
2020,10,24,22,0,0,0,3.9000000000000004,26.700000000000003,87.35000000000001
2020,10,24,22,15,0,0,3.9000000000000004,26.6,87.86
2020,10,24,22,30,0,0,4,26.6,87.86
2020,10,24,22,45,0,0,4,26.6,88.17
2020,10,24,23,0,0,0,4,26.6,88.17
2020,10,24,23,15,0,0,4,26.5,88.69
2020,10,24,23,30,0,0,4,26.5,88.69
2020,10,24,23,45,0,0,4.1000000000000005,26.5,88.96000000000001
2020,10,25,0,0,0,0,4.1000000000000005,26.5,88.96000000000001
2020,10,25,0,15,0,0,4.1000000000000005,26.400000000000002,89.48
2020,10,25,0,30,0,0,4.1000000000000005,26.400000000000002,89.48
2020,10,25,0,45,0,0,4.1000000000000005,26.400000000000002,89.71000000000001
2020,10,25,1,0,0,0,4.2,26.400000000000002,89.71000000000001
2020,10,25,1,15,0,0,4.2,26.400000000000002,89.71000000000001
2020,10,25,1,30,0,0,4.2,26.3,90.23
2020,10,25,1,45,0,0,4.2,26.3,90.15
2020,10,25,2,0,0,0,4.2,26.3,90.06
2020,10,25,2,15,0,0,4.2,26.3,90.06
2020,10,25,2,30,0,0,4.2,26.3,90.06
2020,10,25,2,45,0,0,4.2,26.3,89.98
2020,10,25,3,0,0,0,4.2,26.3,89.98
2020,10,25,3,15,0,0,4.2,26.3,89.98
2020,10,25,3,30,0,0,4.2,26.3,89.98
2020,10,25,3,45,0,0,4.2,26.3,89.93
2020,10,25,4,0,0,0,4.3,26.3,89.93
2020,10,25,4,15,0,0,4.3,26.3,89.93
2020,10,25,4,30,0,0,4.3,26.3,89.93
2020,10,25,4,45,0,0,4.3,26.3,90.10000000000001
2020,10,25,5,0,0,0,4.3,26.400000000000002,89.57000000000001
2020,10,25,5,15,0,0,4.3,26.400000000000002,89.57000000000001
2020,10,25,5,30,0,0,4.3,26.400000000000002,89.66
2020,10,25,5,45,0,0,4.3,26.400000000000002,90.21000000000001
2020,10,25,6,0,0,0,4.3,26.400000000000002,90.21000000000001
2020,10,25,6,15,0,0,4.3,26.5,89.68
2020,10,25,6,30,10,0,4.3,26.5,89.68
2020,10,25,6,45,49,199,4.3,26.6,90.36
2020,10,25,7,0,96,338,4.4,26.700000000000003,89.84
2020,10,25,7,15,149,444,4.4,26.8,89.4
2020,10,25,7,30,205,527,4.5,26.900000000000002,88.88
2020,10,25,7,45,264,598,4.5,27,88.42
2020,10,25,8,0,322,650,4.6000000000000005,27.1,87.91
2020,10,25,8,15,380,692,4.7,27.200000000000003,87.39
2020,10,25,8,30,436,726,4.800000000000001,27.3,86.89
2020,10,25,8,45,490,752,4.800000000000001,27.400000000000002,85.04
2020,10,25,9,0,542,777,4.9,27.5,84.54
2020,10,25,9,15,592,798,5,27.6,84.05
2020,10,25,9,30,638,814,5,27.700000000000003,83.65
2020,10,25,9,45,680,825,5,27.900000000000002,81.46000000000001
2020,10,25,10,0,720,838,5.1000000000000005,28,80.98
2020,10,25,10,15,756,849,5.1000000000000005,28.1,80.52
2020,10,25,10,30,787,858,5.1000000000000005,28.200000000000003,79.97
2020,10,25,10,45,815,865,5.1000000000000005,28.3,78.75
2020,10,25,11,0,838,871,5.1000000000000005,28.400000000000002,78.29
2020,10,25,11,15,857,876,5.1000000000000005,28.400000000000002,78.29
2020,10,25,11,30,394,38,5.1000000000000005,28.5,77.84
2020,10,25,11,45,880,883,5.1000000000000005,28.5,77.68
2020,10,25,12,0,885,885,5.1000000000000005,28.6,77.16
2020,10,25,12,15,162,4,5.1000000000000005,28.6,77.16
2020,10,25,12,30,507,97,5.1000000000000005,28.6,77.16
2020,10,25,12,45,389,36,5.1000000000000005,28.6,77.18
2020,10,25,13,0,456,70,5.1000000000000005,28.700000000000003,76.74
2020,10,25,13,15,838,875,5.1000000000000005,28.700000000000003,76.74
2020,10,25,13,30,815,869,5.1000000000000005,28.700000000000003,76.66
2020,10,25,13,45,153,1,5,28.6,77.31
2020,10,25,14,0,757,860,5,28.6,77.31
2020,10,25,14,15,721,849,5,28.6,77.31
2020,10,25,14,30,96,0,5,28.5,77.76
2020,10,25,14,45,314,52,5,28.400000000000002,78.57000000000001
2020,10,25,15,0,418,224,4.9,28.400000000000002,78.57000000000001
2020,10,25,15,15,451,404,4.9,28.3,79.03
2020,10,25,15,30,313,151,4.9,28.200000000000003,79.49
2020,10,25,15,45,191,24,4.800000000000001,28.1,80.82000000000001
2020,10,25,16,0,229,114,4.800000000000001,28,81.29
2020,10,25,16,15,322,655,4.7,27.900000000000002,81.76
2020,10,25,16,30,10,0,4.6000000000000005,27.8,82.24
2020,10,25,16,45,207,542,4.5,27.700000000000003,84.04
2020,10,25,17,0,150,462,4.4,27.5,85.03
2020,10,25,17,15,97,356,4.3,27.400000000000002,85.53
2020,10,25,17,30,31,21,4.2,27.200000000000003,86.53
2020,10,25,17,45,10,0,4.1000000000000005,27.1,87.99
2020,10,25,18,0,0,0,4.1000000000000005,27,88.51
2020,10,25,18,15,0,0,4.1000000000000005,26.900000000000002,89.02
2020,10,25,18,30,0,0,4.1000000000000005,26.900000000000002,89.02
2020,10,25,18,45,0,0,4.1000000000000005,26.8,90.01
2020,10,25,19,0,0,0,4.1000000000000005,26.8,90.01
2020,10,25,19,15,0,0,4.1000000000000005,26.8,90.01
2020,10,25,19,30,0,0,4.1000000000000005,26.8,90.01
2020,10,25,19,45,0,0,4.1000000000000005,26.8,90.01
2020,10,25,20,0,0,0,4.1000000000000005,26.700000000000003,90.42
2020,10,25,20,15,0,0,4.1000000000000005,26.700000000000003,90.42
2020,10,25,20,30,0,0,4.2,26.700000000000003,90.51
2020,10,25,20,45,0,0,4.2,26.700000000000003,89.99
2020,10,25,21,0,0,0,4.2,26.6,90.52
2020,10,25,21,15,0,0,4.3,26.6,90.52
2020,10,25,21,30,0,0,4.3,26.6,90.52
2020,10,25,21,45,0,0,4.3,26.6,90.14
2020,10,25,22,0,0,0,4.3,26.6,90.14
2020,10,25,22,15,0,0,4.3,26.6,90.14
2020,10,25,22,30,0,0,4.3,26.5,90.67
2020,10,25,22,45,0,0,4.3,26.5,90.07000000000001
2020,10,25,23,0,0,0,4.3,26.5,90.07000000000001
2020,10,25,23,15,0,0,4.3,26.5,90.07000000000001
2020,10,25,23,30,0,0,4.3,26.5,90.07000000000001
2020,10,25,23,45,0,0,4.3,26.5,89.57000000000001
2020,10,26,0,0,0,0,4.3,26.5,89.57000000000001
2020,10,26,0,15,0,0,4.4,26.5,89.57000000000001
2020,10,26,0,30,0,0,4.4,26.400000000000002,90.10000000000001
2020,10,26,0,45,0,0,4.4,26.400000000000002,89.68
2020,10,26,1,0,0,0,4.4,26.400000000000002,89.68
2020,10,26,1,15,0,0,4.4,26.400000000000002,89.59
2020,10,26,1,30,0,0,4.4,26.3,90.12
2020,10,26,1,45,0,0,4.4,26.3,89.69
2020,10,26,2,0,0,0,4.4,26.3,89.69
2020,10,26,2,15,0,0,4.5,26.3,89.69
2020,10,26,2,30,0,0,4.5,26.3,89.69
2020,10,26,2,45,0,0,4.5,26.200000000000003,89.73
2020,10,26,3,0,0,0,4.5,26.200000000000003,89.73
2020,10,26,3,15,0,0,4.5,26.200000000000003,89.73
2020,10,26,3,30,0,0,4.5,26.200000000000003,89.73
2020,10,26,3,45,0,0,4.5,26.200000000000003,89.37
2020,10,26,4,0,0,0,4.5,26.200000000000003,89.37
2020,10,26,4,15,0,0,4.5,26.1,89.9
2020,10,26,4,30,0,0,4.5,26.1,89.99
2020,10,26,4,45,0,0,4.5,26.1,89.58
2020,10,26,5,0,0,0,4.5,26.1,89.58
2020,10,26,5,15,0,0,4.5,26.1,89.58
2020,10,26,5,30,0,0,4.5,26.1,89.58
2020,10,26,5,45,0,0,4.5,26.1,89.13
2020,10,26,6,0,0,0,4.5,26.1,89.13
2020,10,26,6,15,0,0,4.6000000000000005,26.200000000000003,88.61
2020,10,26,6,30,16,79,4.7,26.3,88.09
2020,10,26,6,45,51,278,4.800000000000001,26.5,87.79
2020,10,26,7,0,99,419,4.800000000000001,26.6,87.36
2020,10,26,7,15,154,524,5,26.8,86.35000000000001
2020,10,26,7,30,211,602,5.2,26.900000000000002,85.84
2020,10,26,7,45,271,667,5.4,27.1,83.02
2020,10,26,8,0,330,715,5.5,27.200000000000003,82.54
2020,10,26,8,15,388,753,5.6000000000000005,27.400000000000002,81.58
2020,10,26,8,30,444,785,5.7,27.6,80.64
2020,10,26,8,45,499,809,5.800000000000001,27.8,77.78
2020,10,26,9,0,551,831,5.9,27.900000000000002,77.33
2020,10,26,9,15,601,850,6,28.1,76.51
2020,10,26,9,30,648,866,6,28.200000000000003,76.07000000000001
2020,10,26,9,45,691,875,6,28.3,74.91
2020,10,26,10,0,731,887,6,28.400000000000002,74.48
2020,10,26,10,15,767,897,6,28.5,74.05
2020,10,26,10,30,441,90,6,28.6,73.62
2020,10,26,10,45,828,918,6,28.700000000000003,73.11
2020,10,26,11,0,305,19,6,28.8,72.69
2020,10,26,11,15,870,928,6,28.8,72.69
2020,10,26,11,30,884,931,5.9,28.8,72.69
2020,10,26,11,45,892,923,5.9,28.900000000000002,72.4
2020,10,26,12,0,896,924,5.9,28.900000000000002,72.4
2020,10,26,12,15,517,104,5.9,28.900000000000002,72.32000000000001
2020,10,26,12,30,106,0,5.800000000000001,28.900000000000002,72.32000000000001
2020,10,26,12,45,880,911,5.800000000000001,28.900000000000002,72.57000000000001
2020,10,26,13,0,866,908,5.7,28.900000000000002,72.57000000000001
2020,10,26,13,15,847,904,5.7,28.900000000000002,72.57000000000001
2020,10,26,13,30,824,898,5.7,28.900000000000002,72.57000000000001
2020,10,26,13,45,793,876,5.6000000000000005,28.900000000000002,72.37
2020,10,26,14,0,761,867,5.6000000000000005,28.900000000000002,72.37
2020,10,26,14,15,724,856,5.6000000000000005,28.8,72.79
2020,10,26,14,30,685,844,5.5,28.8,72.79
2020,10,26,14,45,639,818,5.5,28.700000000000003,72.96000000000001
2020,10,26,15,0,592,800,5.4,28.700000000000003,72.96000000000001
2020,10,26,15,15,543,779,5.4,28.6,73.38
2020,10,26,15,30,490,754,5.300000000000001,28.5,73.81
2020,10,26,15,45,434,714,5.300000000000001,28.400000000000002,74.28
2020,10,26,16,0,377,678,5.2,28.400000000000002,74.28
2020,10,26,16,15,320,635,5.2,28.200000000000003,75.14
2020,10,26,16,30,261,581,5.1000000000000005,28.1,75.58
2020,10,26,16,45,203,509,5,27.900000000000002,77.09
2020,10,26,17,0,147,424,4.9,27.8,77.53
2020,10,26,17,15,94,314,4.800000000000001,27.6,78.44
2020,10,26,17,30,48,177,4.6000000000000005,27.400000000000002,79.36
2020,10,26,17,45,15,45,4.5,27.200000000000003,82.03
2020,10,26,18,0,0,0,4.4,27,82.99
2020,10,26,18,15,0,0,4.3,26.900000000000002,83.48
2020,10,26,18,30,0,0,4.3,26.8,84.05
2020,10,26,18,45,0,0,4.2,26.700000000000003,86.12
2020,10,26,19,0,0,0,4.2,26.6,86.63
2020,10,26,19,15,0,0,4.2,26.6,86.63
2020,10,26,19,30,0,0,4.2,26.6,86.63
2020,10,26,19,45,0,0,4.2,26.6,86.63
2020,10,26,20,0,0,0,4.1000000000000005,26.400000000000002,88.64
2020,10,26,20,15,0,0,4.1000000000000005,26.400000000000002,88.73
2020,10,26,20,30,0,0,4,26.3,89.26
2020,10,26,20,45,0,0,4,26.3,90.15
2020,10,26,21,0,0,0,4,26.200000000000003,90.68
2020,10,26,21,15,0,0,4,26.200000000000003,90.68
2020,10,26,21,30,0,0,3.9000000000000004,26.200000000000003,90.68
2020,10,26,21,45,0,0,3.9000000000000004,26.1,91.78
2020,10,26,22,0,0,0,3.9000000000000004,26.1,91.78
2020,10,26,22,15,0,0,3.9000000000000004,26.1,91.69
2020,10,26,22,30,0,0,3.8000000000000003,26,92.23
2020,10,26,22,45,0,0,3.8000000000000003,26,92.64
2020,10,26,23,0,0,0,3.8000000000000003,26,92.64
2020,10,26,23,15,0,0,3.8000000000000003,26,92.64
2020,10,26,23,30,0,0,3.8000000000000003,26,92.64
2020,10,26,23,45,0,0,3.7,26,92.66
2020,10,27,0,0,0,0,3.7,25.900000000000002,93.21000000000001
2020,10,27,0,15,0,0,3.7,25.900000000000002,93.21000000000001
2020,10,27,0,30,0,0,3.7,25.900000000000002,93.12
2020,10,27,0,45,0,0,3.7,25.900000000000002,93.10000000000001
2020,10,27,1,0,0,0,3.6,25.900000000000002,93.10000000000001
2020,10,27,1,15,0,0,3.6,25.900000000000002,93.10000000000001
2020,10,27,1,30,0,0,3.6,25.900000000000002,93.10000000000001
2020,10,27,1,45,0,0,3.6,25.900000000000002,92.95
2020,10,27,2,0,0,0,3.6,25.900000000000002,92.95
2020,10,27,2,15,0,0,3.5,25.900000000000002,92.95
2020,10,27,2,30,0,0,3.5,25.900000000000002,92.95
2020,10,27,2,45,0,0,3.5,25.900000000000002,92.89
2020,10,27,3,0,0,0,3.5,25.8,93.44
2020,10,27,3,15,0,0,3.5,25.900000000000002,92.89
2020,10,27,3,30,0,0,3.5,25.900000000000002,92.89
2020,10,27,3,45,0,0,3.5,25.900000000000002,92.9
2020,10,27,4,0,0,0,3.5,25.900000000000002,92.9
2020,10,27,4,15,0,0,3.5,25.900000000000002,92.9
2020,10,27,4,30,0,0,3.5,25.900000000000002,92.9
2020,10,27,4,45,0,0,3.6,25.900000000000002,92.88
2020,10,27,5,0,0,0,3.6,25.900000000000002,92.88
2020,10,27,5,15,0,0,3.6,25.900000000000002,92.88
2020,10,27,5,30,0,0,3.6,25.900000000000002,92.88
2020,10,27,5,45,0,0,3.7,25.900000000000002,92.87
2020,10,27,6,0,0,0,3.7,25.900000000000002,92.87
2020,10,27,6,15,0,0,3.7,26,92.32000000000001
2020,10,27,6,30,7,0,3.8000000000000003,26.1,91.78
2020,10,27,6,45,24,0,3.9000000000000004,26.200000000000003,92.37
2020,10,27,7,0,65,106,3.9000000000000004,26.3,91.83
2020,10,27,7,15,101,134,4,26.5,90.85000000000001
2020,10,27,7,30,165,296,4,26.6,90.32000000000001
2020,10,27,7,45,29,0,4.1000000000000005,26.700000000000003,89.41
2020,10,27,8,0,75,0,4.1000000000000005,26.8,88.89
2020,10,27,8,15,255,186,4.2,27,87.86
2020,10,27,8,30,377,468,4.3,27.1,87.35000000000001
2020,10,27,8,45,159,1,4.4,27.200000000000003,84.82000000000001
2020,10,27,9,0,467,471,4.5,27.400000000000002,83.84
2020,10,27,9,15,345,110,4.5,27.5,83.35000000000001
2020,10,27,9,30,478,291,4.6000000000000005,27.700000000000003,82.39
2020,10,27,9,45,538,352,4.7,27.8,80.12
2020,10,27,10,0,589,398,4.800000000000001,28,79.19
2020,10,27,10,15,532,226,4.800000000000001,28.1,78.73
2020,10,27,10,30,605,313,4.800000000000001,28.200000000000003,78.28
2020,10,27,10,45,423,66,4.800000000000001,28.3,76.83
2020,10,27,11,0,516,132,4.9,28.400000000000002,76.38
2020,10,27,11,15,721,458,4.9,28.5,75.94
2020,10,27,11,30,635,254,4.9,28.5,75.94
2020,10,27,11,45,633,240,4.9,28.6,74.96000000000001
2020,10,27,12,0,621,218,4.9,28.6,74.88
2020,10,27,12,15,577,164,4.9,28.6,74.88
2020,10,27,12,30,870,877,4.9,28.6,74.88
2020,10,27,12,45,627,242,4.9,28.6,74.68
2020,10,27,13,0,679,350,4.9,28.6,74.68
2020,10,27,13,15,569,194,4.9,28.6,74.68
2020,10,27,13,30,627,315,4.9,28.5,75.11
2020,10,27,13,45,642,387,4.9,28.5,75.17
2020,10,27,14,0,614,386,4.9,28.400000000000002,75.61
2020,10,27,14,15,707,818,4.9,28.3,76.05
2020,10,27,14,30,560,406,4.9,28.200000000000003,76.49
2020,10,27,14,45,536,433,4.9,28.1,77.56
2020,10,27,15,0,459,331,4.9,28,78.01
2020,10,27,15,15,271,56,4.9,27.900000000000002,78.47
2020,10,27,15,30,52,0,4.9,27.8,78.92
2020,10,27,15,45,269,135,4.9,27.700000000000003,80.19
2020,10,27,16,0,280,266,4.800000000000001,27.6,80.66
2020,10,27,16,15,249,302,4.800000000000001,27.400000000000002,81.61
2020,10,27,16,30,159,107,4.7,27.3,82.08
2020,10,27,16,45,132,127,4.7,27.200000000000003,83.63
2020,10,27,17,0,109,180,4.6000000000000005,27.1,84.12
2020,10,27,17,15,56,42,4.6000000000000005,26.900000000000002,85.11
2020,10,27,17,30,30,19,4.5,26.8,85.61
2020,10,27,17,45,8,0,4.5,26.700000000000003,87.37
2020,10,27,18,0,0,0,4.4,26.6,87.88
2020,10,27,18,15,0,0,4.5,26.6,87.88
2020,10,27,18,30,0,0,4.5,26.5,88.49
2020,10,27,18,45,0,0,4.5,26.5,89.15
2020,10,27,19,0,0,0,4.5,26.400000000000002,89.68
2020,10,27,19,15,0,0,4.5,26.400000000000002,89.68
2020,10,27,19,30,0,0,4.5,26.400000000000002,89.68
2020,10,27,19,45,0,0,4.5,26.400000000000002,89.68
2020,10,27,20,0,0,0,4.5,26.3,90.45
2020,10,27,20,15,0,0,4.5,26.200000000000003,90.99
2020,10,27,20,30,0,0,4.5,26.200000000000003,90.99
2020,10,27,20,45,0,0,4.5,26.200000000000003,90.62
2020,10,27,21,0,0,0,4.5,26.1,91.15
2020,10,27,21,15,0,0,4.5,26.1,91.15
2020,10,27,21,30,0,0,4.5,26,91.69
2020,10,27,21,45,0,0,4.4,26,91.12
2020,10,27,22,0,0,0,4.4,26,91.12
2020,10,27,22,15,0,0,4.4,25.900000000000002,91.66
2020,10,27,22,30,0,0,4.4,25.900000000000002,91.66
2020,10,27,22,45,0,0,4.3,25.900000000000002,90.78
2020,10,27,23,0,0,0,4.3,25.8,91.32000000000001
2020,10,27,23,15,0,0,4.3,25.8,91.32000000000001
2020,10,27,23,30,0,0,4.4,25.8,91.32000000000001
2020,10,27,23,45,0,0,4.4,25.8,90.3
2020,10,28,0,0,0,0,4.4,25.700000000000003,90.83
2020,10,28,0,15,0,0,4.4,25.700000000000003,90.74
2020,10,28,0,30,0,0,4.4,25.700000000000003,90.74
2020,10,28,0,45,0,0,4.4,25.700000000000003,90.18
2020,10,28,1,0,0,0,4.4,25.6,90.71000000000001
2020,10,28,1,15,0,0,4.4,25.6,90.71000000000001
2020,10,28,1,30,0,0,4.4,25.6,90.71000000000001
2020,10,28,1,45,0,0,4.4,25.6,90.24
2020,10,28,2,0,0,0,4.4,25.5,90.77
2020,10,28,2,15,0,0,4.4,25.5,90.77
2020,10,28,2,30,0,0,4.4,25.5,90.77
2020,10,28,2,45,0,0,4.4,25.5,90.41
2020,10,28,3,0,0,0,4.4,25.5,90.41
2020,10,28,3,15,0,0,4.4,25.5,90.41
2020,10,28,3,30,0,0,4.4,25.5,90.41
2020,10,28,3,45,0,0,4.4,25.5,90.4
2020,10,28,4,0,0,0,4.4,25.5,90.4
2020,10,28,4,15,0,0,4.4,25.5,90.4
2020,10,28,4,30,0,0,4.4,25.5,90.4
2020,10,28,4,45,0,0,4.4,25.5,90.41
2020,10,28,5,0,0,0,4.4,25.5,90.41
2020,10,28,5,15,0,0,4.4,25.5,90.41
2020,10,28,5,30,0,0,4.4,25.5,90.41
2020,10,28,5,45,0,0,4.4,25.5,90.51
2020,10,28,6,0,0,0,4.4,25.6,90.07000000000001
2020,10,28,6,15,0,0,4.4,25.700000000000003,89.54
2020,10,28,6,30,14,46,4.5,25.8,89.01
2020,10,28,6,45,46,199,4.5,26,89.51
2020,10,28,7,0,66,117,4.6000000000000005,26.1,88.98
2020,10,28,7,15,145,451,4.7,26.3,87.94
2020,10,28,7,30,201,535,4.800000000000001,26.5,86.92
2020,10,28,7,45,257,591,4.9,26.6,85.98
2020,10,28,8,0,315,643,5.1000000000000005,26.8,84.98
2020,10,28,8,15,373,687,5.2,26.900000000000002,84.57000000000001
2020,10,28,8,30,118,0,5.300000000000001,27.1,83.59
2020,10,28,8,45,481,737,5.4,27.200000000000003,81.09
2020,10,28,9,0,533,763,5.5,27.400000000000002,80.15
2020,10,28,9,15,583,786,5.6000000000000005,27.6,79.22
2020,10,28,9,30,630,804,5.6000000000000005,27.700000000000003,78.76
2020,10,28,9,45,671,811,5.7,27.900000000000002,76.35000000000001
2020,10,28,10,0,711,824,5.7,28,75.91
2020,10,28,10,15,747,836,5.7,28.1,75.47
2020,10,28,10,30,508,163,5.7,28.200000000000003,74.96000000000001
2020,10,28,10,45,299,19,5.7,28.3,73.82000000000001
2020,10,28,11,0,643,315,5.7,28.400000000000002,73.39
2020,10,28,11,15,856,895,5.7,28.400000000000002,73.39
2020,10,28,11,30,691,356,5.7,28.400000000000002,73.39
2020,10,28,11,45,878,892,5.7,28.5,72.78
2020,10,28,12,0,883,894,5.7,28.5,72.7
2020,10,28,12,15,881,892,5.7,28.5,72.7
2020,10,28,12,30,93,0,5.6000000000000005,28.5,72.7
2020,10,28,12,45,253,12,5.6000000000000005,28.5,72.68
2020,10,28,13,0,606,230,5.6000000000000005,28.5,72.68
2020,10,28,13,15,833,875,5.6000000000000005,28.5,72.61
2020,10,28,13,30,668,411,5.5,28.400000000000002,73.03
2020,10,28,13,45,787,883,5.5,28.400000000000002,73.08
2020,10,28,14,0,754,873,5.5,28.400000000000002,73.08
2020,10,28,14,15,718,862,5.4,28.3,73.51
2020,10,28,14,30,678,849,5.4,28.200000000000003,73.94
2020,10,28,14,45,460,256,5.4,28.200000000000003,74.34
2020,10,28,15,0,202,9,5.300000000000001,28.1,74.77
2020,10,28,15,15,290,78,5.300000000000001,28,75.21000000000001
2020,10,28,15,30,216,30,5.2,27.900000000000002,75.65
2020,10,28,15,45,292,193,5.2,27.700000000000003,77.34
2020,10,28,16,0,225,115,5.1000000000000005,27.6,77.79
2020,10,28,16,15,315,650,5,27.5,78.24
2020,10,28,16,30,86,0,4.9,27.3,79.16
2020,10,28,16,45,109,48,4.800000000000001,27.1,81.52
2020,10,28,17,0,143,443,4.7,26.900000000000002,82.48
2020,10,28,17,15,46,0,4.7,26.8,82.97
2020,10,28,17,30,45,192,4.6000000000000005,26.6,83.94
2020,10,28,17,45,13,38,4.5,26.5,86.05
2020,10,28,18,0,0,0,4.4,26.3,87.07000000000001
2020,10,28,18,15,0,0,4.4,26.3,87.16
2020,10,28,18,30,0,0,4.4,26.200000000000003,87.67
2020,10,28,18,45,0,0,4.4,26.200000000000003,88.5
2020,10,28,19,0,0,0,4.4,26.1,89.02
2020,10,28,19,15,0,0,4.4,26.1,89.02
2020,10,28,19,30,0,0,4.4,26.1,89.02
2020,10,28,19,45,0,0,4.4,26.1,89.02
2020,10,28,20,0,0,0,4.5,26,89.84
2020,10,28,20,15,0,0,4.6000000000000005,26,89.84
2020,10,28,20,30,0,0,4.6000000000000005,26,89.84
2020,10,28,20,45,0,0,4.6000000000000005,25.900000000000002,90.41
2020,10,28,21,0,0,0,4.6000000000000005,25.900000000000002,90.41
2020,10,28,21,15,0,0,4.6000000000000005,25.900000000000002,90.41
2020,10,28,21,30,0,0,4.6000000000000005,25.8,90.94
2020,10,28,21,45,0,0,4.6000000000000005,25.8,91.4
2020,10,28,22,0,0,0,4.6000000000000005,25.8,91.4
2020,10,28,22,15,0,0,4.6000000000000005,25.700000000000003,91.94
2020,10,28,22,30,0,0,4.5,25.700000000000003,91.94
2020,10,28,22,45,0,0,4.5,25.700000000000003,92.51
2020,10,28,23,0,0,0,4.5,25.6,93.06
2020,10,28,23,15,0,0,4.6000000000000005,25.6,93.06
2020,10,28,23,30,0,0,4.6000000000000005,25.6,92.97
2020,10,28,23,45,0,0,4.6000000000000005,25.6,93.61
2020,10,29,0,0,0,0,4.7,25.5,94.16
2020,10,29,0,15,0,0,4.7,25.5,94.16
2020,10,29,0,30,0,0,4.7,25.5,94.16
2020,10,29,0,45,0,0,4.7,25.5,94.60000000000001
2020,10,29,1,0,0,0,4.800000000000001,25.5,94.60000000000001
2020,10,29,1,15,0,0,4.800000000000001,25.5,94.60000000000001
2020,10,29,1,30,0,0,4.800000000000001,25.5,94.60000000000001
2020,10,29,1,45,0,0,4.9,25.5,94.48
2020,10,29,2,0,0,0,4.9,25.5,94.48
2020,10,29,2,15,0,0,4.9,25.5,94.39
2020,10,29,2,30,0,0,5,25.5,94.39
2020,10,29,2,45,0,0,5,25.5,94.06
2020,10,29,3,0,0,0,5,25.5,94.06
2020,10,29,3,15,0,0,5,25.5,94.06
2020,10,29,3,30,0,0,5,25.5,94.06
2020,10,29,3,45,0,0,5.1000000000000005,25.5,93.44
2020,10,29,4,0,0,0,5.1000000000000005,25.5,93.44
2020,10,29,4,15,0,0,5.1000000000000005,25.5,93.44
2020,10,29,4,30,0,0,5,25.5,93.44
2020,10,29,4,45,0,0,5,25.5,92.47
2020,10,29,5,0,0,0,5,25.400000000000002,93.12
2020,10,29,5,15,0,0,4.9,25.400000000000002,93.12
2020,10,29,5,30,0,0,4.9,25.400000000000002,93.12
2020,10,29,5,45,0,0,4.800000000000001,25.5,92.34
2020,10,29,6,0,0,0,4.7,25.5,92.34
2020,10,29,6,15,0,0,4.7,25.5,92.34
2020,10,29,6,30,6,0,4.800000000000001,25.6,91.8
2020,10,29,6,45,26,0,4.800000000000001,25.6,92.48
2020,10,29,7,0,53,34,4.800000000000001,25.700000000000003,92.03
2020,10,29,7,15,71,11,4.800000000000001,25.8,91.49
2020,10,29,7,30,139,165,4.9,25.900000000000002,90.95
2020,10,29,7,45,123,26,5,26,90.83
2020,10,29,8,0,145,24,5,26.1,90.3
2020,10,29,8,15,268,234,5.1000000000000005,26.3,89.24
2020,10,29,8,30,186,23,5.2,26.400000000000002,88.72
2020,10,29,8,45,127,0,5.300000000000001,26.5,86.97
2020,10,29,9,0,92,0,5.4,26.700000000000003,85.96000000000001
2020,10,29,9,15,122,0,5.5,26.8,85.45
2020,10,29,9,30,67,0,5.5,27,84.46000000000001
2020,10,29,9,45,136,0,5.6000000000000005,27.200000000000003,82.03
2020,10,29,10,0,124,0,5.7,27.3,81.55
2020,10,29,10,15,63,0,5.7,27.5,80.61
2020,10,29,10,30,402,64,5.7,27.6,80.14
2020,10,29,10,45,533,173,5.7,27.700000000000003,79.10000000000001
2020,10,29,11,0,816,849,5.7,27.8,78.64
2020,10,29,11,15,538,146,5.7,27.900000000000002,78.19
2020,10,29,11,30,431,56,5.7,27.900000000000002,78.19
2020,10,29,11,45,402,41,5.7,28,77.71000000000001
2020,10,29,12,0,501,95,5.7,28.1,77.18
2020,10,29,12,15,858,848,5.7,28,77.63
2020,10,29,12,30,384,35,5.7,28,77.63
2020,10,29,12,45,150,2,5.7,28,77.85000000000001
2020,10,29,13,0,573,188,5.7,28,77.85000000000001
2020,10,29,13,15,41,0,5.6000000000000005,28,77.85000000000001
2020,10,29,13,30,81,0,5.6000000000000005,27.900000000000002,78.3
2020,10,29,13,45,72,0,5.6000000000000005,27.900000000000002,78.67
2020,10,29,14,0,274,17,5.5,27.8,79.13
2020,10,29,14,15,180,4,5.5,27.700000000000003,79.59
2020,10,29,14,30,241,14,5.4,27.6,80.05
2020,10,29,14,45,453,245,5.4,27.6,80.97
2020,10,29,15,0,133,0,5.300000000000001,27.5,81.45
2020,10,29,15,15,142,0,5.300000000000001,27.3,82.4
2020,10,29,15,30,21,0,5.2,27.200000000000003,82.88
2020,10,29,15,45,9,0,5.1000000000000005,27.1,84.9
2020,10,29,16,0,8,0,5,27,85.4
2020,10,29,16,15,6,0,4.9,26.900000000000002,85.9
2020,10,29,16,30,40,0,4.800000000000001,26.8,86.4
2020,10,29,16,45,130,128,4.7,26.700000000000003,88.39
2020,10,29,17,0,102,155,4.6000000000000005,26.6,88.91
2020,10,29,17,15,58,69,4.5,26.5,89.43
2020,10,29,17,30,30,34,4.5,26.5,89.52
2020,10,29,17,45,6,0,4.4,26.400000000000002,90.79
2020,10,29,18,0,0,0,4.4,26.3,91.32000000000001
2020,10,29,18,15,0,0,4.4,26.3,91.32000000000001
2020,10,29,18,30,0,0,4.4,26.3,91.32000000000001
2020,10,29,18,45,0,0,4.4,26.3,91.94
2020,10,29,19,0,0,0,4.5,26.3,91.94
2020,10,29,19,15,0,0,4.5,26.3,91.94
2020,10,29,19,30,0,0,4.5,26.3,91.94
2020,10,29,19,45,0,0,4.5,26.3,91.94
2020,10,29,20,0,0,0,4.4,26.3,92.55
2020,10,29,20,15,0,0,4.4,26.3,92.55
2020,10,29,20,30,0,0,4.4,26.3,92.55
2020,10,29,20,45,0,0,4.3,26.200000000000003,93.41
2020,10,29,21,0,0,0,4.3,26.200000000000003,93.41
2020,10,29,21,15,0,0,4.3,26.200000000000003,93.41
2020,10,29,21,30,0,0,4.3,26.200000000000003,93.41
2020,10,29,21,45,0,0,4.3,26.200000000000003,93.44
2020,10,29,22,0,0,0,4.2,26.200000000000003,93.44
2020,10,29,22,15,0,0,4.2,26.200000000000003,93.44
2020,10,29,22,30,0,0,4.2,26.200000000000003,93.44
2020,10,29,22,45,0,0,4.2,26.200000000000003,92.98
2020,10,29,23,0,0,0,4.2,26.200000000000003,92.98
2020,10,29,23,15,0,0,4.2,26.200000000000003,92.98
2020,10,29,23,30,0,0,4.2,26.200000000000003,92.98
2020,10,29,23,45,0,0,4.2,26.200000000000003,92.42
2020,10,30,0,0,0,0,4.3,26.200000000000003,92.42
2020,10,30,0,15,0,0,4.3,26.200000000000003,92.42
2020,10,30,0,30,0,0,4.4,26.200000000000003,92.42
2020,10,30,0,45,0,0,4.4,26.200000000000003,92.2
2020,10,30,1,0,0,0,4.5,26.200000000000003,92.2
2020,10,30,1,15,0,0,4.5,26.200000000000003,92.2
2020,10,30,1,30,0,0,4.5,26.200000000000003,92.2
2020,10,30,1,45,0,0,4.5,26.200000000000003,92.39
2020,10,30,2,0,0,0,4.5,26.200000000000003,92.39
2020,10,30,2,15,0,0,4.4,26.200000000000003,92.39
2020,10,30,2,30,0,0,4.4,26.200000000000003,92.39
2020,10,30,2,45,0,0,4.3,26.1,93.11
2020,10,30,3,0,0,0,4.3,26.1,93.11
2020,10,30,3,15,0,0,4.3,26.1,93.11
2020,10,30,3,30,0,0,4.2,26.1,93.11
2020,10,30,3,45,0,0,4.2,26.1,93.03
2020,10,30,4,0,0,0,4.2,26,93.58
2020,10,30,4,15,0,0,4.2,26,93.58
2020,10,30,4,30,0,0,4.3,26,93.58
2020,10,30,4,45,0,0,4.3,26,93.33
2020,10,30,5,0,0,0,4.3,26,93.33
2020,10,30,5,15,0,0,4.3,26,93.33
2020,10,30,5,30,0,0,4.3,26,93.33
2020,10,30,5,45,0,0,4.4,26,93.37
2020,10,30,6,0,0,0,4.4,26,93.37
2020,10,30,6,15,0,0,4.4,26.1,92.82000000000001
2020,10,30,6,30,10,9,4.4,26.1,92.82000000000001
2020,10,30,6,45,40,109,4.5,26.200000000000003,92.99
2020,10,30,7,0,82,234,4.5,26.3,92.44
2020,10,30,7,15,132,342,4.5,26.400000000000002,91.99
2020,10,30,7,30,186,429,4.6000000000000005,26.5,91.46000000000001
2020,10,30,7,45,242,507,4.6000000000000005,26.6,91.39
2020,10,30,8,0,298,564,4.7,26.700000000000003,90.85000000000001
2020,10,30,8,15,354,611,4.800000000000001,26.8,90.32000000000001
2020,10,30,8,30,409,650,4.9,26.900000000000002,89.79
2020,10,30,8,45,463,688,5,27.1,87.52
2020,10,30,9,0,515,715,5.1000000000000005,27.200000000000003,87.01
2020,10,30,9,15,564,739,5.2,27.3,86.5
2020,10,30,9,30,609,759,5.300000000000001,27.5,85.5
2020,10,30,9,45,652,779,5.4,27.6,83.07000000000001
2020,10,30,10,0,283,23,5.5,27.8,82.11
2020,10,30,10,15,268,16,5.5,27.900000000000002,81.63
2020,10,30,10,30,211,8,5.6000000000000005,28,81.16
2020,10,30,10,45,146,0,5.7,28.1,79.36
2020,10,30,11,0,272,14,5.7,28.3,78.45
2020,10,30,11,15,372,35,5.800000000000001,28.400000000000002,78
2020,10,30,11,30,430,56,5.800000000000001,28.400000000000002,77.92
2020,10,30,11,45,834,771,5.800000000000001,28.5,76.9
2020,10,30,12,0,379,33,5.9,28.6,76.46000000000001
2020,10,30,12,15,523,115,5.9,28.6,76.46000000000001
2020,10,30,12,30,352,26,5.9,28.700000000000003,76.02
2020,10,30,12,45,515,116,5.9,28.700000000000003,75.82000000000001
2020,10,30,13,0,358,30,5.9,28.700000000000003,75.74
2020,10,30,13,15,255,12,5.9,28.700000000000003,75.74
2020,10,30,13,30,94,0,5.9,28.700000000000003,75.74
2020,10,30,13,45,738,721,5.800000000000001,28.700000000000003,76.08
2020,10,30,14,0,207,7,5.800000000000001,28.700000000000003,76.08
2020,10,30,14,15,340,48,5.800000000000001,28.6,76.52
2020,10,30,14,30,208,7,5.800000000000001,28.6,76.52
2020,10,30,14,45,230,14,5.800000000000001,28.5,77.46000000000001
2020,10,30,15,0,219,14,5.7,28.5,77.46000000000001
2020,10,30,15,15,176,4,5.7,28.400000000000002,77.91
2020,10,30,15,30,86,0,5.6000000000000005,28.3,78.36
2020,10,30,15,45,190,28,5.6000000000000005,28.200000000000003,79.72
2020,10,30,16,0,161,20,5.5,28.1,80.19
2020,10,30,16,15,12,0,5.4,28,80.65
2020,10,30,16,30,138,60,5.300000000000001,27.8,81.60000000000001
2020,10,30,16,45,127,121,5.2,27.700000000000003,83.78
2020,10,30,17,0,47,0,5.1000000000000005,27.5,84.77
2020,10,30,17,15,46,3,4.9,27.400000000000002,85.26
2020,10,30,17,30,25,0,4.800000000000001,27.3,85.76
2020,10,30,17,45,5,0,4.7,27.1,88.58
2020,10,30,18,0,0,0,4.5,27,89.10000000000001
2020,10,30,18,15,0,0,4.5,26.900000000000002,89.62
2020,10,30,18,30,0,0,4.5,26.900000000000002,89.62
2020,10,30,18,45,0,0,4.5,26.8,91.01
2020,10,30,19,0,0,0,4.5,26.8,91.01
2020,10,30,19,15,0,0,4.5,26.8,91.01
2020,10,30,19,30,0,0,4.5,26.8,91.01
2020,10,30,19,45,0,0,4.5,26.8,91.01
2020,10,30,20,0,0,0,4.5,26.700000000000003,91.52
2020,10,30,20,15,0,0,4.5,26.700000000000003,91.52
2020,10,30,20,30,0,0,4.5,26.700000000000003,91.52
2020,10,30,20,45,0,0,4.5,26.700000000000003,91.29
2020,10,30,21,0,0,0,4.5,26.700000000000003,91.29
2020,10,30,21,15,0,0,4.5,26.700000000000003,91.29
2020,10,30,21,30,0,0,4.4,26.6,91.82000000000001
2020,10,30,21,45,0,0,4.4,26.6,91.66
2020,10,30,22,0,0,0,4.4,26.6,91.66
2020,10,30,22,15,0,0,4.4,26.6,91.66
2020,10,30,22,30,0,0,4.4,26.6,91.66
2020,10,30,22,45,0,0,4.3,26.6,91.43
2020,10,30,23,0,0,0,4.3,26.5,91.97
2020,10,30,23,15,0,0,4.3,26.5,91.97
2020,10,30,23,30,0,0,4.3,26.5,91.97
2020,10,30,23,45,0,0,4.3,26.5,91.71000000000001
2020,10,31,0,0,0,0,4.3,26.5,91.71000000000001
2020,10,31,0,15,0,0,4.4,26.5,91.71000000000001
2020,10,31,0,30,0,0,4.4,26.400000000000002,92.25
2020,10,31,0,45,0,0,4.4,26.400000000000002,92.02
2020,10,31,1,0,0,0,4.4,26.400000000000002,92.02
2020,10,31,1,15,0,0,4.4,26.400000000000002,91.93
2020,10,31,1,30,0,0,4.5,26.400000000000002,91.93
2020,10,31,1,45,0,0,4.5,26.3,92.3
2020,10,31,2,0,0,0,4.6000000000000005,26.3,92.3
2020,10,31,2,15,0,0,4.6000000000000005,26.3,92.3
2020,10,31,2,30,0,0,4.7,26.3,92.3
2020,10,31,2,45,0,0,4.7,26.3,91.98
2020,10,31,3,0,0,0,4.800000000000001,26.200000000000003,92.52
2020,10,31,3,15,0,0,4.800000000000001,26.200000000000003,92.52
2020,10,31,3,30,0,0,4.800000000000001,26.200000000000003,92.52
2020,10,31,3,45,0,0,4.9,26.200000000000003,91.99
2020,10,31,4,0,0,0,4.9,26.200000000000003,91.99
2020,10,31,4,15,0,0,4.9,26.200000000000003,91.99
2020,10,31,4,30,0,0,4.9,26.200000000000003,91.99
2020,10,31,4,45,0,0,5,26.1,91.61
2020,10,31,5,0,0,0,5,26.1,91.61
2020,10,31,5,15,0,0,5,26.1,91.61
2020,10,31,5,30,0,0,5,26.1,91.61
2020,10,31,5,45,0,0,5,26.1,90.35000000000001
2020,10,31,6,0,0,0,5,26.1,90.44
2020,10,31,6,15,0,0,5,26.200000000000003,89.91
2020,10,31,6,30,9,5,5.1000000000000005,26.200000000000003,89.91
2020,10,31,6,45,39,94,5.1000000000000005,26.3,88.69
2020,10,31,7,0,81,215,5.1000000000000005,26.400000000000002,88.17
2020,10,31,7,15,131,323,5.2,26.5,87.65
2020,10,31,7,30,185,412,5.300000000000001,26.6,87.23
2020,10,31,7,45,242,492,5.4,26.8,84.78
2020,10,31,8,0,298,550,5.5,26.900000000000002,84.29
2020,10,31,8,15,355,599,5.6000000000000005,27.1,83.31
2020,10,31,8,30,410,639,5.6000000000000005,27.200000000000003,82.82000000000001
2020,10,31,8,45,464,675,5.7,27.400000000000002,79.25
2020,10,31,9,0,516,704,5.800000000000001,27.5,78.79
2020,10,31,9,15,566,729,5.800000000000001,27.700000000000003,77.88
2020,10,31,9,30,218,11,5.800000000000001,27.8,77.5
2020,10,31,9,45,656,770,5.800000000000001,28,74.98
2020,10,31,10,0,696,787,5.800000000000001,28.1,74.54
2020,10,31,10,15,731,799,5.800000000000001,28.200000000000003,74.11
2020,10,31,10,30,763,810,5.800000000000001,28.3,73.61
2020,10,31,10,45,292,18,5.800000000000001,28.400000000000002,72.28
2020,10,31,11,0,225,9,5.7,28.5,71.86
2020,10,31,11,15,841,865,5.7,28.5,71.86
2020,10,31,11,30,855,869,5.7,28.6,71.45
2020,10,31,11,45,864,870,5.7,28.700000000000003,70.49
2020,10,31,12,0,869,871,5.7,28.700000000000003,70.49
2020,10,31,12,15,869,871,5.7,28.700000000000003,70.42
2020,10,31,12,30,864,870,5.6000000000000005,28.8,70.02
2020,10,31,12,45,856,870,5.6000000000000005,28.8,69.71000000000001
2020,10,31,13,0,385,40,5.6000000000000005,28.8,69.71000000000001
2020,10,31,13,15,164,3,5.6000000000000005,28.700000000000003,70.12
2020,10,31,13,30,400,56,5.6000000000000005,28.700000000000003,70.12
2020,10,31,13,45,80,0,5.6000000000000005,28.700000000000003,70.11
2020,10,31,14,0,214,8,5.6000000000000005,28.6,70.52
2020,10,31,14,15,706,833,5.6000000000000005,28.6,70.52
2020,10,31,14,30,263,21,5.6000000000000005,28.5,70.93
2020,10,31,14,45,623,804,5.6000000000000005,28.400000000000002,71.56
2020,10,31,15,0,211,12,5.6000000000000005,28.3,71.98
2020,10,31,15,15,360,201,5.5,28.200000000000003,72.39
2020,10,31,15,30,475,737,5.5,28.1,72.81
2020,10,31,15,45,420,705,5.5,27.900000000000002,74.05
2020,10,31,16,0,297,360,5.4,27.8,74.48
2020,10,31,16,15,218,209,5.4,27.6,75.36
2020,10,31,16,30,250,568,5.300000000000001,27.5,75.8
2020,10,31,16,45,193,498,5.300000000000001,27.3,77.61
2020,10,31,17,0,137,411,5.2,27.200000000000003,78.14
2020,10,31,17,15,65,135,5.1000000000000005,27.1,78.60000000000001
2020,10,31,17,30,28,26,5,26.900000000000002,79.52
2020,10,31,17,45,5,0,4.9,26.8,81.33
2020,10,31,18,0,0,0,4.800000000000001,26.700000000000003,81.81
2020,10,31,18,15,0,0,4.800000000000001,26.6,82.29
2020,10,31,18,30,0,0,4.800000000000001,26.5,82.77
2020,10,31,18,45,0,0,4.800000000000001,26.5,84.12
2020,10,31,19,0,0,0,4.800000000000001,26.400000000000002,84.62
2020,10,31,19,15,0,0,4.800000000000001,26.400000000000002,84.62
2020,10,31,19,30,0,0,4.800000000000001,26.400000000000002,84.62
2020,10,31,19,45,0,0,4.800000000000001,26.400000000000002,84.62
2020,10,31,20,0,0,0,4.9,26.3,85.63
2020,10,31,20,15,0,0,5,26.3,85.63
2020,10,31,20,30,0,0,5,26.3,85.63
2020,10,31,20,45,0,0,5.1000000000000005,26.200000000000003,85.61
2020,10,31,21,0,0,0,5.1000000000000005,26.200000000000003,85.61
2020,10,31,21,15,0,0,5.2,26.200000000000003,85.61
2020,10,31,21,30,0,0,5.2,26.1,86.2
2020,10,31,21,45,0,0,5.2,26.1,85.72
2020,10,31,22,0,0,0,5.2,26.1,85.72
2020,10,31,22,15,0,0,5.1000000000000005,26,86.14
2020,10,31,22,30,0,0,5.1000000000000005,26,86.14
2020,10,31,22,45,0,0,5.1000000000000005,25.900000000000002,86.05
2020,10,31,23,0,0,0,5,25.900000000000002,86.05
2020,10,31,23,15,0,0,5,25.900000000000002,86.05
2020,10,31,23,30,0,0,5,25.8,86.56
2020,10,31,23,45,0,0,4.9,25.8,85.64
2020,11,1,0,0,0,0,4.9,25.700000000000003,86.15
2020,11,1,0,15,0,0,4.9,25.700000000000003,86.15
2020,11,1,0,30,0,0,4.800000000000001,25.700000000000003,86.15
2020,11,1,0,45,0,0,4.800000000000001,25.6,85.60000000000001
2020,11,1,1,0,0,0,4.800000000000001,25.6,85.60000000000001
2020,11,1,1,15,0,0,4.7,25.6,85.60000000000001
2020,11,1,1,30,0,0,4.7,25.5,86.11
2020,11,1,1,45,0,0,4.7,25.5,85.11
2020,11,1,2,0,0,0,4.6000000000000005,25.5,85.11
2020,11,1,2,15,0,0,4.6000000000000005,25.5,85.11
2020,11,1,2,30,0,0,4.6000000000000005,25.400000000000002,85.62
2020,11,1,2,45,0,0,4.6000000000000005,25.400000000000002,84.62
2020,11,1,3,0,0,0,4.6000000000000005,25.400000000000002,84.54
2020,11,1,3,15,0,0,4.7,25.400000000000002,84.54
2020,11,1,3,30,0,0,4.7,25.400000000000002,84.54
2020,11,1,3,45,0,0,4.7,25.400000000000002,83.44
2020,11,1,4,0,0,0,4.7,25.400000000000002,83.44
2020,11,1,4,15,0,0,4.7,25.400000000000002,83.44
2020,11,1,4,30,0,0,4.7,25.5,82.94
2020,11,1,4,45,0,0,4.7,25.5,82.98
2020,11,1,5,0,0,0,4.800000000000001,25.5,82.98
2020,11,1,5,15,0,0,4.800000000000001,25.5,82.98
2020,11,1,5,30,0,0,4.800000000000001,25.5,83.07000000000001
2020,11,1,5,45,0,0,4.800000000000001,25.5,83.48
2020,11,1,6,0,0,0,4.800000000000001,25.5,83.48
2020,11,1,6,15,0,0,4.800000000000001,25.6,82.99
2020,11,1,6,30,5,0,4.9,25.8,82.01
2020,11,1,6,45,29,44,4.9,25.900000000000002,82.93
2020,11,1,7,0,61,108,5,26,82.45
2020,11,1,7,15,130,389,5,26.200000000000003,81.48
2020,11,1,7,30,196,507,5.1000000000000005,26.400000000000002,80.53
2020,11,1,7,45,253,573,5.1000000000000005,26.6,80.31
2020,11,1,8,0,310,627,5.1000000000000005,26.700000000000003,79.84
2020,11,1,8,15,368,673,5.300000000000001,26.900000000000002,78.91
2020,11,1,8,30,406,662,5.4,27.1,78
2020,11,1,8,45,477,733,5.5,27.3,75.09
2020,11,1,9,0,530,760,5.6000000000000005,27.5,74.22
2020,11,1,9,15,515,556,5.7,27.6,73.79
2020,11,1,9,30,625,800,5.800000000000001,27.8,72.94
2020,11,1,9,45,412,138,5.9,28,70.54
2020,11,1,10,0,597,461,6,28.1,70.14
2020,11,1,10,15,740,826,6,28.200000000000003,69.73
2020,11,1,10,30,772,836,6.1000000000000005,28.3,69.33
2020,11,1,10,45,796,827,6.1000000000000005,28.400000000000002,68.67
2020,11,1,11,0,817,832,6.1000000000000005,28.400000000000002,68.67
2020,11,1,11,15,836,838,6.1000000000000005,28.5,68.27
2020,11,1,11,30,850,842,6.1000000000000005,28.5,68.27
2020,11,1,11,45,680,341,6.1000000000000005,28.6,68.1
2020,11,1,12,0,682,337,6.1000000000000005,28.6,68.1
2020,11,1,12,15,675,324,6,28.6,68.1
2020,11,1,12,30,655,296,6,28.6,68.1
2020,11,1,12,45,844,823,6,28.6,68.5
2020,11,1,13,0,649,318,6,28.6,68.43
2020,11,1,13,15,811,813,5.9,28.6,68.43
2020,11,1,13,30,786,804,5.9,28.5,68.83
2020,11,1,13,45,769,844,5.9,28.5,69.22
2020,11,1,14,0,737,834,5.800000000000001,28.5,69.22
2020,11,1,14,15,700,821,5.800000000000001,28.400000000000002,69.62
2020,11,1,14,30,333,57,5.800000000000001,28.3,70.03
2020,11,1,14,45,288,40,5.7,28.3,70.47
2020,11,1,15,0,436,300,5.7,28.200000000000003,70.81
2020,11,1,15,15,376,241,5.7,28.1,71.22
2020,11,1,15,30,397,421,5.6000000000000005,28,71.64
2020,11,1,15,45,369,483,5.6000000000000005,27.900000000000002,73.13
2020,11,1,16,0,233,148,5.5,27.8,73.55
2020,11,1,16,15,297,571,5.5,27.6,74.41
2020,11,1,16,30,241,513,5.4,27.5,74.85000000000001
2020,11,1,16,45,183,428,5.4,27.3,77.24
2020,11,1,17,0,129,338,5.300000000000001,27.200000000000003,77.69
2020,11,1,17,15,57,82,5.2,27.1,78.23
2020,11,1,17,30,37,98,5.1000000000000005,26.900000000000002,79.15
2020,11,1,17,45,0,0,5,26.8,81.60000000000001
2020,11,1,18,0,0,0,4.9,26.6,82.56
2020,11,1,18,15,0,0,4.9,26.6,82.56
2020,11,1,18,30,0,0,4.9,26.5,83.05
2020,11,1,18,45,0,0,4.800000000000001,26.5,85
2020,11,1,19,0,0,0,4.800000000000001,26.400000000000002,85.5
2020,11,1,19,15,0,0,4.800000000000001,26.400000000000002,85.5
2020,11,1,19,30,0,0,4.800000000000001,26.400000000000002,85.5
2020,11,1,19,45,0,0,4.800000000000001,26.400000000000002,85.5
2020,11,1,20,0,0,0,4.7,26.3,87.46000000000001
2020,11,1,20,15,0,0,4.7,26.200000000000003,87.97
2020,11,1,20,30,0,0,4.7,26.200000000000003,88.06
2020,11,1,20,45,0,0,4.7,26.200000000000003,88.91
2020,11,1,21,0,0,0,4.7,26.200000000000003,88.91
2020,11,1,21,15,0,0,4.7,26.200000000000003,88.91
2020,11,1,21,30,0,0,4.7,26.1,89.43
2020,11,1,21,45,0,0,4.7,26.1,90.36
2020,11,1,22,0,0,0,4.7,26.1,90.36
2020,11,1,22,15,0,0,4.7,26,90.8
2020,11,1,22,30,0,0,4.7,26,90.8
2020,11,1,22,45,0,0,4.7,25.900000000000002,92.33
2020,11,1,23,0,0,0,4.7,25.900000000000002,92.33
2020,11,1,23,15,0,0,4.7,25.8,92.88
2020,11,1,23,30,0,0,4.7,25.8,92.88
2020,11,1,23,45,0,0,4.7,25.8,93.66
2020,11,2,0,0,0,0,4.7,25.700000000000003,94.21000000000001
2020,11,2,0,15,0,0,4.6000000000000005,25.700000000000003,94.21000000000001
2020,11,2,0,30,0,0,4.5,25.700000000000003,94.21000000000001
2020,11,2,0,45,0,0,4.4,25.700000000000003,94.57000000000001
2020,11,2,1,0,0,0,4.4,25.6,95.13
2020,11,2,1,15,0,0,4.3,25.6,95.13
2020,11,2,1,30,0,0,4.2,25.6,95.13
2020,11,2,1,45,0,0,4.1000000000000005,25.6,95.60000000000001
2020,11,2,2,0,0,0,4,25.6,95.5
2020,11,2,2,15,0,0,4,25.6,95.5
2020,11,2,2,30,0,0,3.9000000000000004,25.6,95.5
2020,11,2,2,45,0,0,3.9000000000000004,25.6,95.46000000000001
2020,11,2,3,0,0,0,3.8000000000000003,25.6,95.46000000000001
2020,11,2,3,15,0,0,3.8000000000000003,25.6,95.46000000000001
2020,11,2,3,30,0,0,3.8000000000000003,25.6,95.46000000000001
2020,11,2,3,45,0,0,3.8000000000000003,25.6,95.21000000000001
2020,11,2,4,0,0,0,3.7,25.6,95.21000000000001
2020,11,2,4,15,0,0,3.7,25.6,95.21000000000001
2020,11,2,4,30,0,0,3.7,25.6,95.21000000000001
2020,11,2,4,45,0,0,3.8000000000000003,25.6,94.58
2020,11,2,5,0,0,0,3.8000000000000003,25.6,94.58
2020,11,2,5,15,0,0,3.8000000000000003,25.6,94.58
2020,11,2,5,30,0,0,3.8000000000000003,25.6,94.58
2020,11,2,5,45,0,0,3.8000000000000003,25.6,94
2020,11,2,6,0,0,0,3.8000000000000003,25.6,94
2020,11,2,6,15,0,0,3.9000000000000004,25.700000000000003,93.54
2020,11,2,6,30,0,0,4,25.8,92.99
2020,11,2,6,45,30,60,4.1000000000000005,25.900000000000002,93.24
2020,11,2,7,0,56,72,4.2,26.1,92.15
2020,11,2,7,15,107,219,4.3,26.200000000000003,91.61
2020,11,2,7,30,153,275,4.4,26.3,91.07000000000001
2020,11,2,7,45,211,374,4.5,26.5,90.27
2020,11,2,8,0,252,362,4.6000000000000005,26.6,89.74
2020,11,2,8,15,280,300,4.7,26.8,88.7
2020,11,2,8,30,318,292,4.800000000000001,27,87.66
2020,11,2,8,45,294,138,5,27.200000000000003,84.99
2020,11,2,9,0,305,106,5.1000000000000005,27.400000000000002,84.01
2020,11,2,9,15,263,38,5.2,27.5,83.52
2020,11,2,9,30,367,115,5.300000000000001,27.700000000000003,82.55
2020,11,2,9,45,428,163,5.4,27.900000000000002,80.07000000000001
2020,11,2,10,0,320,39,5.5,28,79.60000000000001
2020,11,2,10,15,388,71,5.6000000000000005,28.1,79.06
2020,11,2,10,30,287,19,5.6000000000000005,28.200000000000003,78.61
2020,11,2,10,45,326,26,5.6000000000000005,28.400000000000002,77.23
2020,11,2,11,0,397,50,5.7,28.5,76.79
2020,11,2,11,15,441,70,5.7,28.5,76.79
2020,11,2,11,30,401,45,5.6000000000000005,28.6,76.34
2020,11,2,11,45,154,2,5.6000000000000005,28.6,76.05
2020,11,2,12,0,104,0,5.6000000000000005,28.700000000000003,75.62
2020,11,2,12,15,405,44,5.5,28.700000000000003,75.62
2020,11,2,12,30,231,10,5.5,28.700000000000003,75.62
2020,11,2,12,45,547,155,5.4,28.700000000000003,75.47
2020,11,2,13,0,234,10,5.4,28.700000000000003,75.39
2020,11,2,13,15,96,0,5.4,28.700000000000003,75.39
2020,11,2,13,30,152,1,5.300000000000001,28.700000000000003,75.39
2020,11,2,13,45,250,12,5.300000000000001,28.700000000000003,75.24
2020,11,2,14,0,231,10,5.2,28.6,75.67
2020,11,2,14,15,537,313,5.2,28.6,75.67
2020,11,2,14,30,395,119,5.1000000000000005,28.5,76.11
2020,11,2,14,45,205,8,5,28.400000000000002,76.47
2020,11,2,15,0,301,69,5,28.400000000000002,76.47
2020,11,2,15,15,161,0,4.9,28.3,76.91
2020,11,2,15,30,54,0,4.800000000000001,28.200000000000003,77.36
2020,11,2,15,45,402,643,4.7,28.1,78.23
2020,11,2,16,0,65,0,4.6000000000000005,28,78.69
2020,11,2,16,15,161,59,4.5,27.8,79.61
2020,11,2,16,30,235,497,4.4,27.700000000000003,80.07000000000001
2020,11,2,16,45,179,420,4.2,27.5,82.43
2020,11,2,17,0,126,331,4.1000000000000005,27.400000000000002,82.91
2020,11,2,17,15,55,72,4,27.200000000000003,83.97
2020,11,2,17,30,24,0,3.9000000000000004,27.1,84.46000000000001
2020,11,2,17,45,0,0,3.8000000000000003,27,86.44
2020,11,2,18,0,0,0,3.7,26.8,87.45
2020,11,2,18,15,0,0,3.8000000000000003,26.8,87.45
2020,11,2,18,30,0,0,3.8000000000000003,26.8,87.45
2020,11,2,18,45,0,0,3.8000000000000003,26.700000000000003,88.76
2020,11,2,19,0,0,0,3.8000000000000003,26.700000000000003,88.76
2020,11,2,19,15,0,0,3.8000000000000003,26.700000000000003,88.76
2020,11,2,19,30,0,0,3.8000000000000003,26.700000000000003,88.76
2020,11,2,19,45,0,0,3.8000000000000003,26.700000000000003,88.76
2020,11,2,20,0,0,0,3.8000000000000003,26.6,89.46000000000001
2020,11,2,20,15,0,0,3.7,26.6,89.46000000000001
2020,11,2,20,30,0,0,3.6,26.6,89.55
2020,11,2,20,45,0,0,3.5,26.5,89.4
2020,11,2,21,0,0,0,3.4000000000000004,26.5,89.4
2020,11,2,21,15,0,0,3.3000000000000003,26.5,89.4
2020,11,2,21,30,0,0,3.3000000000000003,26.5,89.4
2020,11,2,21,45,0,0,3.2,26.5,88.8
2020,11,2,22,0,0,0,3.1,26.400000000000002,89.32000000000001
2020,11,2,22,15,0,0,3.1,26.400000000000002,89.32000000000001
2020,11,2,22,30,0,0,3.1,26.400000000000002,89.32000000000001
2020,11,2,22,45,0,0,3.1,26.400000000000002,89.07000000000001
2020,11,2,23,0,0,0,3.1,26.400000000000002,89.07000000000001
2020,11,2,23,15,0,0,3.1,26.3,89.60000000000001
2020,11,2,23,30,0,0,3.2,26.3,89.60000000000001
2020,11,2,23,45,0,0,3.3000000000000003,26.3,89.44
2020,11,3,0,0,0,0,3.3000000000000003,26.3,89.44
2020,11,3,0,15,0,0,3.4000000000000004,26.200000000000003,89.97
2020,11,3,0,30,0,0,3.5,26.200000000000003,89.97
2020,11,3,0,45,0,0,3.5,26.200000000000003,89.82000000000001
2020,11,3,1,0,0,0,3.6,26.200000000000003,89.82000000000001
2020,11,3,1,15,0,0,3.6,26.1,90.35000000000001
2020,11,3,1,30,0,0,3.6,26.1,90.35000000000001
2020,11,3,1,45,0,0,3.7,26.1,89.91
2020,11,3,2,0,0,0,3.7,26,90.44
2020,11,3,2,15,0,0,3.7,26,90.44
2020,11,3,2,30,0,0,3.7,26,90.44
2020,11,3,2,45,0,0,3.7,25.900000000000002,90.33
2020,11,3,3,0,0,0,3.8000000000000003,25.900000000000002,90.33
2020,11,3,3,15,0,0,3.8000000000000003,25.900000000000002,90.33
2020,11,3,3,30,0,0,3.8000000000000003,25.900000000000002,90.33
2020,11,3,3,45,0,0,3.8000000000000003,25.900000000000002,89.42
2020,11,3,4,0,0,0,3.8000000000000003,25.8,89.95
2020,11,3,4,15,0,0,3.8000000000000003,25.8,89.95
2020,11,3,4,30,0,0,3.8000000000000003,25.8,89.95
2020,11,3,4,45,0,0,3.8000000000000003,25.8,88.99
2020,11,3,5,0,0,0,3.8000000000000003,25.8,88.99
2020,11,3,5,15,0,0,3.7,25.8,88.99
2020,11,3,5,30,0,0,3.7,25.8,89.08
2020,11,3,5,45,0,0,3.7,25.8,88.3
2020,11,3,6,0,0,0,3.7,25.8,88.3
2020,11,3,6,15,0,0,3.7,25.900000000000002,87.78
2020,11,3,6,30,0,0,3.6,26,87.26
2020,11,3,6,45,36,90,3.6,26,87.46000000000001
2020,11,3,7,0,78,213,3.6,26.1,86.95
2020,11,3,7,15,100,172,3.6,26.3,86.02
2020,11,3,7,30,124,126,3.6,26.400000000000002,85.51
2020,11,3,7,45,116,20,3.6,26.5,84.39
2020,11,3,8,0,183,110,3.7,26.700000000000003,83.4
2020,11,3,8,15,313,450,3.7,26.8,82.92
2020,11,3,8,30,332,348,3.7,26.900000000000002,82.43
2020,11,3,8,45,461,691,3.7,27,80.46000000000001
2020,11,3,9,0,513,719,3.8000000000000003,27.1,80.07000000000001
2020,11,3,9,15,562,743,3.8000000000000003,27.200000000000003,79.60000000000001
2020,11,3,9,30,608,764,3.8000000000000003,27.400000000000002,78.68
2020,11,3,9,45,654,795,3.9000000000000004,27.5,77.18
2020,11,3,10,0,527,295,3.9000000000000004,27.6,76.73
2020,11,3,10,15,728,821,3.9000000000000004,27.700000000000003,76.29
2020,11,3,10,30,604,347,3.9000000000000004,27.8,75.77
2020,11,3,10,45,584,267,3.9000000000000004,27.8,75.01
2020,11,3,11,0,552,193,3.9000000000000004,27.900000000000002,74.57000000000001
2020,11,3,11,15,254,12,3.9000000000000004,28,74.14
2020,11,3,11,30,420,55,3.9000000000000004,28,74.14
2020,11,3,11,45,424,54,3.9000000000000004,28,73.67
2020,11,3,12,0,578,183,3.9000000000000004,28.1,73.25
2020,11,3,12,15,604,219,3.9000000000000004,28.1,73.17
2020,11,3,12,30,593,208,3.9000000000000004,28.1,73.17
2020,11,3,12,45,484,96,3.9000000000000004,28.1,72.79
2020,11,3,13,0,632,296,3.9000000000000004,28.200000000000003,72.37
2020,11,3,13,15,590,249,3.8000000000000003,28.200000000000003,72.37
2020,11,3,13,30,789,850,3.8000000000000003,28.200000000000003,72.37
2020,11,3,13,45,291,20,3.8000000000000003,28.200000000000003,71.99
2020,11,3,14,0,384,69,3.8000000000000003,28.200000000000003,71.92
2020,11,3,14,15,503,248,3.7,28.1,72.33
2020,11,3,14,30,360,83,3.7,28.1,72.33
2020,11,3,14,45,462,291,3.7,28.1,72.09
2020,11,3,15,0,345,127,3.6,28.1,72.09
2020,11,3,15,15,517,755,3.6,28,72.51
2020,11,3,15,30,298,151,3.5,27.900000000000002,72.93
2020,11,3,15,45,235,92,3.5,27.8,73.67
2020,11,3,16,0,167,30,3.4000000000000004,27.8,73.67
2020,11,3,16,15,260,416,3.4000000000000004,27.6,74.61
2020,11,3,16,30,176,206,3.3000000000000003,27.5,75.04
2020,11,3,16,45,130,159,3.2,27.3,77.61
2020,11,3,17,0,94,141,3.1,27.200000000000003,78.07000000000001
2020,11,3,17,15,64,157,3.1,27,78.98
2020,11,3,17,30,24,6,3,26.8,79.91
2020,11,3,17,45,0,0,3,26.6,81.95
2020,11,3,18,0,0,0,2.9000000000000004,26.400000000000002,83
2020,11,3,18,15,0,0,3,26.3,83.49
2020,11,3,18,30,0,0,3,26.3,83.49
2020,11,3,18,45,0,0,3,26.200000000000003,84.46000000000001
2020,11,3,19,0,0,0,3.1,26.200000000000003,84.46000000000001
2020,11,3,19,15,0,0,3.1,26.200000000000003,84.46000000000001
2020,11,3,19,30,0,0,3.1,26.200000000000003,84.46000000000001
2020,11,3,19,45,0,0,3.1,26.200000000000003,84.46000000000001
2020,11,3,20,0,0,0,3.3000000000000003,26.1,85.48
2020,11,3,20,15,0,0,3.3000000000000003,26.1,85.48
2020,11,3,20,30,0,0,3.4000000000000004,26.1,85.48
2020,11,3,20,45,0,0,3.5,26,86.39
2020,11,3,21,0,0,0,3.6,26,86.39
2020,11,3,21,15,0,0,3.6,26,86.39
2020,11,3,21,30,0,0,3.7,26,86.39
2020,11,3,21,45,0,0,3.7,26,86.91
2020,11,3,22,0,0,0,3.8000000000000003,26,86.91
2020,11,3,22,15,0,0,3.8000000000000003,25.900000000000002,87.42
2020,11,3,22,30,0,0,3.9000000000000004,25.900000000000002,87.42
2020,11,3,22,45,0,0,3.9000000000000004,25.900000000000002,87.72
2020,11,3,23,0,0,0,3.9000000000000004,25.900000000000002,87.72
2020,11,3,23,15,0,0,4,25.8,88.24
2020,11,3,23,30,0,0,4,25.8,88.24
2020,11,3,23,45,0,0,4,25.700000000000003,88.86
2020,11,4,0,0,0,0,4.1000000000000005,25.700000000000003,88.86
2020,11,4,0,15,0,0,4.1000000000000005,25.700000000000003,88.77
2020,11,4,0,30,0,0,4.1000000000000005,25.6,89.29
2020,11,4,0,45,0,0,4.2,25.6,88.99
2020,11,4,1,0,0,0,4.2,25.6,88.99
2020,11,4,1,15,0,0,4.2,25.6,88.99
2020,11,4,1,30,0,0,4.2,25.5,89.52
2020,11,4,1,45,0,0,4.2,25.5,89.05
2020,11,4,2,0,0,0,4.2,25.5,89.05
2020,11,4,2,15,0,0,4.2,25.5,89.05
2020,11,4,2,30,0,0,4.2,25.400000000000002,89.58
2020,11,4,2,45,0,0,4.2,25.400000000000002,88.86
2020,11,4,3,0,0,0,4.2,25.400000000000002,88.86
2020,11,4,3,15,0,0,4.2,25.400000000000002,88.86
2020,11,4,3,30,0,0,4.2,25.400000000000002,88.86
2020,11,4,3,45,0,0,4.2,25.3,88.68
2020,11,4,4,0,0,0,4.3,25.3,88.68
2020,11,4,4,15,0,0,4.3,25.3,88.68
2020,11,4,4,30,0,0,4.3,25.3,88.68
2020,11,4,4,45,0,0,4.3,25.3,88.11
2020,11,4,5,0,0,0,4.3,25.3,88.11
2020,11,4,5,15,0,0,4.3,25.3,88.11
2020,11,4,5,30,0,0,4.3,25.3,88.11
2020,11,4,5,45,0,0,4.3,25.3,87.53
2020,11,4,6,0,0,0,4.3,25.200000000000003,88.05
2020,11,4,6,15,0,0,4.3,25.400000000000002,87.02
2020,11,4,6,30,0,0,4.4,25.5,86.5
2020,11,4,6,45,38,142,4.5,25.700000000000003,85.44
2020,11,4,7,0,81,288,4.5,25.8,84.94
2020,11,4,7,15,132,404,4.7,26,83.94
2020,11,4,7,30,188,496,4.800000000000001,26.200000000000003,83.04
2020,11,4,7,45,247,589,4.9,26.3,80.83
2020,11,4,8,0,305,645,5.1000000000000005,26.5,79.89
2020,11,4,8,15,362,690,5.1000000000000005,26.700000000000003,78.96000000000001
2020,11,4,8,30,418,727,5.2,26.900000000000002,78.04
2020,11,4,8,45,476,774,5.2,27,76.19
2020,11,4,9,0,528,799,5.300000000000001,27.200000000000003,75.3
2020,11,4,9,15,577,820,5.300000000000001,27.3,74.86
2020,11,4,9,30,624,838,5.300000000000001,27.5,74
2020,11,4,9,45,397,126,5.300000000000001,27.700000000000003,72.58
2020,11,4,10,0,330,46,5.300000000000001,27.8,72.16
2020,11,4,10,15,743,884,5.2,27.900000000000002,71.74
2020,11,4,10,30,775,893,5.2,28,71.33
2020,11,4,10,45,805,913,5.1000000000000005,28.200000000000003,70.04
2020,11,4,11,0,826,917,5.1000000000000005,28.3,69.63
2020,11,4,11,15,845,922,5,28.400000000000002,69.23
2020,11,4,11,30,860,925,4.9,28.400000000000002,69.23
2020,11,4,11,45,869,928,4.9,28.5,68.55
2020,11,4,12,0,872,928,4.800000000000001,28.5,68.55
2020,11,4,12,15,729,472,4.800000000000001,28.6,68.15
2020,11,4,12,30,365,31,4.7,28.6,68.15
2020,11,4,12,45,564,181,4.7,28.6,67.87
2020,11,4,13,0,499,119,4.6000000000000005,28.6,67.87
2020,11,4,13,15,303,20,4.6000000000000005,28.6,67.87
2020,11,4,13,30,234,10,4.5,28.6,67.87
2020,11,4,13,45,769,885,4.5,28.6,67.85
2020,11,4,14,0,737,876,4.5,28.5,68.24
2020,11,4,14,15,702,865,4.5,28.5,68.24
2020,11,4,14,30,662,852,4.4,28.400000000000002,68.57000000000001
2020,11,4,14,45,620,844,4.4,28.400000000000002,68.82000000000001
2020,11,4,15,0,574,826,4.4,28.3,69.22
2020,11,4,15,15,525,805,4.4,28.200000000000003,69.62
2020,11,4,15,30,473,781,4.3,28.1,70.02
2020,11,4,15,45,419,758,4.3,28,71.06
2020,11,4,16,0,363,723,4.2,27.900000000000002,71.47
2020,11,4,16,15,306,680,4.1000000000000005,27.700000000000003,72.31
2020,11,4,16,30,79,0,4,27.6,72.73
2020,11,4,16,45,191,565,3.9000000000000004,27.400000000000002,75.27
2020,11,4,17,0,135,479,3.8000000000000003,27.200000000000003,76.23
2020,11,4,17,15,83,363,3.7,27,77.12
2020,11,4,17,30,39,209,3.7,26.8,78.03
2020,11,4,17,45,0,0,3.6,26.5,82.21000000000001
2020,11,4,18,0,0,0,3.5,26.3,83.19
2020,11,4,18,15,0,0,3.5,26.200000000000003,83.68
2020,11,4,18,30,0,0,3.5,26.1,84.17
2020,11,4,18,45,0,0,3.5,26,86.53
2020,11,4,19,0,0,0,3.6,25.900000000000002,87.04
2020,11,4,19,15,0,0,3.6,25.900000000000002,87.04
2020,11,4,19,30,0,0,3.6,25.900000000000002,87.04
2020,11,4,19,45,0,0,3.6,25.900000000000002,87.04
2020,11,4,20,0,0,0,3.7,25.700000000000003,89.19
2020,11,4,20,15,0,0,3.7,25.6,89.72
2020,11,4,20,30,0,0,3.7,25.6,89.72
2020,11,4,20,45,0,0,3.7,25.5,90.81
2020,11,4,21,0,0,0,3.8000000000000003,25.5,90.81
2020,11,4,21,15,0,0,3.8000000000000003,25.5,90.81
2020,11,4,21,30,0,0,3.8000000000000003,25.400000000000002,91.35000000000001
2020,11,4,21,45,0,0,3.8000000000000003,25.400000000000002,91.60000000000001
2020,11,4,22,0,0,0,3.9000000000000004,25.400000000000002,91.60000000000001
2020,11,4,22,15,0,0,3.9000000000000004,25.400000000000002,91.60000000000001
2020,11,4,22,30,0,0,3.9000000000000004,25.3,92.15
2020,11,4,22,45,0,0,3.9000000000000004,25.3,92.07000000000001
2020,11,4,23,0,0,0,3.9000000000000004,25.3,92.07000000000001
2020,11,4,23,15,0,0,3.9000000000000004,25.3,92.07000000000001
2020,11,4,23,30,0,0,3.9000000000000004,25.3,92.07000000000001
2020,11,4,23,45,0,0,3.9000000000000004,25.200000000000003,92.21000000000001
2020,11,5,0,0,0,0,3.9000000000000004,25.200000000000003,92.21000000000001
2020,11,5,0,15,0,0,3.9000000000000004,25.200000000000003,92.21000000000001
2020,11,5,0,30,0,0,3.9000000000000004,25.200000000000003,92.21000000000001
2020,11,5,0,45,0,0,3.9000000000000004,25.200000000000003,91.9
2020,11,5,1,0,0,0,3.9000000000000004,25.1,92.44
2020,11,5,1,15,0,0,3.9000000000000004,25.1,92.35000000000001
2020,11,5,1,30,0,0,3.9000000000000004,25.1,92.35000000000001
2020,11,5,1,45,0,0,3.9000000000000004,25.1,92
2020,11,5,2,0,0,0,3.9000000000000004,25,92.55
2020,11,5,2,15,0,0,3.9000000000000004,25,92.55
2020,11,5,2,30,0,0,3.9000000000000004,25,92.55
2020,11,5,2,45,0,0,3.8000000000000003,25,92.2
2020,11,5,3,0,0,0,3.8000000000000003,25,92.2
2020,11,5,3,15,0,0,3.8000000000000003,25,92.2
2020,11,5,3,30,0,0,3.8000000000000003,25,92.2
2020,11,5,3,45,0,0,3.8000000000000003,25,91.95
2020,11,5,4,0,0,0,3.9000000000000004,25,91.95
2020,11,5,4,15,0,0,3.9000000000000004,25,91.95
2020,11,5,4,30,0,0,3.9000000000000004,25,91.95
2020,11,5,4,45,0,0,3.9000000000000004,25,91.63
2020,11,5,5,0,0,0,3.9000000000000004,25,91.63
2020,11,5,5,15,0,0,3.9000000000000004,25,91.63
2020,11,5,5,30,0,0,3.9000000000000004,25,91.63
2020,11,5,5,45,0,0,3.9000000000000004,25,91.27
2020,11,5,6,0,0,0,3.9000000000000004,25,91.27
2020,11,5,6,15,0,0,3.9000000000000004,25.200000000000003,90.2
2020,11,5,6,30,0,0,4,25.400000000000002,89.14
2020,11,5,6,45,38,177,4.1000000000000005,25.5,89.17
2020,11,5,7,0,81,329,4.1000000000000005,25.700000000000003,88.22
2020,11,5,7,15,132,446,4.2,25.900000000000002,87.18
2020,11,5,7,30,188,534,4.3,26,86.67
2020,11,5,7,45,244,601,4.4,26.200000000000003,84.67
2020,11,5,8,0,302,655,4.5,26.400000000000002,83.68
2020,11,5,8,15,359,699,4.6000000000000005,26.5,83.19
2020,11,5,8,30,414,735,4.6000000000000005,26.700000000000003,82.22
2020,11,5,8,45,467,760,4.7,26.8,79.88
2020,11,5,9,0,520,787,4.800000000000001,27,78.95
2020,11,5,9,15,569,809,4.800000000000001,27.1,78.49
2020,11,5,9,30,615,827,4.800000000000001,27.200000000000003,78.03
2020,11,5,9,45,658,840,4.800000000000001,27.400000000000002,75.76
2020,11,5,10,0,698,855,4.800000000000001,27.5,75.32000000000001
2020,11,5,10,15,734,866,4.800000000000001,27.6,74.88
2020,11,5,10,30,765,876,4.800000000000001,27.700000000000003,74.45
2020,11,5,10,45,794,891,4.800000000000001,27.8,73.48
2020,11,5,11,0,348,32,4.800000000000001,27.900000000000002,73.06
2020,11,5,11,15,836,902,4.7,28,72.56
2020,11,5,11,30,850,906,4.7,28.1,72.14
2020,11,5,11,45,276,14,4.7,28.1,72.07000000000001
2020,11,5,12,0,863,905,4.6000000000000005,28.200000000000003,71.66
2020,11,5,12,15,862,904,4.6000000000000005,28.200000000000003,71.58
2020,11,5,12,30,857,902,4.6000000000000005,28.3,71.17
2020,11,5,12,45,847,898,4.5,28.3,71.22
2020,11,5,13,0,404,52,4.5,28.3,71.22
2020,11,5,13,15,813,888,4.5,28.3,71.15
2020,11,5,13,30,421,75,4.4,28.3,71.15
2020,11,5,13,45,358,45,4.4,28.200000000000003,71.78
2020,11,5,14,0,731,868,4.3,28.200000000000003,71.78
2020,11,5,14,15,348,58,4.3,28.200000000000003,71.78
2020,11,5,14,30,655,843,4.2,28.1,72.2
2020,11,5,14,45,612,828,4.2,28.1,72.63
2020,11,5,15,0,195,8,4.1000000000000005,28,73.05
2020,11,5,15,15,175,4,4.1000000000000005,27.900000000000002,73.48
2020,11,5,15,30,464,760,4.1000000000000005,27.8,73.91
2020,11,5,15,45,21,0,4,27.700000000000003,75
2020,11,5,16,0,355,696,4,27.6,75.44
2020,11,5,16,15,298,652,3.9000000000000004,27.400000000000002,76.33
2020,11,5,16,30,197,329,3.8000000000000003,27.200000000000003,77.22
2020,11,5,16,45,106,66,3.8000000000000003,27.1,79.19
2020,11,5,17,0,86,105,3.7,26.900000000000002,80.12
2020,11,5,17,15,52,68,3.6,26.700000000000003,81.07000000000001
2020,11,5,17,30,27,56,3.6,26.5,82.02
2020,11,5,17,45,0,0,3.5,26.3,85.02
2020,11,5,18,0,0,0,3.4000000000000004,26.1,86.02
2020,11,5,18,15,0,0,3.4000000000000004,26,86.62
2020,11,5,18,30,0,0,3.4000000000000004,26,86.62
2020,11,5,18,45,0,0,3.5,25.900000000000002,88.19
2020,11,5,19,0,0,0,3.5,25.900000000000002,88.19
2020,11,5,19,15,0,0,3.5,25.900000000000002,88.19
2020,11,5,19,30,0,0,3.5,25.900000000000002,88.19
2020,11,5,19,45,0,0,3.5,25.900000000000002,88.19
2020,11,5,20,0,0,0,3.5,25.700000000000003,89.92
2020,11,5,20,15,0,0,3.5,25.700000000000003,89.92
2020,11,5,20,30,0,0,3.5,25.700000000000003,89.92
2020,11,5,20,45,0,0,3.5,25.6,90.85000000000001
2020,11,5,21,0,0,0,3.5,25.6,90.85000000000001
2020,11,5,21,15,0,0,3.5,25.6,90.85000000000001
2020,11,5,21,30,0,0,3.5,25.6,90.85000000000001
2020,11,5,21,45,0,0,3.5,25.6,91.17
2020,11,5,22,0,0,0,3.5,25.6,91.17
2020,11,5,22,15,0,0,3.5,25.5,91.71000000000001
2020,11,5,22,30,0,0,3.5,25.5,91.71000000000001
2020,11,5,22,45,0,0,3.5,25.5,92.17
2020,11,5,23,0,0,0,3.5,25.5,92.17
2020,11,5,23,15,0,0,3.5,25.5,92.17
2020,11,5,23,30,0,0,3.5,25.5,92.17
2020,11,5,23,45,0,0,3.5,25.400000000000002,93.14
2020,11,6,0,0,0,0,3.4000000000000004,25.400000000000002,93.14
2020,11,6,0,15,0,0,3.4000000000000004,25.400000000000002,93.14
2020,11,6,0,30,0,0,3.4000000000000004,25.400000000000002,93.14
2020,11,6,0,45,0,0,3.4000000000000004,25.400000000000002,93.54
2020,11,6,1,0,0,0,3.4000000000000004,25.400000000000002,93.44
2020,11,6,1,15,0,0,3.3000000000000003,25.400000000000002,93.44
2020,11,6,1,30,0,0,3.3000000000000003,25.400000000000002,93.44
2020,11,6,1,45,0,0,3.3000000000000003,25.400000000000002,93.94
2020,11,6,2,0,0,0,3.3000000000000003,25.400000000000002,93.94
2020,11,6,2,15,0,0,3.3000000000000003,25.400000000000002,93.94
2020,11,6,2,30,0,0,3.3000000000000003,25.400000000000002,93.94
2020,11,6,2,45,0,0,3.3000000000000003,25.400000000000002,94.34
2020,11,6,3,0,0,0,3.3000000000000003,25.400000000000002,94.34
2020,11,6,3,15,0,0,3.3000000000000003,25.400000000000002,94.34
2020,11,6,3,30,0,0,3.3000000000000003,25.400000000000002,94.34
2020,11,6,3,45,0,0,3.3000000000000003,25.400000000000002,94.58
2020,11,6,4,0,0,0,3.3000000000000003,25.400000000000002,94.58
2020,11,6,4,15,0,0,3.4000000000000004,25.400000000000002,94.58
2020,11,6,4,30,0,0,3.4000000000000004,25.400000000000002,94.58
2020,11,6,4,45,0,0,3.4000000000000004,25.400000000000002,94.51
2020,11,6,5,0,0,0,3.4000000000000004,25.400000000000002,94.51
2020,11,6,5,15,0,0,3.4000000000000004,25.3,95.17
2020,11,6,5,30,0,0,3.4000000000000004,25.3,95.17
2020,11,6,5,45,0,0,3.4000000000000004,25.3,94.58
2020,11,6,6,0,0,0,3.4000000000000004,25.3,94.58
2020,11,6,6,15,0,0,3.4000000000000004,25.400000000000002,94.02
2020,11,6,6,30,0,0,3.4000000000000004,25.5,93.46000000000001
2020,11,6,6,45,34,136,3.5,25.6,93.3
2020,11,6,7,0,76,278,3.5,25.6,93.4
2020,11,6,7,15,125,393,3.5,25.700000000000003,92.85000000000001
2020,11,6,7,30,178,482,3.6,25.8,92.3
2020,11,6,7,45,234,557,3.6,25.900000000000002,91
2020,11,6,8,0,290,612,3.7,26,90.47
2020,11,6,8,15,346,658,3.7,26,90.47
2020,11,6,8,30,400,695,3.7,26.1,89.94
2020,11,6,8,45,453,726,3.7,26.1,88.04
2020,11,6,9,0,504,753,3.7,26.200000000000003,87.52
2020,11,6,9,15,552,775,3.7,26.3,87.01
2020,11,6,9,30,598,794,3.7,26.400000000000002,86.5
2020,11,6,9,45,639,807,3.7,26.5,83.81
2020,11,6,10,0,678,821,3.7,26.6,83.32000000000001
2020,11,6,10,15,714,833,3.8000000000000003,26.700000000000003,82.83
2020,11,6,10,30,745,843,3.8000000000000003,26.8,82.35000000000001
2020,11,6,10,45,778,879,3.8000000000000003,26.900000000000002,80.27
2020,11,6,11,0,801,885,3.8000000000000003,27,79.8
2020,11,6,11,15,351,31,3.9000000000000004,27,79.72
2020,11,6,11,30,834,894,3.9000000000000004,27.1,79.26
2020,11,6,11,45,354,29,3.9000000000000004,27.200000000000003,77.81
2020,11,6,12,0,380,36,3.9000000000000004,27.3,77.36
2020,11,6,12,15,573,186,4,27.3,77.28
2020,11,6,12,30,843,895,4,27.3,77.28
2020,11,6,12,45,834,893,4,27.400000000000002,75.83
2020,11,6,13,0,820,890,4,27.400000000000002,75.75
2020,11,6,13,15,802,886,4,27.400000000000002,75.75
2020,11,6,13,30,779,879,3.9000000000000004,27.400000000000002,75.75
2020,11,6,13,45,749,855,3.9000000000000004,27.3,75.45
2020,11,6,14,0,718,846,3.9000000000000004,27.3,75.45
2020,11,6,14,15,683,835,3.8000000000000003,27.200000000000003,75.9
2020,11,6,14,30,644,822,3.8000000000000003,27.200000000000003,75.9
2020,11,6,14,45,603,809,3.7,27.1,76.13
2020,11,6,15,0,557,791,3.6,27.1,76.05
2020,11,6,15,15,509,770,3.6,27,76.5
2020,11,6,15,30,458,744,3.5,27,76.57000000000001
2020,11,6,15,45,406,718,3.4000000000000004,26.900000000000002,77.35000000000001
2020,11,6,16,0,351,681,3.4000000000000004,26.900000000000002,77.35000000000001
2020,11,6,16,15,203,184,3.3000000000000003,26.700000000000003,78.27
2020,11,6,16,30,238,583,3.2,26.6,78.73
2020,11,6,16,45,183,520,3.2,26.400000000000002,80.78
2020,11,6,17,0,128,432,3.1,26.3,81.26
2020,11,6,17,15,78,318,3.1,26.200000000000003,81.74
2020,11,6,17,30,35,170,3,26,82.71000000000001
2020,11,6,17,45,0,0,3,25.900000000000002,82.94
2020,11,6,18,0,0,0,3,25.8,83.43
2020,11,6,18,15,0,0,3,25.700000000000003,84.01
2020,11,6,18,30,0,0,2.9000000000000004,25.700000000000003,84.01
2020,11,6,18,45,0,0,2.9000000000000004,25.700000000000003,83.9
2020,11,6,19,0,0,0,2.9000000000000004,25.700000000000003,83.9
2020,11,6,19,15,0,0,2.9000000000000004,25.700000000000003,83.9
2020,11,6,19,30,0,0,2.9000000000000004,25.700000000000003,83.9
2020,11,6,19,45,0,0,2.9000000000000004,25.700000000000003,83.9
2020,11,6,20,0,0,0,2.9000000000000004,25.5,84.89
2020,11,6,20,15,0,0,2.8000000000000003,25.5,84.89
2020,11,6,20,30,0,0,2.8000000000000003,25.5,84.89
2020,11,6,20,45,0,0,2.8000000000000003,25.5,84.92
2020,11,6,21,0,0,0,2.8000000000000003,25.400000000000002,85.42
2020,11,6,21,15,0,0,2.8000000000000003,25.400000000000002,85.42
2020,11,6,21,30,0,0,2.8000000000000003,25.400000000000002,85.42
2020,11,6,21,45,0,0,2.8000000000000003,25.3,85.95
2020,11,6,22,0,0,0,2.8000000000000003,25.3,85.95
2020,11,6,22,15,0,0,2.8000000000000003,25.3,85.95
2020,11,6,22,30,0,0,2.8000000000000003,25.3,85.95
2020,11,6,22,45,0,0,2.8000000000000003,25.200000000000003,86.59
2020,11,6,23,0,0,0,2.8000000000000003,25.200000000000003,86.59
2020,11,6,23,15,0,0,2.8000000000000003,25.200000000000003,86.59
2020,11,6,23,30,0,0,2.8000000000000003,25.200000000000003,86.59
2020,11,6,23,45,0,0,2.8000000000000003,25.200000000000003,86.82000000000001
2020,11,7,0,0,0,0,2.8000000000000003,25.200000000000003,86.82000000000001
2020,11,7,0,15,0,0,2.8000000000000003,25.1,87.34
2020,11,7,0,30,0,0,2.8000000000000003,25.1,87.25
2020,11,7,0,45,0,0,2.8000000000000003,25.1,87.44
2020,11,7,1,0,0,0,2.9000000000000004,25.1,87.44
2020,11,7,1,15,0,0,2.9000000000000004,25,87.96000000000001
2020,11,7,1,30,0,0,2.9000000000000004,25,87.96000000000001
2020,11,7,1,45,0,0,2.9000000000000004,25,87.97
2020,11,7,2,0,0,0,2.9000000000000004,25,87.97
2020,11,7,2,15,0,0,3,25,87.97
2020,11,7,2,30,0,0,3,25,87.97
2020,11,7,2,45,0,0,3,24.900000000000002,88.54
2020,11,7,3,0,0,0,3,24.900000000000002,88.54
2020,11,7,3,15,0,0,3,24.900000000000002,88.54
2020,11,7,3,30,0,0,3.1,24.900000000000002,88.54
2020,11,7,3,45,0,0,3.1,24.900000000000002,88.66
2020,11,7,4,0,0,0,3.1,24.900000000000002,88.66
2020,11,7,4,15,0,0,3.1,24.900000000000002,88.66
2020,11,7,4,30,0,0,3.2,24.8,89.19
2020,11,7,4,45,0,0,3.2,24.8,89.3
2020,11,7,5,0,0,0,3.2,24.8,89.3
2020,11,7,5,15,0,0,3.2,24.900000000000002,88.77
2020,11,7,5,30,0,0,3.3000000000000003,24.900000000000002,88.77
2020,11,7,5,45,0,0,3.3000000000000003,24.900000000000002,89
2020,11,7,6,0,0,0,3.3000000000000003,24.900000000000002,89
2020,11,7,6,15,0,0,3.3000000000000003,25,88.47
2020,11,7,6,30,0,0,3.4000000000000004,25.200000000000003,87.43
2020,11,7,6,45,21,0,3.4000000000000004,25.3,89.07000000000001
2020,11,7,7,0,48,45,3.5,25.400000000000002,88.63
2020,11,7,7,15,79,73,3.6,25.6,87.59
2020,11,7,7,30,115,107,3.7,25.700000000000003,87.08
2020,11,7,7,45,167,186,3.8000000000000003,25.8,87.85000000000001
2020,11,7,8,0,130,15,3.8000000000000003,26,86.82000000000001
2020,11,7,8,15,222,140,3.9000000000000004,26.1,86.31
2020,11,7,8,30,204,52,3.9000000000000004,26.200000000000003,85.81
2020,11,7,8,45,301,170,3.9000000000000004,26.3,84.41
2020,11,7,9,0,303,115,3.9000000000000004,26.5,83.42
2020,11,7,9,15,556,797,3.9000000000000004,26.6,82.93
2020,11,7,9,30,207,9,3.9000000000000004,26.700000000000003,82.45
2020,11,7,9,45,643,824,3.9000000000000004,26.900000000000002,79.88
2020,11,7,10,0,361,70,3.9000000000000004,27,79.41
2020,11,7,10,15,462,155,4,27.1,78.87
2020,11,7,10,30,747,858,4,27.200000000000003,78.41
2020,11,7,10,45,774,866,4,27.3,77.73
2020,11,7,11,0,797,872,4,27.400000000000002,77.28
2020,11,7,11,15,814,876,3.9000000000000004,27.5,76.83
2020,11,7,11,30,454,79,3.9000000000000004,27.6,76.39
2020,11,7,11,45,837,882,3.9000000000000004,27.6,76.56
2020,11,7,12,0,842,883,3.9000000000000004,27.700000000000003,76.04
2020,11,7,12,15,841,882,3.8000000000000003,27.700000000000003,76.04
2020,11,7,12,30,472,88,3.8000000000000003,27.700000000000003,76.04
2020,11,7,12,45,323,22,3.7,27.8,75.38
2020,11,7,13,0,458,88,3.6,27.8,75.38
2020,11,7,13,15,795,873,3.6,27.700000000000003,75.82000000000001
2020,11,7,13,30,488,141,3.5,27.700000000000003,75.75
2020,11,7,13,45,499,179,3.5,27.700000000000003,75.55
2020,11,7,14,0,350,50,3.4000000000000004,27.6,75.99
2020,11,7,14,15,221,9,3.4000000000000004,27.6,75.99
2020,11,7,14,30,193,5,3.3000000000000003,27.5,76.43
2020,11,7,14,45,384,153,3.3000000000000003,27.5,76.60000000000001
2020,11,7,15,0,158,0,3.2,27.400000000000002,77.04
2020,11,7,15,15,209,19,3.2,27.3,77.5
2020,11,7,15,30,55,0,3.1,27.200000000000003,77.95
2020,11,7,15,45,155,6,3,27.1,79.26
2020,11,7,16,0,30,0,3,27,79.72
2020,11,7,16,15,15,0,2.9000000000000004,26.900000000000002,80.19
2020,11,7,16,30,29,0,2.7,26.700000000000003,81.14
2020,11,7,16,45,25,0,2.6,26.6,83.44
2020,11,7,17,0,78,71,2.5,26.400000000000002,84.43
2020,11,7,17,15,51,74,2.4000000000000004,26.3,85.01
2020,11,7,17,30,21,0,2.4000000000000004,26.1,86.02
2020,11,7,17,45,0,0,2.3000000000000003,26,86.58
2020,11,7,18,0,0,0,2.2,25.8,87.61
2020,11,7,18,15,0,0,2.3000000000000003,25.8,87.61
2020,11,7,18,30,0,0,2.3000000000000003,25.700000000000003,88.13
2020,11,7,18,45,0,0,2.3000000000000003,25.700000000000003,88.29
2020,11,7,19,0,0,0,2.3000000000000003,25.6,88.81
2020,11,7,19,15,0,0,2.3000000000000003,25.6,88.81
2020,11,7,19,30,0,0,2.3000000000000003,25.6,88.81
2020,11,7,19,45,0,0,2.3000000000000003,25.6,88.81
2020,11,7,20,0,0,0,2.4000000000000004,25.5,89.51
2020,11,7,20,15,0,0,2.5,25.5,89.51
2020,11,7,20,30,0,0,2.5,25.400000000000002,90.04
2020,11,7,20,45,0,0,2.5,25.400000000000002,90.11
2020,11,7,21,0,0,0,2.6,25.400000000000002,90.11
2020,11,7,21,15,0,0,2.6,25.400000000000002,90.11
2020,11,7,21,30,0,0,2.7,25.3,90.64
2020,11,7,21,45,0,0,2.7,25.3,90.63
2020,11,7,22,0,0,0,2.7,25.3,90.63
2020,11,7,22,15,0,0,2.7,25.3,90.63
2020,11,7,22,30,0,0,2.7,25.3,90.63
2020,11,7,22,45,0,0,2.7,25.200000000000003,91.2
2020,11,7,23,0,0,0,2.7,25.200000000000003,91.2
2020,11,7,23,15,0,0,2.8000000000000003,25.200000000000003,91.2
2020,11,7,23,30,0,0,2.8000000000000003,25.200000000000003,91.2
2020,11,7,23,45,0,0,2.8000000000000003,25.200000000000003,91.43
2020,11,8,0,0,0,0,2.8000000000000003,25.200000000000003,91.43
2020,11,8,0,15,0,0,2.9000000000000004,25.1,91.88
2020,11,8,0,30,0,0,2.9000000000000004,25.1,91.88
2020,11,8,0,45,0,0,3,25.1,92.12
2020,11,8,1,0,0,0,3,25.1,92.12
2020,11,8,1,15,0,0,3,25.1,92.12
2020,11,8,1,30,0,0,3.1,25.1,92.12
2020,11,8,1,45,0,0,3.1,25.1,92.27
2020,11,8,2,0,0,0,3.2,25.1,92.18
2020,11,8,2,15,0,0,3.2,25.1,92.18
2020,11,8,2,30,0,0,3.3000000000000003,25.1,92.18
2020,11,8,2,45,0,0,3.3000000000000003,25.1,92.34
2020,11,8,3,0,0,0,3.4000000000000004,25.1,92.34
2020,11,8,3,15,0,0,3.4000000000000004,25.1,92.34
2020,11,8,3,30,0,0,3.4000000000000004,25.1,92.34
2020,11,8,3,45,0,0,3.4000000000000004,25.1,92.67
2020,11,8,4,0,0,0,3.4000000000000004,25.1,92.67
2020,11,8,4,15,0,0,3.4000000000000004,25.200000000000003,92.12
2020,11,8,4,30,0,0,3.5,25.200000000000003,92.12
2020,11,8,4,45,0,0,3.5,25.200000000000003,92.45
2020,11,8,5,0,0,0,3.5,25.200000000000003,92.45
2020,11,8,5,15,0,0,3.5,25.200000000000003,92.55
2020,11,8,5,30,0,0,3.5,25.200000000000003,92.55
2020,11,8,5,45,0,0,3.5,25.200000000000003,92.64
2020,11,8,6,0,0,0,3.5,25.200000000000003,92.64
2020,11,8,6,15,0,0,3.6,25.3,92.09
2020,11,8,6,30,0,0,3.6,25.400000000000002,91.55
2020,11,8,6,45,25,42,3.7,25.6,92.23
2020,11,8,7,0,73,290,3.7,25.700000000000003,91.69
2020,11,8,7,15,122,403,3.8000000000000003,25.8,91.15
2020,11,8,7,30,175,490,3.8000000000000003,25.900000000000002,90.62
2020,11,8,7,45,73,0,3.9000000000000004,26,91.38
2020,11,8,8,0,11,0,4,26.1,90.85000000000001
2020,11,8,8,15,16,0,4,26.200000000000003,90.31
2020,11,8,8,30,56,0,4,26.3,89.88
2020,11,8,8,45,207,32,4,26.400000000000002,89.17
2020,11,8,9,0,291,99,4,26.5,88.65
2020,11,8,9,15,245,30,3.9000000000000004,26.6,88.13
2020,11,8,9,30,383,155,3.9000000000000004,26.8,87.10000000000001
2020,11,8,9,45,154,0,3.9000000000000004,26.900000000000002,85.21000000000001
2020,11,8,10,0,241,13,3.9000000000000004,27,84.71000000000001
2020,11,8,10,15,305,29,3.9000000000000004,27,84.71000000000001
2020,11,8,10,30,365,51,3.8000000000000003,27.1,84.22
2020,11,8,10,45,407,69,3.8000000000000003,27.200000000000003,82.88
2020,11,8,11,0,450,92,3.7,27.200000000000003,82.88
2020,11,8,11,15,539,172,3.7,27.200000000000003,82.88
2020,11,8,11,30,451,78,3.6,27.3,82.4
2020,11,8,11,45,515,128,3.5,27.3,81.92
2020,11,8,12,0,152,2,3.5,27.3,81.92
2020,11,8,12,15,148,1,3.4000000000000004,27.3,81.92
2020,11,8,12,30,319,21,3.4000000000000004,27.3,81.92
2020,11,8,12,45,233,10,3.3000000000000003,27.3,81.86
2020,11,8,13,0,180,5,3.2,27.200000000000003,82.34
2020,11,8,13,15,130,0,3.2,27.200000000000003,82.26
2020,11,8,13,30,142,0,3.1,27.1,82.74
2020,11,8,13,45,61,0,3.1,27,83.8
2020,11,8,14,0,270,18,3,27,83.8
2020,11,8,14,15,259,18,3,26.900000000000002,84.29
2020,11,8,14,30,144,0,2.9000000000000004,26.8,84.79
2020,11,8,14,45,148,0,2.9000000000000004,26.8,85.74
2020,11,8,15,0,58,0,2.8000000000000003,26.700000000000003,86.24
2020,11,8,15,15,16,0,2.8000000000000003,26.700000000000003,86.24
2020,11,8,15,30,10,0,2.7,26.6,86.75
2020,11,8,15,45,37,0,2.7,26.6,87.76
2020,11,8,16,0,7,0,2.6,26.5,88.27
2020,11,8,16,15,6,0,2.6,26.400000000000002,88.79
2020,11,8,16,30,42,0,2.6,26.3,89.32000000000001
2020,11,8,16,45,30,0,2.5,26.200000000000003,90.45
2020,11,8,17,0,35,0,2.5,26,91.52
2020,11,8,17,15,22,0,2.5,25.900000000000002,92.06
2020,11,8,17,30,15,0,2.5,25.8,92.60000000000001
2020,11,8,17,45,0,0,2.6,25.700000000000003,92.85000000000001
2020,11,8,18,0,0,0,2.6,25.6,93.4
2020,11,8,18,15,0,0,2.6,25.5,93.95
2020,11,8,18,30,0,0,2.7,25.5,93.95
2020,11,8,18,45,0,0,2.7,25.400000000000002,94.82000000000001
2020,11,8,19,0,0,0,2.8000000000000003,25.400000000000002,94.91
2020,11,8,19,15,0,0,2.8000000000000003,25.400000000000002,94.91
2020,11,8,19,30,0,0,2.8000000000000003,25.400000000000002,94.91
2020,11,8,19,45,0,0,2.8000000000000003,25.400000000000002,94.91
2020,11,8,20,0,0,0,2.9000000000000004,25.200000000000003,96.43
2020,11,8,20,15,0,0,3,25.200000000000003,96.43
2020,11,8,20,30,0,0,3,25.1,97.10000000000001
2020,11,8,20,45,0,0,3.1,25.1,97.48
2020,11,8,21,0,0,0,3.1,25.1,97.48
2020,11,8,21,15,0,0,3.2,25,98.06
2020,11,8,21,30,0,0,3.2,25,98.06
2020,11,8,21,45,0,0,3.3000000000000003,25,98.32000000000001
2020,11,8,22,0,0,0,3.3000000000000003,24.900000000000002,98.9
2020,11,8,22,15,0,0,3.4000000000000004,24.900000000000002,98.8
2020,11,8,22,30,0,0,3.4000000000000004,24.900000000000002,98.8
2020,11,8,22,45,0,0,3.5,24.900000000000002,98.89
2020,11,8,23,0,0,0,3.5,24.900000000000002,98.89
2020,11,8,23,15,0,0,3.6,24.900000000000002,98.89
2020,11,8,23,30,0,0,3.7,24.900000000000002,98.89
2020,11,8,23,45,0,0,3.8000000000000003,24.900000000000002,98.7
2020,11,9,0,0,0,0,3.8000000000000003,24.900000000000002,98.7
2020,11,9,0,15,0,0,3.9000000000000004,24.900000000000002,98.7
2020,11,9,0,30,0,0,3.9000000000000004,24.900000000000002,98.60000000000001
2020,11,9,0,45,0,0,4,24.900000000000002,98.03
2020,11,9,1,0,0,0,4,24.8,98.62
2020,11,9,1,15,0,0,4.1000000000000005,24.8,98.62
2020,11,9,1,30,0,0,4.1000000000000005,24.8,98.62
2020,11,9,1,45,0,0,4.1000000000000005,24.8,97.78
2020,11,9,2,0,0,0,4.2,24.8,97.78
2020,11,9,2,15,0,0,4.1000000000000005,24.8,97.78
2020,11,9,2,30,0,0,4.1000000000000005,24.8,97.78
2020,11,9,2,45,0,0,4.1000000000000005,24.700000000000003,97.91
2020,11,9,3,0,0,0,4.1000000000000005,24.700000000000003,97.81
2020,11,9,3,15,0,0,4.1000000000000005,24.700000000000003,97.81
2020,11,9,3,30,0,0,4,24.700000000000003,97.81
2020,11,9,3,45,0,0,4,24.700000000000003,97.71000000000001
2020,11,9,4,0,0,0,4,24.700000000000003,97.71000000000001
2020,11,9,4,15,0,0,4,24.700000000000003,97.71000000000001
2020,11,9,4,30,0,0,4,24.8,97.13
2020,11,9,4,45,0,0,4,24.8,97.33
2020,11,9,5,0,0,0,4,24.8,97.33
2020,11,9,5,15,0,0,4.1000000000000005,24.900000000000002,96.75
2020,11,9,5,30,0,0,4.1000000000000005,24.900000000000002,96.75
2020,11,9,5,45,0,0,4.1000000000000005,24.900000000000002,97.31
2020,11,9,6,0,0,0,4.2,25,96.83
2020,11,9,6,15,0,0,4.3,25.1,96.26
2020,11,9,6,30,0,0,4.4,25.1,96.26
2020,11,9,6,45,17,0,4.4,25.200000000000003,96.73
2020,11,9,7,0,28,0,4.5,25.3,96.16
2020,11,9,7,15,62,9,4.6000000000000005,25.400000000000002,95.60000000000001
2020,11,9,7,30,55,0,4.7,25.5,95.03
2020,11,9,7,45,175,237,4.7,25.6,95.11
2020,11,9,8,0,222,280,4.800000000000001,25.700000000000003,94.64
2020,11,9,8,15,281,357,4.9,25.8,94.08
2020,11,9,8,30,345,446,4.9,25.900000000000002,93.53
2020,11,9,8,45,390,454,5,26,92.60000000000001
2020,11,9,9,0,434,462,5,26.1,92.05
2020,11,9,9,15,426,318,5.1000000000000005,26.200000000000003,91.51
2020,11,9,9,30,463,322,5.1000000000000005,26.3,90.98
2020,11,9,9,45,516,372,5.1000000000000005,26.400000000000002,89.7
2020,11,9,10,0,484,237,5.2,26.5,89.17
2020,11,9,10,15,575,372,5.2,26.6,88.65
2020,11,9,10,30,355,47,5.2,26.700000000000003,88.13
2020,11,9,10,45,364,45,5.2,26.8,86.97
2020,11,9,11,0,501,143,5.2,26.8,86.89
2020,11,9,11,15,412,59,5.2,26.900000000000002,86.38
2020,11,9,11,30,178,5,5.1000000000000005,27,85.87
2020,11,9,11,45,286,16,5.1000000000000005,27,85.91
2020,11,9,12,0,102,0,5.1000000000000005,27.1,85.4
2020,11,9,12,15,165,3,5,27.1,85.32000000000001
2020,11,9,12,30,218,9,5,27.1,85.32000000000001
2020,11,9,12,45,242,11,4.9,27.1,85.66
2020,11,9,13,0,453,87,4.9,27.200000000000003,85.17
2020,11,9,13,15,286,17,4.800000000000001,27.1,85.66
2020,11,9,13,30,347,37,4.800000000000001,27.1,85.66
2020,11,9,13,45,375,58,4.7,27,86.77
2020,11,9,14,0,322,37,4.6000000000000005,27,86.68
2020,11,9,14,15,335,53,4.6000000000000005,26.900000000000002,87.19
2020,11,9,14,30,413,160,4.5,26.900000000000002,87.19
2020,11,9,14,45,489,390,4.4,26.8,88.55
2020,11,9,15,0,401,254,4.4,26.700000000000003,89.07000000000001
2020,11,9,15,15,160,0,4.3,26.700000000000003,89.07000000000001
2020,11,9,15,30,195,23,4.2,26.6,89.59
2020,11,9,15,45,115,0,4.2,26.5,91.2
2020,11,9,16,0,100,0,4.1000000000000005,26.400000000000002,91.74
2020,11,9,16,15,106,0,4,26.3,92.37
2020,11,9,16,30,38,0,4,26.200000000000003,92.92
2020,11,9,16,45,57,0,3.9000000000000004,26.1,94.14
2020,11,9,17,0,41,0,3.8000000000000003,26,94.7
2020,11,9,17,15,27,0,3.8000000000000003,25.900000000000002,95.26
2020,11,9,17,30,15,0,3.8000000000000003,25.900000000000002,95.26
2020,11,9,17,45,0,0,3.7,25.8,95.76
2020,11,9,18,0,0,0,3.7,25.700000000000003,96.32000000000001
2020,11,9,18,15,0,0,3.7,25.700000000000003,96.32000000000001
2020,11,9,18,30,0,0,3.7,25.700000000000003,96.32000000000001
2020,11,9,18,45,0,0,3.7,25.6,96.89
2020,11,9,19,0,0,0,3.7,25.6,96.89
2020,11,9,19,15,0,0,3.7,25.6,96.89
2020,11,9,19,30,0,0,3.7,25.6,96.89
2020,11,9,19,45,0,0,3.7,25.6,96.89
2020,11,9,20,0,0,0,3.6,25.6,96.60000000000001
2020,11,9,20,15,0,0,3.6,25.5,97.18
2020,11,9,20,30,0,0,3.6,25.5,97.28
2020,11,9,20,45,0,0,3.5,25.5,97.16
2020,11,9,21,0,0,0,3.5,25.5,97.16
2020,11,9,21,15,0,0,3.5,25.5,97.16
2020,11,9,21,30,0,0,3.4000000000000004,25.400000000000002,97.74000000000001
2020,11,9,21,45,0,0,3.4000000000000004,25.400000000000002,97.44
2020,11,9,22,0,0,0,3.3000000000000003,25.400000000000002,97.44
2020,11,9,22,15,0,0,3.3000000000000003,25.400000000000002,97.44
2020,11,9,22,30,0,0,3.3000000000000003,25.400000000000002,97.34
2020,11,9,22,45,0,0,3.2,25.3,97.71000000000001
2020,11,9,23,0,0,0,3.2,25.3,97.71000000000001
2020,11,9,23,15,0,0,3.2,25.3,97.71000000000001
2020,11,9,23,30,0,0,3.2,25.3,97.71000000000001
2020,11,9,23,45,0,0,3.2,25.3,97.82000000000001
2020,11,10,0,0,0,0,3.2,25.200000000000003,98.4
2020,11,10,0,15,0,0,3.2,25.200000000000003,98.4
2020,11,10,0,30,0,0,3.1,25.200000000000003,98.4
2020,11,10,0,45,0,0,3.1,25.200000000000003,98.67
2020,11,10,1,0,0,0,3.1,25.200000000000003,98.67
2020,11,10,1,15,0,0,3.1,25.200000000000003,98.67
2020,11,10,1,30,0,0,3,25.200000000000003,98.67
2020,11,10,1,45,0,0,3,25.200000000000003,99.29
2020,11,10,2,0,0,0,3,25.200000000000003,99.29
2020,11,10,2,15,0,0,3,25.3,98.71000000000001
2020,11,10,2,30,0,0,3,25.3,98.71000000000001
2020,11,10,2,45,0,0,3.1,25.3,99.49000000000001
2020,11,10,3,0,0,0,3.1,25.3,99.39
2020,11,10,3,15,0,0,3.1,25.3,99.39
2020,11,10,3,30,0,0,3.2,25.400000000000002,98.8
2020,11,10,3,45,0,0,3.2,25.400000000000002,99.62
2020,11,10,4,0,0,0,3.3000000000000003,25.400000000000002,99.62
2020,11,10,4,15,0,0,3.3000000000000003,25.400000000000002,99.62
2020,11,10,4,30,0,0,3.3000000000000003,25.400000000000002,99.62
2020,11,10,4,45,0,0,3.3000000000000003,25.400000000000002,99.99000000000001
2020,11,10,5,0,0,0,3.4000000000000004,25.400000000000002,99.99000000000001
2020,11,10,5,15,0,0,3.4000000000000004,25.400000000000002,99.99000000000001
2020,11,10,5,30,0,0,3.3000000000000003,25.400000000000002,99.99000000000001
2020,11,10,5,45,0,0,3.3000000000000003,25.400000000000002,99.92
2020,11,10,6,0,0,0,3.3000000000000003,25.400000000000002,99.92
2020,11,10,6,15,0,0,3.3000000000000003,25.400000000000002,99.92
2020,11,10,6,30,0,0,3.2,25.5,99.33
2020,11,10,6,45,11,0,3.2,25.5,99.54
2020,11,10,7,0,22,0,3.2,25.5,99.54
2020,11,10,7,15,35,0,3.2,25.6,99.06
2020,11,10,7,30,38,0,3.2,25.6,99.06
2020,11,10,7,45,10,0,3.2,25.700000000000003,99.15
2020,11,10,8,0,28,0,3.2,25.700000000000003,99.15
2020,11,10,8,15,19,0,3.2,25.700000000000003,99.15
2020,11,10,8,30,8,0,3.3000000000000003,25.700000000000003,99.15
2020,11,10,8,45,9,0,3.3000000000000003,25.8,98.43
2020,11,10,9,0,11,0,3.3000000000000003,25.8,98.43
2020,11,10,9,15,13,0,3.3000000000000003,25.8,98.43
2020,11,10,9,30,15,0,3.4000000000000004,25.8,98.43
2020,11,10,9,45,29,0,3.4000000000000004,25.8,98
2020,11,10,10,0,19,0,3.4000000000000004,25.8,98
2020,11,10,10,15,32,0,3.4000000000000004,25.8,98
2020,11,10,10,30,36,0,3.4000000000000004,25.8,98
2020,11,10,10,45,52,0,3.4000000000000004,25.8,97.33
2020,11,10,11,0,65,0,3.5,25.8,97.33
2020,11,10,11,15,63,0,3.4000000000000004,25.8,97.33
2020,11,10,11,30,71,0,3.4000000000000004,25.8,97.23
2020,11,10,11,45,104,0,3.3000000000000003,25.700000000000003,96.12
2020,11,10,12,0,150,1,3.3000000000000003,25.700000000000003,96.12
2020,11,10,12,15,225,9,3.2,25.700000000000003,96.12
2020,11,10,12,30,277,15,3.1,25.700000000000003,96.12
2020,11,10,12,45,283,16,3.1,25.6,94.89
2020,11,10,13,0,189,6,3,25.6,94.89
2020,11,10,13,15,146,0,3,25.6,94.89
2020,11,10,13,30,196,6,2.9000000000000004,25.5,95.45
2020,11,10,13,45,245,12,2.9000000000000004,25.5,94.45
2020,11,10,14,0,320,37,2.9000000000000004,25.5,94.45
2020,11,10,14,15,359,72,2.9000000000000004,25.400000000000002,95.01
2020,11,10,14,30,348,81,2.9000000000000004,25.400000000000002,94.92
2020,11,10,14,45,314,70,2.9000000000000004,25.3,95.15
2020,11,10,15,0,229,22,2.9000000000000004,25.3,95.15
2020,11,10,15,15,216,25,2.8000000000000003,25.200000000000003,95.72
2020,11,10,15,30,32,0,2.7,25.200000000000003,95.72
2020,11,10,15,45,22,0,2.7,25.1,96.36
2020,11,10,16,0,36,0,2.6,25.1,96.36
2020,11,10,16,15,61,0,2.4000000000000004,25,96.93
2020,11,10,16,30,139,95,2.3000000000000003,24.900000000000002,97.51
2020,11,10,16,45,80,1,2.1,24.900000000000002,97.08
2020,11,10,17,0,49,0,2,24.8,97.76
2020,11,10,17,15,32,0,1.9000000000000001,24.8,97.76
2020,11,10,17,30,23,26,1.9000000000000001,24.700000000000003,98.34
2020,11,10,17,45,0,0,1.8,24.700000000000003,96.66
2020,11,10,18,0,0,0,1.7000000000000002,24.6,97.24000000000001
2020,11,10,18,15,0,0,1.7000000000000002,24.6,97.24000000000001
2020,11,10,18,30,0,0,1.7000000000000002,24.6,97.24000000000001
2020,11,10,18,45,0,0,1.7000000000000002,24.700000000000003,96.52
2020,11,10,19,0,0,0,1.7000000000000002,24.700000000000003,96.52
2020,11,10,19,15,0,0,1.7000000000000002,24.700000000000003,96.52
2020,11,10,19,30,0,0,1.7000000000000002,24.700000000000003,96.52
2020,11,10,19,45,0,0,1.7000000000000002,24.700000000000003,96.52
2020,11,10,20,0,0,0,2,24.700000000000003,97.16
2020,11,10,20,15,0,0,2.1,24.700000000000003,97.16
2020,11,10,20,30,0,0,2.2,24.700000000000003,97.16
2020,11,10,20,45,0,0,2.3000000000000003,24.700000000000003,97.88
2020,11,10,21,0,0,0,2.4000000000000004,24.700000000000003,97.88
2020,11,10,21,15,0,0,2.6,24.700000000000003,97.88
2020,11,10,21,30,0,0,2.7,24.700000000000003,97.88
2020,11,10,21,45,0,0,2.8000000000000003,24.700000000000003,98.17
2020,11,10,22,0,0,0,2.9000000000000004,24.700000000000003,98.17
2020,11,10,22,15,0,0,3,24.700000000000003,98.17
2020,11,10,22,30,0,0,3.1,24.700000000000003,98.17
2020,11,10,22,45,0,0,3.1,24.700000000000003,98.67
2020,11,10,23,0,0,0,3.2,24.6,99.26
2020,11,10,23,15,0,0,3.2,24.700000000000003,98.67
2020,11,10,23,30,0,0,3.2,24.700000000000003,98.57000000000001
2020,11,10,23,45,0,0,3.2,24.700000000000003,99.18
2020,11,11,0,0,0,0,3.2,24.700000000000003,99.18
2020,11,11,0,15,0,0,3.2,24.700000000000003,99.18
2020,11,11,0,30,0,0,3.2,24.700000000000003,99.18
2020,11,11,0,45,0,0,3.2,24.700000000000003,99.37
2020,11,11,1,0,0,0,3.2,24.700000000000003,99.37
2020,11,11,1,15,0,0,3.2,24.700000000000003,99.37
2020,11,11,1,30,0,0,3.2,24.700000000000003,99.37
2020,11,11,1,45,0,0,3.3000000000000003,24.700000000000003,99.24000000000001
2020,11,11,2,0,0,0,3.3000000000000003,24.700000000000003,99.24000000000001
2020,11,11,2,15,0,0,3.3000000000000003,24.700000000000003,99.24000000000001
2020,11,11,2,30,0,0,3.3000000000000003,24.700000000000003,99.24000000000001
2020,11,11,2,45,0,0,3.3000000000000003,24.700000000000003,98.8
2020,11,11,3,0,0,0,3.3000000000000003,24.700000000000003,98.8
2020,11,11,3,15,0,0,3.3000000000000003,24.700000000000003,98.8
2020,11,11,3,30,0,0,3.2,24.700000000000003,98.8
2020,11,11,3,45,0,0,3.2,24.8,97.46000000000001
2020,11,11,4,0,0,0,3.1,24.8,97.46000000000001
2020,11,11,4,15,0,0,3.1,24.700000000000003,98.04
2020,11,11,4,30,0,0,3.1,24.700000000000003,98.04
2020,11,11,4,45,0,0,3.1,24.700000000000003,97.14
2020,11,11,5,0,0,0,3.1,24.700000000000003,97.14
2020,11,11,5,15,0,0,3.1,24.700000000000003,97.14
2020,11,11,5,30,0,0,3.1,24.700000000000003,97.24000000000001
2020,11,11,5,45,0,0,3.1,24.6,97.02
2020,11,11,6,0,0,0,3.1,24.6,97.02
2020,11,11,6,15,0,0,3.1,24.6,97.02
2020,11,11,6,30,0,0,3.1,24.700000000000003,96.44
2020,11,11,6,45,11,0,3.1,24.700000000000003,96.76
2020,11,11,7,0,26,0,3.1,24.700000000000003,96.86
2020,11,11,7,15,51,0,3.1,24.8,96.29
2020,11,11,7,30,33,0,3.1,24.900000000000002,95.72
2020,11,11,7,45,37,0,3.2,25,95.94
2020,11,11,8,0,97,0,3.2,25,95.94
2020,11,11,8,15,187,74,3.2,25.1,95.37
2020,11,11,8,30,118,0,3.2,25.1,95.37
2020,11,11,8,45,182,16,3.2,25.1,95.35000000000001
2020,11,11,9,0,261,67,3.2,25.200000000000003,94.79
2020,11,11,9,15,228,23,3.2,25.200000000000003,94.79
2020,11,11,9,30,412,218,3.2,25.200000000000003,94.79
2020,11,11,9,45,303,46,3.2,25.200000000000003,94.37
2020,11,11,10,0,166,1,3.3000000000000003,25.200000000000003,94.37
2020,11,11,10,15,399,93,3.3000000000000003,25.3,93.81
2020,11,11,10,30,472,153,3.3000000000000003,25.3,93.81
2020,11,11,10,45,490,154,3.3000000000000003,25.3,94.65
2020,11,11,11,0,351,36,3.3000000000000003,25.400000000000002,94.09
2020,11,11,11,15,293,18,3.4000000000000004,25.400000000000002,94.09
2020,11,11,11,30,277,15,3.5,25.400000000000002,94.09
2020,11,11,11,45,359,32,3.5,25.5,94.63
2020,11,11,12,0,462,84,3.6,25.5,94.63
2020,11,11,12,15,393,45,3.7,25.5,94.53
2020,11,11,12,30,382,41,3.8000000000000003,25.6,93.97
2020,11,11,12,45,387,45,3.9000000000000004,25.6,94.5
2020,11,11,13,0,292,18,4,25.6,94.5
2020,11,11,13,15,193,6,4.1000000000000005,25.6,94.5
2020,11,11,13,30,168,3,4.1000000000000005,25.6,94.5
2020,11,11,13,45,97,0,4.2,25.6,94.06
2020,11,11,14,0,179,3,4.3,25.6,93.96000000000001
2020,11,11,14,15,132,0,4.2,25.5,94.52
2020,11,11,14,30,142,0,4.2,25.5,94.52
2020,11,11,14,45,108,0,4.2,25.5,93.2
2020,11,11,15,0,91,0,4.1000000000000005,25.400000000000002,93.76
2020,11,11,15,15,45,0,4.1000000000000005,25.400000000000002,93.76
2020,11,11,15,30,22,0,4,25.3,94.31
2020,11,11,15,45,24,0,3.9000000000000004,25.200000000000003,93.39
2020,11,11,16,0,17,0,3.8000000000000003,25.200000000000003,93.48
2020,11,11,16,15,10,0,3.7,25.1,94.04
2020,11,11,16,30,56,0,3.5,25,94.60000000000001
2020,11,11,16,45,59,0,3.4000000000000004,24.900000000000002,93.83
2020,11,11,17,0,49,0,3.3000000000000003,24.8,94.39
2020,11,11,17,15,24,0,3.3000000000000003,24.700000000000003,94.95
2020,11,11,17,30,12,0,3.3000000000000003,24.700000000000003,94.95
2020,11,11,17,45,0,0,3.2,24.6,94.53
2020,11,11,18,0,0,0,3.2,24.5,95.09
2020,11,11,18,15,0,0,3.2,24.5,95.09
2020,11,11,18,30,0,0,3.3000000000000003,24.5,95.09
2020,11,11,18,45,0,0,3.3000000000000003,24.5,95.15
2020,11,11,19,0,0,0,3.3000000000000003,24.5,95.15
2020,11,11,19,15,0,0,3.3000000000000003,24.5,95.15
2020,11,11,19,30,0,0,3.3000000000000003,24.5,95.15
2020,11,11,19,45,0,0,3.3000000000000003,24.5,95.15
2020,11,11,20,0,0,0,3.6,24.5,95.67
2020,11,11,20,15,0,0,3.7,24.5,95.67
2020,11,11,20,30,0,0,3.8000000000000003,24.5,95.67
2020,11,11,20,45,0,0,3.8000000000000003,24.400000000000002,96.97
2020,11,11,21,0,0,0,3.9000000000000004,24.400000000000002,96.97
2020,11,11,21,15,0,0,3.9000000000000004,24.400000000000002,96.97
2020,11,11,21,30,0,0,4,24.400000000000002,96.97
2020,11,11,21,45,0,0,4,24.400000000000002,97.3
2020,11,11,22,0,0,0,4.1000000000000005,24.400000000000002,97.3
2020,11,11,22,15,0,0,4.1000000000000005,24.400000000000002,97.3
2020,11,11,22,30,0,0,4.1000000000000005,24.400000000000002,97.3
2020,11,11,22,45,0,0,4.1000000000000005,24.400000000000002,97.31
2020,11,11,23,0,0,0,4.1000000000000005,24.400000000000002,97.31
2020,11,11,23,15,0,0,4.1000000000000005,24.400000000000002,97.31
2020,11,11,23,30,0,0,4,24.400000000000002,97.31
2020,11,11,23,45,0,0,4,24.400000000000002,96.96000000000001
2020,11,12,0,0,0,0,4,24.400000000000002,96.96000000000001
2020,11,12,0,15,0,0,4,24.400000000000002,96.96000000000001
2020,11,12,0,30,0,0,3.9000000000000004,24.400000000000002,96.96000000000001
2020,11,12,0,45,0,0,3.9000000000000004,24.400000000000002,96.33
2020,11,12,1,0,0,0,3.9000000000000004,24.400000000000002,96.33
2020,11,12,1,15,0,0,3.8000000000000003,24.400000000000002,96.33
2020,11,12,1,30,0,0,3.8000000000000003,24.3,96.9
2020,11,12,1,45,0,0,3.7,24.3,96.53
2020,11,12,2,0,0,0,3.6,24.3,96.53
2020,11,12,2,15,0,0,3.6,24.3,96.53
2020,11,12,2,30,0,0,3.6,24.3,96.53
2020,11,12,2,45,0,0,3.6,24.3,96.11
2020,11,12,3,0,0,0,3.6,24.3,96.01
2020,11,12,3,15,0,0,3.6,24.3,96.01
2020,11,12,3,30,0,0,3.6,24.3,96.01
2020,11,12,3,45,0,0,3.6,24.3,95.82000000000001
2020,11,12,4,0,0,0,3.7,24.3,95.82000000000001
2020,11,12,4,15,0,0,3.7,24.400000000000002,95.25
2020,11,12,4,30,0,0,3.8000000000000003,24.400000000000002,95.35000000000001
2020,11,12,4,45,0,0,3.8000000000000003,24.400000000000002,95.03
2020,11,12,5,0,0,0,3.8000000000000003,24.400000000000002,95.03
2020,11,12,5,15,0,0,3.9000000000000004,24.400000000000002,95.03
2020,11,12,5,30,0,0,3.9000000000000004,24.400000000000002,95.03
2020,11,12,5,45,0,0,4,24.5,94.51
2020,11,12,6,0,0,0,4,24.5,94.51
2020,11,12,6,15,0,0,4.1000000000000005,24.6,93.95
2020,11,12,6,30,0,0,4.2,24.6,93.95
2020,11,12,6,45,13,0,4.3,24.700000000000003,94.67
2020,11,12,7,0,29,0,4.3,24.8,94.11
2020,11,12,7,15,48,0,4.4,24.900000000000002,93.55
2020,11,12,7,30,63,0,4.5,25,92.99
2020,11,12,7,45,156,172,4.6000000000000005,25.1,93.32000000000001
2020,11,12,8,0,108,0,4.7,25.200000000000003,92.77
2020,11,12,8,15,55,0,4.7,25.3,92.22
2020,11,12,8,30,235,115,4.800000000000001,25.400000000000002,91.67
2020,11,12,8,45,73,0,4.800000000000001,25.5,90.84
2020,11,12,9,0,185,10,4.9,25.6,90.3
2020,11,12,9,15,319,110,4.9,25.8,89.24
2020,11,12,9,30,400,198,5,25.900000000000002,88.71000000000001
2020,11,12,9,45,122,0,5.1000000000000005,26,87.44
2020,11,12,10,0,232,12,5.1000000000000005,26.200000000000003,86.42
2020,11,12,10,15,220,9,5.1000000000000005,26.3,85.91
2020,11,12,10,30,222,9,5.2,26.400000000000002,85.41
2020,11,12,10,45,289,20,5.2,26.5,84.29
2020,11,12,11,0,503,154,5.2,26.6,83.8
2020,11,12,11,15,802,877,5.2,26.700000000000003,83.22
2020,11,12,11,30,420,63,5.2,26.700000000000003,83.22
2020,11,12,11,45,428,65,5.2,26.8,82.32000000000001
2020,11,12,12,0,542,163,5.300000000000001,26.900000000000002,81.84
2020,11,12,12,15,482,102,5.2,26.900000000000002,81.84
2020,11,12,12,30,622,284,5.2,26.900000000000002,81.75
2020,11,12,12,45,450,82,5.2,26.900000000000002,81.60000000000001
2020,11,12,13,0,359,36,5.2,26.900000000000002,81.60000000000001
2020,11,12,13,15,386,53,5.1000000000000005,26.900000000000002,81.60000000000001
2020,11,12,13,30,380,56,5.1000000000000005,26.8,82.08
2020,11,12,13,45,731,838,5,26.8,81.98
2020,11,12,14,0,180,3,5,26.8,81.9
2020,11,12,14,15,30,0,5,26.700000000000003,82.38
2020,11,12,14,30,192,5,4.9,26.6,82.86
2020,11,12,14,45,26,0,4.9,26.6,82.77
2020,11,12,15,0,24,0,4.800000000000001,26.5,83.25
2020,11,12,15,15,253,58,4.800000000000001,26.400000000000002,83.74
2020,11,12,15,30,88,0,4.7,26.400000000000002,83.74
2020,11,12,15,45,222,86,4.6000000000000005,26.3,84.33
2020,11,12,16,0,339,671,4.6000000000000005,26.200000000000003,84.82000000000001
2020,11,12,16,15,68,0,4.5,26.1,85.32000000000001
2020,11,12,16,30,227,567,4.3,26,85.83
2020,11,12,16,45,173,505,4.2,25.8,87.48
2020,11,12,17,0,120,414,4.1000000000000005,25.700000000000003,88
2020,11,12,17,15,71,293,4,25.6,88.52
2020,11,12,17,30,30,140,4,25.400000000000002,89.58
2020,11,12,17,45,0,0,3.9000000000000004,25.3,89.81
2020,11,12,18,0,0,0,3.8000000000000003,25.200000000000003,90.35000000000001
2020,11,12,18,15,0,0,3.8000000000000003,25.200000000000003,90.35000000000001
2020,11,12,18,30,0,0,3.8000000000000003,25.200000000000003,90.35000000000001
2020,11,12,18,45,0,0,3.9000000000000004,25.1,90.73
2020,11,12,19,0,0,0,3.9000000000000004,25.1,90.73
2020,11,12,19,15,0,0,3.9000000000000004,25.1,90.73
2020,11,12,19,30,0,0,3.9000000000000004,25.1,90.73
2020,11,12,19,45,0,0,3.9000000000000004,25.1,90.73
2020,11,12,20,0,0,0,3.9000000000000004,25.1,90.55
2020,11,12,20,15,0,0,3.9000000000000004,25.1,90.55
2020,11,12,20,30,0,0,3.9000000000000004,25.1,90.64
2020,11,12,20,45,0,0,3.9000000000000004,25.1,90.37
2020,11,12,21,0,0,0,3.9000000000000004,25.1,90.37
2020,11,12,21,15,0,0,3.9000000000000004,25.1,90.37
2020,11,12,21,30,0,0,3.9000000000000004,25,90.91
2020,11,12,21,45,0,0,4,25,90.54
2020,11,12,22,0,0,0,4,25,90.54
2020,11,12,22,15,0,0,4,25,90.54
2020,11,12,22,30,0,0,4,25,90.54
2020,11,12,22,45,0,0,4,25,90.12
2020,11,12,23,0,0,0,4,25,90.12
2020,11,12,23,15,0,0,4,24.900000000000002,90.65
2020,11,12,23,30,0,0,4,24.900000000000002,90.56
2020,11,12,23,45,0,0,4,24.900000000000002,90.17
2020,11,13,0,0,0,0,4,24.900000000000002,90.17
2020,11,13,0,15,0,0,4.1000000000000005,24.900000000000002,90.17
2020,11,13,0,30,0,0,4.1000000000000005,24.900000000000002,90.17
2020,11,13,0,45,0,0,4.1000000000000005,24.8,90.28
2020,11,13,1,0,0,0,4.1000000000000005,24.8,90.28
2020,11,13,1,15,0,0,4.1000000000000005,24.8,90.28
2020,11,13,1,30,0,0,4.1000000000000005,24.8,90.28
2020,11,13,1,45,0,0,4.2,24.700000000000003,90.49
2020,11,13,2,0,0,0,4.2,24.700000000000003,90.49
2020,11,13,2,15,0,0,4.2,24.700000000000003,90.49
2020,11,13,2,30,0,0,4.2,24.700000000000003,90.49
2020,11,13,2,45,0,0,4.3,24.700000000000003,90.13
2020,11,13,3,0,0,0,4.3,24.700000000000003,90.13
2020,11,13,3,15,0,0,4.3,24.6,90.67
2020,11,13,3,30,0,0,4.3,24.6,90.67
2020,11,13,3,45,0,0,4.3,24.6,90.14
2020,11,13,4,0,0,0,4.3,24.6,90.14
2020,11,13,4,15,0,0,4.4,24.6,90.14
2020,11,13,4,30,0,0,4.4,24.6,90.14
2020,11,13,4,45,0,0,4.4,24.6,89.62
2020,11,13,5,0,0,0,4.4,24.5,90.16
2020,11,13,5,15,0,0,4.4,24.6,89.62
2020,11,13,5,30,0,0,4.4,24.6,89.62
2020,11,13,5,45,0,0,4.4,24.6,89.33
2020,11,13,6,0,0,0,4.4,24.6,89.33
2020,11,13,6,15,0,0,4.5,24.700000000000003,88.79
2020,11,13,6,30,0,0,4.5,24.900000000000002,87.75
2020,11,13,6,45,20,0,4.6000000000000005,25,87.86
2020,11,13,7,0,55,162,4.6000000000000005,25.1,87.34
2020,11,13,7,15,119,435,4.6000000000000005,25.200000000000003,86.82000000000001
2020,11,13,7,30,173,529,4.7,25.400000000000002,85.89
2020,11,13,7,45,77,0,4.800000000000001,25.6,84.62
2020,11,13,8,0,286,659,4.800000000000001,25.700000000000003,84.12
2020,11,13,8,15,159,32,4.9,25.8,83.63
2020,11,13,8,30,364,583,4.9,26,82.65
2020,11,13,8,45,405,563,5,26.1,80.84
2020,11,13,9,0,502,796,5,26.200000000000003,80.37
2020,11,13,9,15,551,818,5,26.400000000000002,79.43
2020,11,13,9,30,597,837,5,26.5,78.96000000000001
2020,11,13,9,45,641,856,5,26.6,78.18
2020,11,13,10,0,680,869,5.1000000000000005,26.8,77.27
2020,11,13,10,15,716,880,5,26.900000000000002,76.81
2020,11,13,10,30,746,888,5,27,76.37
2020,11,13,10,45,776,907,5,27.1,76.23
2020,11,13,11,0,799,913,5,27.200000000000003,75.78
2020,11,13,11,15,818,918,4.9,27.200000000000003,75.78
2020,11,13,11,30,832,922,4.9,27.3,75.26
2020,11,13,11,45,841,924,4.9,27.3,75.47
2020,11,13,12,0,845,923,4.800000000000001,27.400000000000002,75.03
2020,11,13,12,15,845,923,4.800000000000001,27.400000000000002,75.03
2020,11,13,12,30,840,922,4.7,27.400000000000002,75.03
2020,11,13,12,45,831,920,4.7,27.400000000000002,74.91
2020,11,13,13,0,817,917,4.6000000000000005,27.400000000000002,74.84
2020,11,13,13,15,799,912,4.6000000000000005,27.400000000000002,74.84
2020,11,13,13,30,776,906,4.6000000000000005,27.400000000000002,74.84
2020,11,13,13,45,749,896,4.5,27.400000000000002,74.88
2020,11,13,14,0,716,885,4.5,27.3,75.32000000000001
2020,11,13,14,15,681,874,4.5,27.3,75.32000000000001
2020,11,13,14,30,642,862,4.4,27.3,75.32000000000001
2020,11,13,14,45,292,53,4.4,27.200000000000003,75.96000000000001
2020,11,13,15,0,554,829,4.3,27.200000000000003,75.96000000000001
2020,11,13,15,15,119,0,4.3,27.1,76.41
2020,11,13,15,30,455,783,4.3,27,76.86
2020,11,13,15,45,402,757,4.2,26.900000000000002,77.88
2020,11,13,16,0,347,721,4.2,26.8,78.33
2020,11,13,16,15,291,677,4.1000000000000005,26.6,79.26
2020,11,13,16,30,234,623,4,26.400000000000002,80.19
2020,11,13,16,45,136,250,3.9000000000000004,26.200000000000003,82.66
2020,11,13,17,0,87,153,3.8000000000000003,26.1,83.15
2020,11,13,17,15,55,139,3.7,25.900000000000002,84.14
2020,11,13,17,30,24,65,3.7,25.700000000000003,85.14
2020,11,13,17,45,0,0,3.7,25.5,86.52
2020,11,13,18,0,0,0,3.6,25.3,87.55
2020,11,13,18,15,0,0,3.7,25.3,87.55
2020,11,13,18,30,0,0,3.7,25.200000000000003,88.16
2020,11,13,18,45,0,0,3.7,25.200000000000003,88.22
2020,11,13,19,0,0,0,3.7,25.200000000000003,88.22
2020,11,13,19,15,0,0,3.7,25.200000000000003,88.22
2020,11,13,19,30,0,0,3.7,25.200000000000003,88.22
2020,11,13,19,45,0,0,3.7,25.200000000000003,88.22
2020,11,13,20,0,0,0,3.7,25,89.27
2020,11,13,20,15,0,0,3.7,25,89.36
2020,11,13,20,30,0,0,3.7,25,89.36
2020,11,13,20,45,0,0,3.7,25,89.14
2020,11,13,21,0,0,0,3.7,24.900000000000002,89.67
2020,11,13,21,15,0,0,3.7,24.900000000000002,89.67
2020,11,13,21,30,0,0,3.7,24.900000000000002,89.67
2020,11,13,21,45,0,0,3.7,24.8,90
2020,11,13,22,0,0,0,3.7,24.8,90
2020,11,13,22,15,0,0,3.7,24.8,90
2020,11,13,22,30,0,0,3.7,24.700000000000003,90.54
2020,11,13,22,45,0,0,3.7,24.700000000000003,90.49
2020,11,13,23,0,0,0,3.7,24.700000000000003,90.49
2020,11,13,23,15,0,0,3.7,24.700000000000003,90.4
2020,11,13,23,30,0,0,3.7,24.700000000000003,90.4
2020,11,13,23,45,0,0,3.8000000000000003,24.6,90.8
2020,11,14,0,0,0,0,3.8000000000000003,24.6,90.8
2020,11,14,0,15,0,0,3.8000000000000003,24.6,90.8
2020,11,14,0,30,0,0,3.8000000000000003,24.6,90.8
2020,11,14,0,45,0,0,3.8000000000000003,24.6,90.47
2020,11,14,1,0,0,0,3.8000000000000003,24.6,90.47
2020,11,14,1,15,0,0,3.8000000000000003,24.6,90.47
2020,11,14,1,30,0,0,3.8000000000000003,24.6,90.47
2020,11,14,1,45,0,0,3.8000000000000003,24.6,90.06
2020,11,14,2,0,0,0,3.8000000000000003,24.5,90.60000000000001
2020,11,14,2,15,0,0,3.8000000000000003,24.6,90.06
2020,11,14,2,30,0,0,3.8000000000000003,24.6,90.06
2020,11,14,2,45,0,0,3.8000000000000003,24.6,89.76
2020,11,14,3,0,0,0,3.8000000000000003,24.6,89.76
2020,11,14,3,15,0,0,3.8000000000000003,24.6,89.76
2020,11,14,3,30,0,0,3.8000000000000003,24.6,89.76
2020,11,14,3,45,0,0,3.7,24.6,89.39
2020,11,14,4,0,0,0,3.7,24.6,89.39
2020,11,14,4,15,0,0,3.7,24.6,89.48
2020,11,14,4,30,0,0,3.7,24.6,89.48
2020,11,14,4,45,0,0,3.7,24.6,88.68
2020,11,14,5,0,0,0,3.7,24.6,88.68
2020,11,14,5,15,0,0,3.7,24.6,88.68
2020,11,14,5,30,0,0,3.7,24.6,88.68
2020,11,14,5,45,0,0,3.7,24.6,88.19
2020,11,14,6,0,0,0,3.7,24.6,88.19
2020,11,14,6,15,0,0,3.7,24.700000000000003,87.67
2020,11,14,6,30,0,0,3.7,24.900000000000002,86.63
2020,11,14,6,45,20,0,3.7,25,87.68
2020,11,14,7,0,40,32,3.7,25.1,87.16
2020,11,14,7,15,118,437,3.8000000000000003,25.200000000000003,86.65
2020,11,14,7,30,156,433,3.8000000000000003,25.400000000000002,85.63
2020,11,14,7,45,229,613,3.9000000000000004,25.6,85.39
2020,11,14,8,0,187,172,4,25.700000000000003,84.89
2020,11,14,8,15,317,587,4,25.900000000000002,83.9
2020,11,14,8,30,321,393,4,26,83.4
2020,11,14,8,45,364,401,4.1000000000000005,26.1,81.66
2020,11,14,9,0,290,113,4.1000000000000005,26.200000000000003,81.18
2020,11,14,9,15,456,441,4.2,26.400000000000002,80.24
2020,11,14,9,30,506,485,4.2,26.5,79.77
2020,11,14,9,45,515,402,4.3,26.6,78.09
2020,11,14,10,0,557,424,4.3,26.700000000000003,77.64
2020,11,14,10,15,605,504,4.3,26.8,77.18
2020,11,14,10,30,547,286,4.3,26.900000000000002,76.73
2020,11,14,10,45,574,297,4.3,27,76.74
2020,11,14,11,0,763,746,4.2,27.1,76.29
2020,11,14,11,15,472,111,4.2,27.1,76.29
2020,11,14,11,30,835,931,4.1000000000000005,27.200000000000003,75.77
2020,11,14,11,45,353,32,4.1000000000000005,27.3,76.2
2020,11,14,12,0,556,186,4.1000000000000005,27.3,76.2
2020,11,14,12,15,349,30,4,27.3,76.2
2020,11,14,12,30,845,931,4,27.3,76.2
2020,11,14,12,45,836,927,3.9000000000000004,27.400000000000002,76.44
2020,11,14,13,0,465,104,3.9000000000000004,27.400000000000002,76.36
2020,11,14,13,15,802,917,3.9000000000000004,27.3,76.81
2020,11,14,13,30,779,911,3.8000000000000003,27.3,76.81
2020,11,14,13,45,752,904,3.8000000000000003,27.3,77.27
2020,11,14,14,0,721,895,3.8000000000000003,27.3,77.27
2020,11,14,14,15,684,883,3.8000000000000003,27.200000000000003,77.72
2020,11,14,14,30,498,350,3.8000000000000003,27.1,78.18
2020,11,14,14,45,408,215,3.8000000000000003,27.1,78.3
2020,11,14,15,0,365,191,3.8000000000000003,27,78.68
2020,11,14,15,15,382,318,3.8000000000000003,26.900000000000002,79.22
2020,11,14,15,30,357,359,3.7,26.8,79.69
2020,11,14,15,45,290,263,3.7,26.700000000000003,80.86
2020,11,14,16,0,289,424,3.7,26.6,81.34
2020,11,14,16,15,237,376,3.7,26.5,81.82000000000001
2020,11,14,16,30,173,252,3.6,26.3,82.78
2020,11,14,16,45,179,566,3.5,26.1,85.57000000000001
2020,11,14,17,0,90,178,3.5,26,86.07000000000001
2020,11,14,17,15,52,120,3.5,25.8,87.09
2020,11,14,17,30,22,40,3.5,25.6,88.22
2020,11,14,17,45,0,0,3.5,25.400000000000002,89.18
2020,11,14,18,0,0,0,3.5,25.3,89.71000000000001
2020,11,14,18,15,0,0,3.5,25.200000000000003,90.24
2020,11,14,18,30,0,0,3.6,25.200000000000003,90.24
2020,11,14,18,45,0,0,3.6,25.1,90.67
2020,11,14,19,0,0,0,3.7,25.1,90.76
2020,11,14,19,15,0,0,3.7,25.1,90.76
2020,11,14,19,30,0,0,3.7,25.1,90.76
2020,11,14,19,45,0,0,3.7,25.1,90.76
2020,11,14,20,0,0,0,3.7,25,91.07000000000001
2020,11,14,20,15,0,0,3.7,24.900000000000002,91.61
2020,11,14,20,30,0,0,3.7,24.900000000000002,91.61
2020,11,14,20,45,0,0,3.8000000000000003,24.900000000000002,91.22
2020,11,14,21,0,0,0,3.8000000000000003,24.900000000000002,91.31
2020,11,14,21,15,0,0,3.8000000000000003,24.8,91.86
2020,11,14,21,30,0,0,3.8000000000000003,24.8,91.86
2020,11,14,21,45,0,0,3.7,24.8,91.28
2020,11,14,22,0,0,0,3.7,24.8,91.28
2020,11,14,22,15,0,0,3.7,24.8,91.18
2020,11,14,22,30,0,0,3.7,24.700000000000003,91.73
2020,11,14,22,45,0,0,3.7,24.700000000000003,91.2
2020,11,14,23,0,0,0,3.7,24.700000000000003,91.2
2020,11,14,23,15,0,0,3.7,24.700000000000003,91.2
2020,11,14,23,30,0,0,3.7,24.700000000000003,91.2
2020,11,14,23,45,0,0,3.8000000000000003,24.6,91.26
2020,11,15,0,0,0,0,3.8000000000000003,24.6,91.26
2020,11,15,0,15,0,0,3.8000000000000003,24.6,91.26
2020,11,15,0,30,0,0,3.8000000000000003,24.6,91.26
2020,11,15,0,45,0,0,3.8000000000000003,24.6,90.9
2020,11,15,1,0,0,0,3.8000000000000003,24.6,90.9
2020,11,15,1,15,0,0,3.8000000000000003,24.6,90.9
2020,11,15,1,30,0,0,3.8000000000000003,24.6,90.9
2020,11,15,1,45,0,0,3.9000000000000004,24.5,91.28
2020,11,15,2,0,0,0,3.9000000000000004,24.5,91.28
2020,11,15,2,15,0,0,3.9000000000000004,24.5,91.28
2020,11,15,2,30,0,0,3.9000000000000004,24.5,91.28
2020,11,15,2,45,0,0,3.9000000000000004,24.5,91.25
2020,11,15,3,0,0,0,3.9000000000000004,24.5,91.25
2020,11,15,3,15,0,0,3.9000000000000004,24.5,91.25
2020,11,15,3,30,0,0,4,24.400000000000002,91.8
2020,11,15,3,45,0,0,4,24.400000000000002,91.99
2020,11,15,4,0,0,0,4,24.400000000000002,91.99
2020,11,15,4,15,0,0,4,24.400000000000002,91.99
2020,11,15,4,30,0,0,4,24.400000000000002,91.99
2020,11,15,4,45,0,0,4,24.400000000000002,91.79
2020,11,15,5,0,0,0,4,24.400000000000002,91.79
2020,11,15,5,15,0,0,4,24.400000000000002,91.79
2020,11,15,5,30,0,0,4,24.400000000000002,91.79
2020,11,15,5,45,0,0,4,24.400000000000002,91.24
2020,11,15,6,0,0,0,4,24.400000000000002,91.24
2020,11,15,6,15,0,0,4,24.5,90.7
2020,11,15,6,30,0,0,4,24.700000000000003,89.72
2020,11,15,6,45,28,196,4.1000000000000005,24.8,90.45
2020,11,15,7,0,69,365,4.1000000000000005,25,89.38
2020,11,15,7,15,119,488,4.2,25.200000000000003,88.32000000000001
2020,11,15,7,30,173,579,4.3,25.3,87.8
2020,11,15,7,45,230,649,4.3,25.5,86.73
2020,11,15,8,0,286,703,4.4,25.700000000000003,85.79
2020,11,15,8,15,343,746,4.5,25.8,85.29
2020,11,15,8,30,398,781,4.5,26,84.29
2020,11,15,8,45,451,805,4.6000000000000005,26.1,82
2020,11,15,9,0,502,829,4.6000000000000005,26.3,81.04
2020,11,15,9,15,551,850,4.6000000000000005,26.400000000000002,80.57000000000001
2020,11,15,9,30,597,867,4.6000000000000005,26.5,80.10000000000001
2020,11,15,9,45,639,879,4.6000000000000005,26.6,78.66
2020,11,15,10,0,679,891,4.6000000000000005,26.700000000000003,78.2
2020,11,15,10,15,714,902,4.6000000000000005,26.8,77.74
2020,11,15,10,30,746,911,4.6000000000000005,26.900000000000002,77.29
2020,11,15,10,45,773,919,4.6000000000000005,27,76.67
2020,11,15,11,0,796,925,4.6000000000000005,27,76.67
2020,11,15,11,15,815,929,4.5,27.1,76.22
2020,11,15,11,30,829,933,4.5,27.1,76.22
2020,11,15,11,45,839,934,4.5,27.200000000000003,75.78
2020,11,15,12,0,844,936,4.5,27.200000000000003,75.78
2020,11,15,12,15,844,936,4.5,27.200000000000003,75.7
2020,11,15,12,30,840,935,4.5,27.3,75.26
2020,11,15,12,45,831,932,4.5,27.3,75.21000000000001
2020,11,15,13,0,817,928,4.5,27.3,75.21000000000001
2020,11,15,13,15,799,924,4.5,27.3,75.21000000000001
2020,11,15,13,30,776,918,4.5,27.200000000000003,75.65
2020,11,15,13,45,749,908,4.5,27.200000000000003,75.74
2020,11,15,14,0,719,901,4.5,27.200000000000003,75.74
2020,11,15,14,15,684,891,4.5,27.1,76.18
2020,11,15,14,30,645,878,4.5,27.1,76.18
2020,11,15,14,45,602,863,4.5,27,76.62
2020,11,15,15,0,557,846,4.5,27,76.62
2020,11,15,15,15,508,825,4.5,26.900000000000002,77.07000000000001
2020,11,15,15,30,457,801,4.5,26.8,77.52
2020,11,15,15,45,404,772,4.4,26.700000000000003,78.31
2020,11,15,16,0,349,737,4.4,26.6,78.77
2020,11,15,16,15,293,694,4.3,26.400000000000002,79.7
2020,11,15,16,30,236,640,4.2,26.200000000000003,80.64
2020,11,15,16,45,179,574,4.2,26,82.51
2020,11,15,17,0,124,484,4.1000000000000005,25.900000000000002,83
2020,11,15,17,15,74,363,4,25.700000000000003,83.99
2020,11,15,17,30,32,197,4,25.5,84.98
2020,11,15,17,45,0,0,4,25.3,86.13
2020,11,15,18,0,0,0,3.9000000000000004,25.200000000000003,86.64
2020,11,15,18,15,0,0,4,25.1,87.24
2020,11,15,18,30,0,0,4,25.1,87.24
2020,11,15,18,45,0,0,4,25.1,87.10000000000001
2020,11,15,19,0,0,0,4,25,87.61
2020,11,15,19,15,0,0,4,25,87.61
2020,11,15,19,30,0,0,4,25,87.61
2020,11,15,19,45,0,0,4,25,87.61
2020,11,15,20,0,0,0,4,24.900000000000002,87.77
2020,11,15,20,15,0,0,4,24.900000000000002,87.77
2020,11,15,20,30,0,0,4,24.900000000000002,87.77
2020,11,15,20,45,0,0,3.9000000000000004,24.8,87.76
2020,11,15,21,0,0,0,3.9000000000000004,24.8,87.76
2020,11,15,21,15,0,0,3.9000000000000004,24.8,87.76
2020,11,15,21,30,0,0,3.9000000000000004,24.8,87.76
2020,11,15,21,45,0,0,3.9000000000000004,24.700000000000003,87.60000000000001
2020,11,15,22,0,0,0,3.9000000000000004,24.700000000000003,87.60000000000001
2020,11,15,22,15,0,0,3.9000000000000004,24.700000000000003,87.60000000000001
2020,11,15,22,30,0,0,3.9000000000000004,24.6,88.13
2020,11,15,22,45,0,0,3.9000000000000004,24.6,87.53
2020,11,15,23,0,0,0,3.8000000000000003,24.6,87.53
2020,11,15,23,15,0,0,3.8000000000000003,24.6,87.53
2020,11,15,23,30,0,0,3.8000000000000003,24.5,87.97
2020,11,15,23,45,0,0,3.8000000000000003,24.5,87.57000000000001
2020,11,16,0,0,0,0,3.7,24.5,87.57000000000001
2020,11,16,0,15,0,0,3.7,24.400000000000002,88.10000000000001
2020,11,16,0,30,0,0,3.7,24.400000000000002,88.10000000000001
2020,11,16,0,45,0,0,3.6,24.400000000000002,87.72
2020,11,16,1,0,0,0,3.6,24.3,88.25
2020,11,16,1,15,0,0,3.6,24.3,88.25
2020,11,16,1,30,0,0,3.5,24.3,88.25
2020,11,16,1,45,0,0,3.5,24.3,87.75
2020,11,16,2,0,0,0,3.5,24.3,87.75
2020,11,16,2,15,0,0,3.5,24.200000000000003,88.28
2020,11,16,2,30,0,0,3.4000000000000004,24.200000000000003,88.28
2020,11,16,2,45,0,0,3.4000000000000004,24.200000000000003,87.93
2020,11,16,3,0,0,0,3.4000000000000004,24.200000000000003,87.93
2020,11,16,3,15,0,0,3.4000000000000004,24.200000000000003,87.93
2020,11,16,3,30,0,0,3.4000000000000004,24.1,88.46000000000001
2020,11,16,3,45,0,0,3.4000000000000004,24.1,88.21000000000001
2020,11,16,4,0,0,0,3.3000000000000003,24.1,88.21000000000001
2020,11,16,4,15,0,0,3.4000000000000004,24.1,88.21000000000001
2020,11,16,4,30,0,0,3.4000000000000004,24.1,88.21000000000001
2020,11,16,4,45,0,0,3.4000000000000004,24.1,87.97
2020,11,16,5,0,0,0,3.4000000000000004,24.1,87.97
2020,11,16,5,15,0,0,3.4000000000000004,24.1,87.97
2020,11,16,5,30,0,0,3.4000000000000004,24.1,87.97
2020,11,16,5,45,0,0,3.4000000000000004,24.1,87.75
2020,11,16,6,0,0,0,3.4000000000000004,24.1,87.75
2020,11,16,6,15,0,0,3.5,24.3,86.71000000000001
2020,11,16,6,30,0,0,3.5,24.400000000000002,86.28
2020,11,16,6,45,27,185,3.6,24.6,87.22
2020,11,16,7,0,67,355,3.6,24.700000000000003,86.7
2020,11,16,7,15,116,479,3.7,24.900000000000002,85.68
2020,11,16,7,30,170,571,3.8000000000000003,25.1,84.67
2020,11,16,7,45,226,640,3.8000000000000003,25.3,84.03
2020,11,16,8,0,283,695,3.9000000000000004,25.5,83.04
2020,11,16,8,15,339,738,3.9000000000000004,25.6,82.55
2020,11,16,8,30,394,774,4,25.8,81.66
2020,11,16,8,45,447,801,4,25.900000000000002,80.74
2020,11,16,9,0,499,825,4,26,80.27
2020,11,16,9,15,547,846,4,26.1,79.8
2020,11,16,9,30,593,864,4,26.200000000000003,79.33
2020,11,16,9,45,635,876,4,26.400000000000002,78.33
2020,11,16,10,0,675,888,4,26.5,77.88
2020,11,16,10,15,710,899,4,26.6,77.42
2020,11,16,10,30,742,908,4,26.700000000000003,76.97
2020,11,16,10,45,769,916,4,26.8,76.77
2020,11,16,11,0,791,921,3.9000000000000004,26.900000000000002,76.32000000000001
2020,11,16,11,15,810,925,3.9000000000000004,27,75.87
2020,11,16,11,30,824,929,3.9000000000000004,27,75.87
2020,11,16,11,45,833,931,3.9000000000000004,27.1,75.55
2020,11,16,12,0,838,932,3.9000000000000004,27.200000000000003,75.11
2020,11,16,12,15,839,932,3.8000000000000003,27.200000000000003,75.11
2020,11,16,12,30,834,931,3.8000000000000003,27.200000000000003,75.11
2020,11,16,12,45,825,928,3.8000000000000003,27.3,74.74
2020,11,16,13,0,811,924,3.8000000000000003,27.3,74.66
2020,11,16,13,15,792,919,3.8000000000000003,27.3,74.66
2020,11,16,13,30,770,913,3.8000000000000003,27.3,74.66
2020,11,16,13,45,743,904,3.8000000000000003,27.3,74.69
2020,11,16,14,0,712,896,3.8000000000000003,27.3,74.69
2020,11,16,14,15,677,885,3.7,27.200000000000003,75.13
2020,11,16,14,30,639,872,3.7,27.200000000000003,75.13
2020,11,16,14,45,595,854,3.7,27.200000000000003,75.46000000000001
2020,11,16,15,0,550,837,3.7,27.1,75.82000000000001
2020,11,16,15,15,502,816,3.7,27,76.34
2020,11,16,15,30,451,791,3.7,26.900000000000002,76.79
2020,11,16,15,45,398,759,3.6,26.900000000000002,77.56
2020,11,16,16,0,343,723,3.6,26.8,78.02
2020,11,16,16,15,287,678,3.5,26.6,78.94
2020,11,16,16,30,231,624,3.4000000000000004,26.400000000000002,79.87
2020,11,16,16,45,175,554,3.4000000000000004,26.200000000000003,82.87
2020,11,16,17,0,121,464,3.3000000000000003,26,83.86
2020,11,16,17,15,71,344,3.3000000000000003,25.900000000000002,84.35000000000001
2020,11,16,17,30,30,182,3.3000000000000003,25.700000000000003,85.35000000000001
2020,11,16,17,45,0,0,3.3000000000000003,25.5,86.73
2020,11,16,18,0,0,0,3.3000000000000003,25.3,87.76
2020,11,16,18,15,0,0,3.3000000000000003,25.3,87.85000000000001
2020,11,16,18,30,0,0,3.4000000000000004,25.200000000000003,88.37
2020,11,16,18,45,0,0,3.4000000000000004,25.200000000000003,88.84
2020,11,16,19,0,0,0,3.5,25.200000000000003,88.84
2020,11,16,19,15,0,0,3.5,25.200000000000003,88.84
2020,11,16,19,30,0,0,3.5,25.200000000000003,88.84
2020,11,16,19,45,0,0,3.5,25.200000000000003,88.84
2020,11,16,20,0,0,0,3.6,25.1,90.02
2020,11,16,20,15,0,0,3.6,25,90.56
2020,11,16,20,30,0,0,3.6,25,90.56
2020,11,16,20,45,0,0,3.7,25,91.19
2020,11,16,21,0,0,0,3.7,24.900000000000002,91.73
2020,11,16,21,15,0,0,3.7,24.900000000000002,91.73
2020,11,16,21,30,0,0,3.7,24.900000000000002,91.73
2020,11,16,21,45,0,0,3.7,24.8,92.45
2020,11,16,22,0,0,0,3.7,24.8,92.35000000000001
2020,11,16,22,15,0,0,3.7,24.700000000000003,92.9
2020,11,16,22,30,0,0,3.7,24.700000000000003,92.9
2020,11,16,22,45,0,0,3.7,24.700000000000003,92.99
2020,11,16,23,0,0,0,3.8000000000000003,24.700000000000003,92.99
2020,11,16,23,15,0,0,3.7,24.6,93.54
2020,11,16,23,30,0,0,3.7,24.6,93.54
2020,11,16,23,45,0,0,3.7,24.6,93.46000000000001
2020,11,17,0,0,0,0,3.7,24.6,93.46000000000001
2020,11,17,0,15,0,0,3.7,24.6,93.46000000000001
2020,11,17,0,30,0,0,3.7,24.5,94.02
2020,11,17,0,45,0,0,3.7,24.5,93.88
2020,11,17,1,0,0,0,3.7,24.5,93.79
2020,11,17,1,15,0,0,3.7,24.5,93.79
2020,11,17,1,30,0,0,3.7,24.400000000000002,94.35000000000001
2020,11,17,1,45,0,0,3.7,24.400000000000002,94.23
2020,11,17,2,0,0,0,3.7,24.400000000000002,94.23
2020,11,17,2,15,0,0,3.7,24.400000000000002,94.23
2020,11,17,2,30,0,0,3.7,24.400000000000002,94.23
2020,11,17,2,45,0,0,3.7,24.400000000000002,94.14
2020,11,17,3,0,0,0,3.7,24.3,94.61
2020,11,17,3,15,0,0,3.8000000000000003,24.400000000000002,94.04
2020,11,17,3,30,0,0,3.8000000000000003,24.400000000000002,94.04
2020,11,17,3,45,0,0,3.8000000000000003,24.400000000000002,94.09
2020,11,17,4,0,0,0,3.8000000000000003,24.400000000000002,94.09
2020,11,17,4,15,0,0,3.8000000000000003,24.400000000000002,94.09
2020,11,17,4,30,0,0,3.9000000000000004,24.400000000000002,94.09
2020,11,17,4,45,0,0,3.9000000000000004,24.400000000000002,94.14
2020,11,17,5,0,0,0,3.9000000000000004,24.400000000000002,94.14
2020,11,17,5,15,0,0,4,24.400000000000002,94.24
2020,11,17,5,30,0,0,4,24.400000000000002,94.24
2020,11,17,5,45,0,0,4,24.400000000000002,94.26
2020,11,17,6,0,0,0,4,24.5,93.7
2020,11,17,6,15,0,0,4.1000000000000005,24.6,93.14
2020,11,17,6,30,0,0,4.1000000000000005,24.700000000000003,92.59
2020,11,17,6,45,22,91,4.1000000000000005,24.8,93.41
2020,11,17,7,0,59,240,4.2,24.900000000000002,92.86
2020,11,17,7,15,105,363,4.2,25,92.4
2020,11,17,7,30,157,461,4.2,25.1,91.85000000000001
2020,11,17,7,45,210,534,4.3,25.3,91.49
2020,11,17,8,0,265,595,4.3,25.400000000000002,90.95
2020,11,17,8,15,320,644,4.3,25.5,90.41
2020,11,17,8,30,374,684,4.3,25.700000000000003,89.35000000000001
2020,11,17,8,45,425,711,4.3,25.8,88.16
2020,11,17,9,0,475,738,4.3,26,87.12
2020,11,17,9,15,93,0,4.3,26.1,86.61
2020,11,17,9,30,123,0,4.3,26.200000000000003,86.10000000000001
2020,11,17,9,45,609,796,4.3,26.400000000000002,84.41
2020,11,17,10,0,648,811,4.3,26.5,83.91
2020,11,17,10,15,229,11,4.2,26.6,83.42
2020,11,17,10,30,172,2,4.2,26.700000000000003,82.93
2020,11,17,10,45,366,52,4.2,26.8,82.29
2020,11,17,11,0,775,900,4.2,26.900000000000002,81.81
2020,11,17,11,15,231,10,4.2,26.900000000000002,81.72
2020,11,17,11,30,160,2,4.2,27,81.25
2020,11,17,11,45,498,129,4.1000000000000005,27.1,80.68
2020,11,17,12,0,198,7,4.1000000000000005,27.1,80.68
2020,11,17,12,15,186,5,4.1000000000000005,27.1,80.68
2020,11,17,12,30,191,6,4.1000000000000005,27.200000000000003,80.13
2020,11,17,12,45,278,15,4.1000000000000005,27.200000000000003,80.13
2020,11,17,13,0,263,13,4,27.200000000000003,80.13
2020,11,17,13,15,365,45,4,27.200000000000003,80.13
2020,11,17,13,30,43,0,4,27.200000000000003,80.13
2020,11,17,13,45,469,162,4,27.200000000000003,80.17
2020,11,17,14,0,315,37,3.9000000000000004,27.1,80.56
2020,11,17,14,15,238,14,3.9000000000000004,27.1,80.56
2020,11,17,14,30,392,146,3.9000000000000004,27.1,80.56
2020,11,17,14,45,167,1,3.8000000000000003,27,80.95
2020,11,17,15,0,541,822,3.8000000000000003,27,80.95
2020,11,17,15,15,493,801,3.8000000000000003,26.900000000000002,81.43
2020,11,17,15,30,443,776,3.7,26.8,81.91
2020,11,17,15,45,391,749,3.7,26.8,81.96000000000001
2020,11,17,16,0,337,714,3.6,26.700000000000003,82.45
2020,11,17,16,15,282,671,3.5,26.5,83.42
2020,11,17,16,30,227,617,3.4000000000000004,26.400000000000002,83.91
2020,11,17,16,45,172,552,3.4000000000000004,26.200000000000003,86.04
2020,11,17,17,0,119,464,3.3000000000000003,26.1,86.64
2020,11,17,17,15,70,347,3.2,25.900000000000002,87.66
2020,11,17,17,30,30,193,3.2,25.8,88.18
2020,11,17,17,45,0,0,3.2,25.6,88.87
2020,11,17,18,0,0,0,3.1,25.5,89.4
2020,11,17,18,15,0,0,3.1,25.5,89.4
2020,11,17,18,30,0,0,3.1,25.400000000000002,89.93
2020,11,17,18,45,0,0,3.1,25.400000000000002,89.96000000000001
2020,11,17,19,0,0,0,3.1,25.400000000000002,89.96000000000001
2020,11,17,19,15,0,0,3.1,25.400000000000002,89.96000000000001
2020,11,17,19,30,0,0,3.1,25.400000000000002,89.96000000000001
2020,11,17,19,45,0,0,3.1,25.400000000000002,89.96000000000001
2020,11,17,20,0,0,0,3.1,25.3,90.60000000000001
2020,11,17,20,15,0,0,3.1,25.3,90.60000000000001
2020,11,17,20,30,0,0,3.1,25.3,90.60000000000001
2020,11,17,20,45,0,0,3.1,25.3,90.7
2020,11,17,21,0,0,0,3.1,25.3,90.7
2020,11,17,21,15,0,0,3.1,25.200000000000003,91.24
2020,11,17,21,30,0,0,3.1,25.200000000000003,91.24
2020,11,17,21,45,0,0,3.1,25.200000000000003,91.46000000000001
2020,11,17,22,0,0,0,3.1,25.200000000000003,91.46000000000001
2020,11,17,22,15,0,0,3,25.200000000000003,91.46000000000001
2020,11,17,22,30,0,0,3,25.200000000000003,91.46000000000001
2020,11,17,22,45,0,0,3,25.1,92.12
2020,11,17,23,0,0,0,3,25.1,92.12
2020,11,17,23,15,0,0,3,25.1,92.12
2020,11,17,23,30,0,0,3,25.1,92.03
2020,11,17,23,45,0,0,3,25.1,91.97
2020,11,18,0,0,0,0,3,25.1,91.97
2020,11,18,0,15,0,0,3,25,92.51
2020,11,18,0,30,0,0,3,25,92.51
2020,11,18,0,45,0,0,3,25,92.15
2020,11,18,1,0,0,0,3,25,92.15
2020,11,18,1,15,0,0,2.9000000000000004,25,92.15
2020,11,18,1,30,0,0,2.9000000000000004,25,92.15
2020,11,18,1,45,0,0,2.9000000000000004,24.900000000000002,92.21000000000001
2020,11,18,2,0,0,0,2.9000000000000004,24.900000000000002,92.21000000000001
2020,11,18,2,15,0,0,2.9000000000000004,24.900000000000002,92.21000000000001
2020,11,18,2,30,0,0,2.9000000000000004,24.900000000000002,92.21000000000001
2020,11,18,2,45,0,0,2.9000000000000004,24.900000000000002,91.99
2020,11,18,3,0,0,0,2.8000000000000003,24.900000000000002,91.99
2020,11,18,3,15,0,0,2.8000000000000003,24.900000000000002,91.99
2020,11,18,3,30,0,0,2.9000000000000004,24.900000000000002,91.99
2020,11,18,3,45,0,0,2.9000000000000004,24.900000000000002,91.91
2020,11,18,4,0,0,0,2.9000000000000004,24.900000000000002,91.91
2020,11,18,4,15,0,0,2.9000000000000004,24.900000000000002,91.91
2020,11,18,4,30,0,0,2.9000000000000004,24.900000000000002,91.91
2020,11,18,4,45,0,0,2.9000000000000004,24.900000000000002,91.98
2020,11,18,5,0,0,0,2.9000000000000004,24.900000000000002,91.98
2020,11,18,5,15,0,0,3,24.900000000000002,91.98
2020,11,18,5,30,0,0,3,24.900000000000002,91.98
2020,11,18,5,45,0,0,3,24.900000000000002,92.22
2020,11,18,6,0,0,0,3,24.900000000000002,92.22
2020,11,18,6,15,0,0,3.1,25,91.67
2020,11,18,6,30,0,0,3.1,25.200000000000003,90.59
2020,11,18,6,45,21,76,3.1,25.3,92.43
2020,11,18,7,0,56,221,3.2,25.5,91.34
2020,11,18,7,15,102,346,3.3000000000000003,25.6,90.8
2020,11,18,7,30,153,444,3.3000000000000003,25.8,89.83
2020,11,18,7,45,33,0,3.4000000000000004,25.900000000000002,90.65
2020,11,18,8,0,198,244,3.5,26.1,89.59
2020,11,18,8,15,280,444,3.5,26.200000000000003,89.07000000000001
2020,11,18,8,30,368,667,3.6,26.3,88.54
2020,11,18,8,45,419,695,3.6,26.400000000000002,87.31
2020,11,18,9,0,469,724,3.7,26.5,86.88
2020,11,18,9,15,517,748,3.7,26.700000000000003,85.87
2020,11,18,9,30,236,22,3.7,26.8,85.37
2020,11,18,9,45,374,129,3.7,26.900000000000002,83.69
2020,11,18,10,0,642,798,3.8000000000000003,27,83.2
2020,11,18,10,15,335,51,3.8000000000000003,27.1,82.71000000000001
2020,11,18,10,30,502,220,3.7,27.200000000000003,82.23
2020,11,18,10,45,159,1,3.7,27.3,81.44
2020,11,18,11,0,129,0,3.7,27.400000000000002,80.88
2020,11,18,11,15,103,0,3.7,27.400000000000002,80.88
2020,11,18,11,30,111,0,3.7,27.5,80.41
2020,11,18,11,45,114,0,3.6,27.5,80.13
2020,11,18,12,0,112,0,3.6,27.6,79.66
2020,11,18,12,15,308,20,3.6,27.6,79.58
2020,11,18,12,30,87,0,3.5,27.6,79.58
2020,11,18,12,45,296,19,3.5,27.6,79.35000000000001
2020,11,18,13,0,253,12,3.5,27.6,79.35000000000001
2020,11,18,13,15,331,31,3.4000000000000004,27.6,79.35000000000001
2020,11,18,13,30,491,170,3.4000000000000004,27.6,79.27
2020,11,18,13,45,327,37,3.4000000000000004,27.6,79.18
2020,11,18,14,0,427,134,3.3000000000000003,27.6,79.18
2020,11,18,14,15,363,85,3.3000000000000003,27.5,79.64
2020,11,18,14,30,322,65,3.3000000000000003,27.5,79.64
2020,11,18,14,45,308,72,3.3000000000000003,27.400000000000002,80.26
2020,11,18,15,0,387,249,3.2,27.400000000000002,80.26
2020,11,18,15,15,486,771,3.2,27.3,80.73
2020,11,18,15,30,436,745,3.2,27.200000000000003,81.2
2020,11,18,15,45,385,717,3.1,27.1,82.52
2020,11,18,16,0,123,0,3.1,27,83.01
2020,11,18,16,15,10,0,3,26.900000000000002,83.5
2020,11,18,16,30,8,0,3,26.700000000000003,84.48
2020,11,18,16,45,167,510,2.9000000000000004,26.6,86.81
2020,11,18,17,0,81,125,2.8000000000000003,26.400000000000002,87.83
2020,11,18,17,15,49,97,2.8000000000000003,26.3,88.35000000000001
2020,11,18,17,30,20,10,2.8000000000000003,26.1,89.4
2020,11,18,17,45,0,0,2.8000000000000003,26,89.67
2020,11,18,18,0,0,0,2.8000000000000003,25.8,90.82000000000001
2020,11,18,18,15,0,0,2.9000000000000004,25.8,90.82000000000001
2020,11,18,18,30,0,0,2.9000000000000004,25.700000000000003,91.36
2020,11,18,18,45,0,0,2.9000000000000004,25.700000000000003,91.60000000000001
2020,11,18,19,0,0,0,2.9000000000000004,25.700000000000003,91.60000000000001
2020,11,18,19,15,0,0,2.9000000000000004,25.700000000000003,91.60000000000001
2020,11,18,19,30,0,0,2.9000000000000004,25.700000000000003,91.60000000000001
2020,11,18,19,45,0,0,2.9000000000000004,25.700000000000003,91.60000000000001
2020,11,18,20,0,0,0,3,25.5,92.89
2020,11,18,20,15,0,0,3,25.5,92.89
2020,11,18,20,30,0,0,3,25.5,92.89
2020,11,18,20,45,0,0,3.1,25.400000000000002,93.35000000000001
2020,11,18,21,0,0,0,3.1,25.400000000000002,93.35000000000001
2020,11,18,21,15,0,0,3.1,25.400000000000002,93.35000000000001
2020,11,18,21,30,0,0,3.1,25.400000000000002,93.35000000000001
2020,11,18,21,45,0,0,3.1,25.3,93.75
2020,11,18,22,0,0,0,3.1,25.3,93.75
2020,11,18,22,15,0,0,3.1,25.3,93.75
2020,11,18,22,30,0,0,3.1,25.200000000000003,94.31
2020,11,18,22,45,0,0,3.1,25.200000000000003,93.96000000000001
2020,11,18,23,0,0,0,3.1,25.200000000000003,93.96000000000001
2020,11,18,23,15,0,0,3.1,25.1,94.52
2020,11,18,23,30,0,0,3.1,25.1,94.52
2020,11,18,23,45,0,0,3.1,25.1,94.06
2020,11,19,0,0,0,0,3.1,25.1,94.06
2020,11,19,0,15,0,0,3.1,25,94.52
2020,11,19,0,30,0,0,3.2,25,94.52
2020,11,19,0,45,0,0,3.2,25,94.16
2020,11,19,1,0,0,0,3.2,25,94.16
2020,11,19,1,15,0,0,3.2,25,94.16
2020,11,19,1,30,0,0,3.2,24.900000000000002,94.72
2020,11,19,1,45,0,0,3.2,24.900000000000002,94.3
2020,11,19,2,0,0,0,3.2,24.900000000000002,94.3
2020,11,19,2,15,0,0,3.2,24.900000000000002,94.3
2020,11,19,2,30,0,0,3.2,24.900000000000002,94.2
2020,11,19,2,45,0,0,3.2,24.900000000000002,93.72
2020,11,19,3,0,0,0,3.3000000000000003,24.900000000000002,93.72
2020,11,19,3,15,0,0,3.3000000000000003,24.900000000000002,93.72
2020,11,19,3,30,0,0,3.3000000000000003,24.900000000000002,93.72
2020,11,19,3,45,0,0,3.3000000000000003,24.900000000000002,93.44
2020,11,19,4,0,0,0,3.3000000000000003,24.900000000000002,93.44
2020,11,19,4,15,0,0,3.3000000000000003,24.900000000000002,93.44
2020,11,19,4,30,0,0,3.3000000000000003,24.900000000000002,93.44
2020,11,19,4,45,0,0,3.3000000000000003,24.900000000000002,93.19
2020,11,19,5,0,0,0,3.4000000000000004,24.900000000000002,93.19
2020,11,19,5,15,0,0,3.4000000000000004,24.900000000000002,93.29
2020,11,19,5,30,0,0,3.4000000000000004,24.900000000000002,93.29
2020,11,19,5,45,0,0,3.4000000000000004,24.900000000000002,92.84
2020,11,19,6,0,0,0,3.4000000000000004,24.900000000000002,92.84
2020,11,19,6,15,0,0,3.4000000000000004,25,92.29
2020,11,19,6,30,0,0,3.4000000000000004,25.1,91.74
2020,11,19,6,45,20,93,3.4000000000000004,25.200000000000003,92.39
2020,11,19,7,0,56,246,3.5,25.3,91.84
2020,11,19,7,15,102,374,3.5,25.5,90.76
2020,11,19,7,30,153,472,3.6,25.6,90.22
2020,11,19,7,45,207,551,3.7,25.700000000000003,90.57000000000001
2020,11,19,8,0,262,611,3.7,25.900000000000002,89.51
2020,11,19,8,15,316,659,3.7,25.900000000000002,89.60000000000001
2020,11,19,8,30,370,699,3.8000000000000003,26,89.07000000000001
2020,11,19,8,45,423,741,3.8000000000000003,26.1,87.85000000000001
2020,11,19,9,0,474,769,3.8000000000000003,26.200000000000003,87.33
2020,11,19,9,15,522,792,3.8000000000000003,26.3,86.82000000000001
2020,11,19,9,30,567,811,3.8000000000000003,26.3,86.82000000000001
2020,11,19,9,45,609,828,3.9000000000000004,26.400000000000002,84.97
2020,11,19,10,0,191,4,3.9000000000000004,26.5,84.47
2020,11,19,10,15,243,14,3.9000000000000004,26.5,84.47
2020,11,19,10,30,714,864,3.9000000000000004,26.6,83.98
2020,11,19,10,45,746,893,3.9000000000000004,26.6,83.35000000000001
2020,11,19,11,0,769,899,3.9000000000000004,26.700000000000003,82.86
2020,11,19,11,15,787,904,3.9000000000000004,26.700000000000003,82.86
2020,11,19,11,30,801,908,3.9000000000000004,26.700000000000003,82.86
2020,11,19,11,45,810,907,3.9000000000000004,26.8,82.17
2020,11,19,12,0,816,908,3.8000000000000003,26.8,82.17
2020,11,19,12,15,816,908,3.8000000000000003,26.8,82.17
2020,11,19,12,30,812,907,3.8000000000000003,26.8,82.17
2020,11,19,12,45,804,906,3.8000000000000003,26.8,82.38
2020,11,19,13,0,790,902,3.8000000000000003,26.8,82.29
2020,11,19,13,15,772,897,3.8000000000000003,26.8,82.29
2020,11,19,13,30,750,891,3.7,26.700000000000003,82.78
2020,11,19,13,45,150,0,3.7,26.700000000000003,83.21000000000001
2020,11,19,14,0,151,0,3.7,26.700000000000003,83.21000000000001
2020,11,19,14,15,660,866,3.7,26.700000000000003,83.21000000000001
2020,11,19,14,30,622,854,3.7,26.700000000000003,83.21000000000001
2020,11,19,14,45,581,839,3.7,26.6,84.12
2020,11,19,15,0,537,822,3.6,26.6,84.12
2020,11,19,15,15,419,463,3.6,26.5,84.62
2020,11,19,15,30,266,127,3.6,26.5,84.62
2020,11,19,15,45,199,57,3.6,26.400000000000002,85.96000000000001
2020,11,19,16,0,131,3,3.6,26.3,86.47
2020,11,19,16,15,116,5,3.5,26.200000000000003,86.98
2020,11,19,16,30,88,0,3.5,26.1,87.49
2020,11,19,16,45,49,0,3.5,25.900000000000002,89.44
2020,11,19,17,0,58,5,3.5,25.8,89.97
2020,11,19,17,15,23,0,3.6,25.700000000000003,90.5
2020,11,19,17,30,18,0,3.6,25.700000000000003,90.5
2020,11,19,17,45,0,0,3.7,25.6,91.26
2020,11,19,18,0,0,0,3.7,25.5,91.8
2020,11,19,18,15,0,0,3.8000000000000003,25.5,91.8
2020,11,19,18,30,0,0,3.8000000000000003,25.5,91.8
2020,11,19,18,45,0,0,3.8000000000000003,25.5,92.22
2020,11,19,19,0,0,0,3.9000000000000004,25.5,92.22
2020,11,19,19,15,0,0,3.9000000000000004,25.5,92.22
2020,11,19,19,30,0,0,3.9000000000000004,25.5,92.22
2020,11,19,19,45,0,0,3.9000000000000004,25.5,92.22
2020,11,19,20,0,0,0,4,25.400000000000002,93.10000000000001
2020,11,19,20,15,0,0,4,25.400000000000002,93.10000000000001
2020,11,19,20,30,0,0,4,25.400000000000002,93.10000000000001
2020,11,19,20,45,0,0,4,25.400000000000002,93.05
2020,11,19,21,0,0,0,4,25.400000000000002,93.05
2020,11,19,21,15,0,0,4,25.3,93.60000000000001
2020,11,19,21,30,0,0,4,25.3,93.60000000000001
2020,11,19,21,45,0,0,4.1000000000000005,25.3,93.29
2020,11,19,22,0,0,0,4.1000000000000005,25.3,93.29
2020,11,19,22,15,0,0,4.1000000000000005,25.3,93.29
2020,11,19,22,30,0,0,4,25.3,93.29
2020,11,19,22,45,0,0,4,25.200000000000003,93.14
2020,11,19,23,0,0,0,4,25.200000000000003,93.14
2020,11,19,23,15,0,0,4,25.200000000000003,93.14
2020,11,19,23,30,0,0,4,25.200000000000003,93.14
2020,11,19,23,45,0,0,4,25.1,93.39
2020,11,20,0,0,0,0,4,25.1,93.39
2020,11,20,0,15,0,0,3.9000000000000004,25.1,93.39
2020,11,20,0,30,0,0,3.9000000000000004,25.1,93.39
2020,11,20,0,45,0,0,3.9000000000000004,25.1,93.10000000000001
2020,11,20,1,0,0,0,3.9000000000000004,25,93.65
2020,11,20,1,15,0,0,3.9000000000000004,25,93.65
2020,11,20,1,30,0,0,3.9000000000000004,25,93.65
2020,11,20,1,45,0,0,3.9000000000000004,25,93.64
2020,11,20,2,0,0,0,3.8000000000000003,25,93.64
2020,11,20,2,15,0,0,3.8000000000000003,25,93.64
2020,11,20,2,30,0,0,3.8000000000000003,25,93.64
2020,11,20,2,45,0,0,3.8000000000000003,25,93.64
2020,11,20,3,0,0,0,3.8000000000000003,25,93.54
2020,11,20,3,15,0,0,3.8000000000000003,25,93.54
2020,11,20,3,30,0,0,3.8000000000000003,24.900000000000002,94.10000000000001
2020,11,20,3,45,0,0,3.8000000000000003,24.900000000000002,94.05
2020,11,20,4,0,0,0,3.8000000000000003,24.900000000000002,94.05
2020,11,20,4,15,0,0,3.8000000000000003,24.900000000000002,94.05
2020,11,20,4,30,0,0,3.7,24.900000000000002,94.05
2020,11,20,4,45,0,0,3.7,24.900000000000002,93.87
2020,11,20,5,0,0,0,3.7,24.900000000000002,93.87
2020,11,20,5,15,0,0,3.7,24.900000000000002,93.96000000000001
2020,11,20,5,30,0,0,3.7,24.900000000000002,93.96000000000001
2020,11,20,5,45,0,0,3.7,24.900000000000002,93.93
2020,11,20,6,0,0,0,3.7,25,93.37
2020,11,20,6,15,0,0,3.7,25,93.37
2020,11,20,6,30,0,0,3.7,25.1,92.82000000000001
2020,11,20,6,45,20,104,3.8000000000000003,25.200000000000003,93.27
2020,11,20,7,0,33,17,3.8000000000000003,25.3,92.72
2020,11,20,7,15,66,83,3.9000000000000004,25.400000000000002,92.18
2020,11,20,7,30,153,496,3.9000000000000004,25.5,91.63
2020,11,20,7,45,64,0,4,25.6,91.95
2020,11,20,8,0,216,350,4.1000000000000005,25.700000000000003,91.4
2020,11,20,8,15,270,414,4.1000000000000005,25.8,90.87
2020,11,20,8,30,201,74,4.1000000000000005,25.900000000000002,90.42
2020,11,20,8,45,364,456,4.2,26,89.67
2020,11,20,9,0,98,0,4.2,26.1,89.15
2020,11,20,9,15,201,14,4.3,26.200000000000003,88.62
2020,11,20,9,30,466,404,4.4,26.3,88.10000000000001
2020,11,20,9,45,505,418,4.5,26.400000000000002,86.86
2020,11,20,10,0,324,57,4.5,26.5,86.36
2020,11,20,10,15,470,210,4.6000000000000005,26.5,86.36
2020,11,20,10,30,352,54,4.7,26.6,85.85000000000001
2020,11,20,10,45,733,851,4.7,26.700000000000003,84.60000000000001
2020,11,20,11,0,756,858,4.800000000000001,26.8,84.10000000000001
2020,11,20,11,15,399,62,4.800000000000001,26.900000000000002,83.53
2020,11,20,11,30,790,869,4.800000000000001,26.900000000000002,83.53
2020,11,20,11,45,798,866,4.9,27,81.97
2020,11,20,12,0,803,867,4.9,27.1,81.5
2020,11,20,12,15,629,323,4.9,27.1,81.5
2020,11,20,12,30,541,185,4.9,27.1,81.5
2020,11,20,12,45,450,92,4.9,27.1,80.25
2020,11,20,13,0,332,29,4.9,27.1,80.25
2020,11,20,13,15,585,303,4.800000000000001,27.1,80.25
2020,11,20,13,30,739,847,4.800000000000001,27.1,80.25
2020,11,20,13,45,567,343,4.7,27.1,79.41
2020,11,20,14,0,407,113,4.7,27.1,79.41
2020,11,20,14,15,645,798,4.6000000000000005,27,79.88
2020,11,20,14,30,250,22,4.5,26.900000000000002,80.35000000000001
2020,11,20,14,45,568,770,4.4,26.900000000000002,80.24
2020,11,20,15,0,524,749,4.3,26.8,80.71000000000001
2020,11,20,15,15,392,371,4.2,26.8,80.71000000000001
2020,11,20,15,30,229,66,4.1000000000000005,26.700000000000003,81.18
2020,11,20,15,45,156,11,4,26.6,82.81
2020,11,20,16,0,118,0,3.9000000000000004,26.5,83.29
2020,11,20,16,15,119,9,3.8000000000000003,26.400000000000002,83.78
2020,11,20,16,30,215,523,3.8000000000000003,26.200000000000003,84.77
2020,11,20,16,45,162,460,3.7,26.1,86.67
2020,11,20,17,0,77,108,3.6,26,87.18
2020,11,20,17,15,64,245,3.6,25.8,88.21000000000001
2020,11,20,17,30,19,0,3.6,25.700000000000003,88.74
2020,11,20,17,45,0,0,3.6,25.6,89.48
2020,11,20,18,0,0,0,3.6,25.5,90.01
2020,11,20,18,15,0,0,3.7,25.5,90.01
2020,11,20,18,30,0,0,3.7,25.400000000000002,90.64
2020,11,20,18,45,0,0,3.7,25.400000000000002,91.24
2020,11,20,19,0,0,0,3.8000000000000003,25.400000000000002,91.24
2020,11,20,19,15,0,0,3.8000000000000003,25.400000000000002,91.24
2020,11,20,19,30,0,0,3.8000000000000003,25.400000000000002,91.24
2020,11,20,19,45,0,0,3.8000000000000003,25.400000000000002,91.24
2020,11,20,20,0,0,0,3.9000000000000004,25.3,92.3
2020,11,20,20,15,0,0,3.9000000000000004,25.200000000000003,92.85000000000001
2020,11,20,20,30,0,0,3.9000000000000004,25.200000000000003,92.85000000000001
2020,11,20,20,45,0,0,3.9000000000000004,25.200000000000003,93.07000000000001
2020,11,20,21,0,0,0,3.9000000000000004,25.200000000000003,93.07000000000001
2020,11,20,21,15,0,0,4,25.1,93.62
2020,11,20,21,30,0,0,4,25.1,93.62
2020,11,20,21,45,0,0,4,25.1,93.71000000000001
2020,11,20,22,0,0,0,4,25.1,93.71000000000001
2020,11,20,22,15,0,0,4,25.1,93.71000000000001
2020,11,20,22,30,0,0,4,25,94.27
2020,11,20,22,45,0,0,4,25,94.17
2020,11,20,23,0,0,0,4,25,94.17
2020,11,20,23,15,0,0,4,25,94.17
2020,11,20,23,30,0,0,4,25,94.17
2020,11,20,23,45,0,0,4,25,93.4
2020,11,21,0,0,0,0,4,25,93.4
2020,11,21,0,15,0,0,4,24.900000000000002,93.96000000000001
2020,11,21,0,30,0,0,4,24.900000000000002,93.96000000000001
2020,11,21,0,45,0,0,4,24.900000000000002,93.33
2020,11,21,1,0,0,0,4,24.900000000000002,93.33
2020,11,21,1,15,0,0,4,24.900000000000002,93.33
2020,11,21,1,30,0,0,4,24.8,93.89
2020,11,21,1,45,0,0,4,24.8,93.4
2020,11,21,2,0,0,0,4,24.8,93.4
2020,11,21,2,15,0,0,4,24.8,93.4
2020,11,21,2,30,0,0,4,24.8,93.4
2020,11,21,2,45,0,0,4,24.8,92.85000000000001
2020,11,21,3,0,0,0,4,24.8,92.85000000000001
2020,11,21,3,15,0,0,4,24.700000000000003,93.4
2020,11,21,3,30,0,0,4,24.700000000000003,93.4
2020,11,21,3,45,0,0,4,24.700000000000003,92.77
2020,11,21,4,0,0,0,4,24.700000000000003,92.77
2020,11,21,4,15,0,0,4,24.700000000000003,92.77
2020,11,21,4,30,0,0,4,24.700000000000003,92.77
2020,11,21,4,45,0,0,4,24.6,92.85000000000001
2020,11,21,5,0,0,0,3.9000000000000004,24.6,92.94
2020,11,21,5,15,0,0,3.9000000000000004,24.6,92.94
2020,11,21,5,30,0,0,3.9000000000000004,24.6,92.94
2020,11,21,5,45,0,0,3.9000000000000004,24.6,92.7
2020,11,21,6,0,0,0,3.9000000000000004,24.6,92.7
2020,11,21,6,15,0,0,3.9000000000000004,24.700000000000003,92.15
2020,11,21,6,30,0,0,4,24.8,91.61
2020,11,21,6,45,19,92,4,24.900000000000002,92.54
2020,11,21,7,0,54,256,4,25,91.99
2020,11,21,7,15,100,390,4.1000000000000005,25.1,91.45
2020,11,21,7,30,152,491,4.1000000000000005,25.200000000000003,91
2020,11,21,7,45,205,565,4.2,25.400000000000002,91.54
2020,11,21,8,0,260,626,4.2,25.5,91
2020,11,21,8,15,315,674,4.3,25.6,90.46000000000001
2020,11,21,8,30,205,84,4.3,25.6,90.46000000000001
2020,11,21,8,45,109,0,4.4,25.700000000000003,89.74
2020,11,21,9,0,471,770,4.4,25.8,89.21000000000001
2020,11,21,9,15,519,793,4.5,25.900000000000002,88.69
2020,11,21,9,30,564,813,4.6000000000000005,26,88.17
2020,11,21,9,45,27,0,4.7,26.1,86.28
2020,11,21,10,0,644,840,4.7,26.200000000000003,85.78
2020,11,21,10,15,679,852,4.800000000000001,26.3,85.28
2020,11,21,10,30,710,862,4.9,26.400000000000002,84.78
2020,11,21,10,45,736,862,4.9,26.400000000000002,83.62
2020,11,21,11,0,759,869,5,26.5,83.13
2020,11,21,11,15,778,875,5,26.6,82.56
2020,11,21,11,30,303,21,5,26.6,82.56
2020,11,21,11,45,348,33,5.1000000000000005,26.700000000000003,80.96000000000001
2020,11,21,12,0,807,881,5.1000000000000005,26.8,80.49
2020,11,21,12,15,808,882,5.1000000000000005,26.8,80.41
2020,11,21,12,30,386,48,5,26.8,80.41
2020,11,21,12,45,795,876,5,26.8,79.88
2020,11,21,13,0,341,33,5,26.8,79.88
2020,11,21,13,15,765,869,5,26.8,79.88
2020,11,21,13,30,743,862,4.9,26.8,79.79
2020,11,21,13,45,472,173,4.9,26.8,79.58
2020,11,21,14,0,682,818,4.9,26.8,79.58
2020,11,21,14,15,74,0,4.800000000000001,26.8,79.58
2020,11,21,14,30,354,101,4.800000000000001,26.8,79.58
2020,11,21,14,45,569,772,4.7,26.8,79.4
2020,11,21,15,0,524,751,4.7,26.8,79.4
2020,11,21,15,15,477,727,4.6000000000000005,26.700000000000003,79.87
2020,11,21,15,30,219,53,4.5,26.6,80.34
2020,11,21,15,45,187,43,4.4,26.6,80.83
2020,11,21,16,0,323,625,4.3,26.5,81.31
2020,11,21,16,15,47,0,4.2,26.3,82.27
2020,11,21,16,30,215,515,4.1000000000000005,26.200000000000003,82.84
2020,11,21,16,45,162,446,4,26,85.32000000000001
2020,11,21,17,0,110,350,3.8000000000000003,25.900000000000002,85.82000000000001
2020,11,21,17,15,64,228,3.8000000000000003,25.700000000000003,86.84
2020,11,21,17,30,26,87,3.8000000000000003,25.6,87.35000000000001
2020,11,21,17,45,0,0,3.8000000000000003,25.400000000000002,88.25
2020,11,21,18,0,0,0,3.8000000000000003,25.3,88.78
2020,11,21,18,15,0,0,3.8000000000000003,25.3,88.87
2020,11,21,18,30,0,0,3.8000000000000003,25.200000000000003,89.39
2020,11,21,18,45,0,0,3.9000000000000004,25.200000000000003,89.59
2020,11,21,19,0,0,0,3.9000000000000004,25.200000000000003,89.59
2020,11,21,19,15,0,0,3.9000000000000004,25.200000000000003,89.59
2020,11,21,19,30,0,0,3.9000000000000004,25.200000000000003,89.59
2020,11,21,19,45,0,0,3.9000000000000004,25.200000000000003,89.59
2020,11,21,20,0,0,0,4.1000000000000005,25.200000000000003,90.09
2020,11,21,20,15,0,0,4.1000000000000005,25.200000000000003,90.09
2020,11,21,20,30,0,0,4.1000000000000005,25.200000000000003,90.18
2020,11,21,20,45,0,0,4.1000000000000005,25.200000000000003,90.46000000000001
2020,11,21,21,0,0,0,4.2,25.200000000000003,90.46000000000001
2020,11,21,21,15,0,0,4.2,25.1,91
2020,11,21,21,30,0,0,4.2,25.1,91
2020,11,21,21,45,0,0,4.2,25.1,91.02
2020,11,21,22,0,0,0,4.2,25.1,91.02
2020,11,21,22,15,0,0,4.2,25.1,91.02
2020,11,21,22,30,0,0,4.2,25.1,91.02
2020,11,21,22,45,0,0,4.2,25,91.54
2020,11,21,23,0,0,0,4.2,25,91.54
2020,11,21,23,15,0,0,4.2,25,91.54
2020,11,21,23,30,0,0,4.2,25,91.54
2020,11,21,23,45,0,0,4.2,25,91.31
2020,11,22,0,0,0,0,4.2,25,91.31
2020,11,22,0,15,0,0,4.2,25,91.31
2020,11,22,0,30,0,0,4.3,24.900000000000002,91.86
2020,11,22,0,45,0,0,4.3,24.900000000000002,91.43
2020,11,22,1,0,0,0,4.3,24.900000000000002,91.43
2020,11,22,1,15,0,0,4.3,24.900000000000002,91.43
2020,11,22,1,30,0,0,4.3,24.900000000000002,91.43
2020,11,22,1,45,0,0,4.3,24.8,91.45
2020,11,22,2,0,0,0,4.3,24.8,91.45
2020,11,22,2,15,0,0,4.3,24.8,91.45
2020,11,22,2,30,0,0,4.3,24.8,91.45
2020,11,22,2,45,0,0,4.3,24.8,91.22
2020,11,22,3,0,0,0,4.3,24.700000000000003,91.67
2020,11,22,3,15,0,0,4.3,24.700000000000003,91.67
2020,11,22,3,30,0,0,4.3,24.700000000000003,91.67
2020,11,22,3,45,0,0,4.3,24.700000000000003,91.39
2020,11,22,4,0,0,0,4.3,24.700000000000003,91.39
2020,11,22,4,15,0,0,4.3,24.700000000000003,91.39
2020,11,22,4,30,0,0,4.3,24.700000000000003,91.49
2020,11,22,4,45,0,0,4.3,24.6,91.61
2020,11,22,5,0,0,0,4.3,24.6,91.61
2020,11,22,5,15,0,0,4.3,24.6,91.61
2020,11,22,5,30,0,0,4.3,24.6,91.61
2020,11,22,5,45,0,0,4.3,24.6,91.09
2020,11,22,6,0,0,0,4.3,24.6,91.09
2020,11,22,6,15,0,0,4.3,24.700000000000003,90.55
2020,11,22,6,30,0,0,4.3,24.8,90.11
2020,11,22,6,45,9,0,4.3,25,90.16
2020,11,22,7,0,54,300,4.4,25.1,89.63
2020,11,22,7,15,65,94,4.4,25.200000000000003,89.10000000000001
2020,11,22,7,30,153,529,4.4,25.400000000000002,88.05
2020,11,22,7,45,136,148,4.5,25.5,88.52
2020,11,22,8,0,104,0,4.5,25.700000000000003,87.57000000000001
2020,11,22,8,15,317,706,4.6000000000000005,25.8,87.06
2020,11,22,8,30,95,0,4.6000000000000005,25.900000000000002,86.54
2020,11,22,8,45,423,771,4.7,26,85.19
2020,11,22,9,0,179,10,4.7,26.1,84.69
2020,11,22,9,15,129,0,4.7,26.200000000000003,84.19
2020,11,22,9,30,95,0,4.800000000000001,26.3,83.7
2020,11,22,9,45,298,54,4.800000000000001,26.5,81.77
2020,11,22,10,0,190,4,4.800000000000001,26.6,81.29
2020,11,22,10,15,217,9,4.800000000000001,26.6,81.29
2020,11,22,10,30,65,0,4.800000000000001,26.700000000000003,80.82000000000001
2020,11,22,10,45,120,0,4.800000000000001,26.8,80.25
2020,11,22,11,0,187,5,4.800000000000001,26.8,80.25
2020,11,22,11,15,100,0,4.800000000000001,26.900000000000002,79.79
2020,11,22,11,30,55,0,4.7,26.900000000000002,79.7
2020,11,22,11,45,89,0,4.7,26.900000000000002,79.89
2020,11,22,12,0,126,0,4.7,27,79.43
2020,11,22,12,15,173,4,4.7,27,79.43
2020,11,22,12,30,363,38,4.7,27,79.35000000000001
2020,11,22,12,45,344,33,4.6000000000000005,27,79.51
2020,11,22,13,0,243,11,4.6000000000000005,26.900000000000002,79.98
2020,11,22,13,15,433,95,4.6000000000000005,26.900000000000002,79.98
2020,11,22,13,30,182,4,4.5,26.900000000000002,79.98
2020,11,22,13,45,87,0,4.5,26.900000000000002,80
2020,11,22,14,0,148,0,4.5,26.8,80.47
2020,11,22,14,15,225,11,4.4,26.8,80.47
2020,11,22,14,30,438,238,4.4,26.700000000000003,80.94
2020,11,22,14,45,195,7,4.3,26.6,81.82000000000001
2020,11,22,15,0,212,17,4.3,26.5,82.3
2020,11,22,15,15,169,4,4.2,26.400000000000002,82.79
2020,11,22,15,30,421,674,4.2,26.3,83.27
2020,11,22,15,45,373,659,4.1000000000000005,26.200000000000003,84.71000000000001
2020,11,22,16,0,320,619,4.1000000000000005,26.1,85.21000000000001
2020,11,22,16,15,176,139,4,25.900000000000002,86.22
2020,11,22,16,30,212,508,3.9000000000000004,25.700000000000003,87.24
2020,11,22,16,45,161,449,3.9000000000000004,25.6,88.91
2020,11,22,17,0,109,353,3.8000000000000003,25.400000000000002,90.06
2020,11,22,17,15,63,233,3.8000000000000003,25.3,90.60000000000001
2020,11,22,17,30,26,93,3.8000000000000003,25.200000000000003,91.14
2020,11,22,17,45,0,0,3.8000000000000003,25.1,91.75
2020,11,22,18,0,0,0,3.8000000000000003,25,92.29
2020,11,22,18,15,0,0,3.9000000000000004,25,92.29
2020,11,22,18,30,0,0,3.9000000000000004,25,92.29
2020,11,22,18,45,0,0,3.9000000000000004,24.900000000000002,92.98
2020,11,22,19,0,0,0,3.9000000000000004,24.900000000000002,93.08
2020,11,22,19,15,0,0,3.9000000000000004,24.900000000000002,93.08
2020,11,22,19,30,0,0,3.9000000000000004,24.900000000000002,93.08
2020,11,22,19,45,0,0,3.9000000000000004,24.900000000000002,93.08
2020,11,22,20,0,0,0,3.9000000000000004,24.900000000000002,93.10000000000001
2020,11,22,20,15,0,0,3.9000000000000004,24.900000000000002,93.10000000000001
2020,11,22,20,30,0,0,3.9000000000000004,24.900000000000002,93.10000000000001
2020,11,22,20,45,0,0,3.9000000000000004,24.900000000000002,93.11
2020,11,22,21,0,0,0,3.9000000000000004,24.900000000000002,93.2
2020,11,22,21,15,0,0,3.9000000000000004,24.900000000000002,93.2
2020,11,22,21,30,0,0,3.9000000000000004,24.900000000000002,93.2
2020,11,22,21,45,0,0,3.9000000000000004,24.900000000000002,93.28
2020,11,22,22,0,0,0,3.9000000000000004,24.900000000000002,93.28
2020,11,22,22,15,0,0,3.9000000000000004,24.900000000000002,93.18
2020,11,22,22,30,0,0,3.9000000000000004,24.900000000000002,93.18
2020,11,22,22,45,0,0,3.9000000000000004,24.8,93.71000000000001
2020,11,22,23,0,0,0,3.9000000000000004,24.8,93.71000000000001
2020,11,22,23,15,0,0,3.9000000000000004,24.8,93.71000000000001
2020,11,22,23,30,0,0,3.9000000000000004,24.8,93.71000000000001
2020,11,22,23,45,0,0,3.9000000000000004,24.8,93.35000000000001
2020,11,23,0,0,0,0,3.9000000000000004,24.8,93.35000000000001
2020,11,23,0,15,0,0,3.8000000000000003,24.700000000000003,93.9
2020,11,23,0,30,0,0,3.8000000000000003,24.700000000000003,93.9
2020,11,23,0,45,0,0,3.8000000000000003,24.700000000000003,93.44
2020,11,23,1,0,0,0,3.8000000000000003,24.700000000000003,93.44
2020,11,23,1,15,0,0,3.8000000000000003,24.700000000000003,93.44
2020,11,23,1,30,0,0,3.8000000000000003,24.700000000000003,93.44
2020,11,23,1,45,0,0,3.7,24.700000000000003,92.86
2020,11,23,2,0,0,0,3.7,24.700000000000003,92.86
2020,11,23,2,15,0,0,3.7,24.6,93.42
2020,11,23,2,30,0,0,3.7,24.6,93.42
2020,11,23,2,45,0,0,3.7,24.6,93.03
2020,11,23,3,0,0,0,3.7,24.6,93.03
2020,11,23,3,15,0,0,3.7,24.6,93.03
2020,11,23,3,30,0,0,3.7,24.6,93.03
2020,11,23,3,45,0,0,3.7,24.6,92.66
2020,11,23,4,0,0,0,3.7,24.6,92.66
2020,11,23,4,15,0,0,3.7,24.6,92.66
2020,11,23,4,30,0,0,3.7,24.6,92.66
2020,11,23,4,45,0,0,3.7,24.6,92.39
2020,11,23,5,0,0,0,3.7,24.6,92.39
2020,11,23,5,15,0,0,3.7,24.6,92.39
2020,11,23,5,30,0,0,3.7,24.6,92.48
2020,11,23,5,45,0,0,3.7,24.700000000000003,91.8
2020,11,23,6,0,0,0,3.7,24.700000000000003,91.8
2020,11,23,6,15,0,0,3.7,24.8,91.26
2020,11,23,6,30,0,0,3.7,24.900000000000002,90.72
2020,11,23,6,45,8,0,3.7,25,91.72
2020,11,23,7,0,46,147,3.8000000000000003,25.1,91.17
2020,11,23,7,15,89,270,3.8000000000000003,25.200000000000003,90.63
2020,11,23,7,30,137,372,3.9000000000000004,25.3,90.19
2020,11,23,7,45,9,0,4,25.400000000000002,90.95
2020,11,23,8,0,128,39,4.1000000000000005,25.6,89.89
2020,11,23,8,15,250,348,4.1000000000000005,25.700000000000003,89.36
2020,11,23,8,30,146,8,4.2,25.8,88.83
2020,11,23,8,45,173,16,4.3,25.900000000000002,87.87
2020,11,23,9,0,130,0,4.3,26,87.36
2020,11,23,9,15,232,34,4.4,26.1,86.84
2020,11,23,9,30,150,0,4.4,26.200000000000003,86.33
2020,11,23,9,45,91,0,4.5,26.3,84.68
2020,11,23,10,0,626,796,4.5,26.400000000000002,84.18
2020,11,23,10,15,661,810,4.6000000000000005,26.5,83.69
2020,11,23,10,30,364,65,4.6000000000000005,26.6,83.2
2020,11,23,10,45,186,4,4.6000000000000005,26.700000000000003,81.8
2020,11,23,11,0,251,13,4.6000000000000005,26.8,81.24
2020,11,23,11,15,219,8,4.6000000000000005,26.900000000000002,80.76
2020,11,23,11,30,317,25,4.5,27,80.29
2020,11,23,11,45,179,4,4.5,27.1,79.35000000000001
2020,11,23,12,0,797,878,4.5,27.1,79.35000000000001
2020,11,23,12,15,798,879,4.4,27.200000000000003,78.8
2020,11,23,12,30,794,878,4.3,27.200000000000003,78.8
2020,11,23,12,45,786,876,4.3,27.200000000000003,78.42
2020,11,23,13,0,774,872,4.2,27.3,77.97
2020,11,23,13,15,757,868,4.1000000000000005,27.3,77.89
2020,11,23,13,30,735,861,4.1000000000000005,27.3,77.89
2020,11,23,13,45,246,13,4,27.3,77.52
2020,11,23,14,0,680,846,3.9000000000000004,27.200000000000003,77.98
2020,11,23,14,15,370,97,3.9000000000000004,27.200000000000003,77.98
2020,11,23,14,30,275,35,3.8000000000000003,27.200000000000003,77.98
2020,11,23,14,45,184,4,3.8000000000000003,27.1,78.38
2020,11,23,15,0,525,785,3.7,27.1,78.38
2020,11,23,15,15,478,762,3.6,27,78.84
2020,11,23,15,30,429,736,3.5,26.900000000000002,79.3
2020,11,23,15,45,211,80,3.5,26.8,80.35000000000001
2020,11,23,16,0,135,8,3.4000000000000004,26.8,80.35000000000001
2020,11,23,16,15,194,206,3.3000000000000003,26.6,81.29
2020,11,23,16,30,218,568,3.2,26.400000000000002,82.25
2020,11,23,16,45,125,214,3.1,26.3,84.22
2020,11,23,17,0,78,118,3,26.1,85.21000000000001
2020,11,23,17,15,43,52,3,26,85.72
2020,11,23,17,30,19,0,2.9000000000000004,25.900000000000002,86.31
2020,11,23,17,45,0,0,2.9000000000000004,25.700000000000003,87.02
2020,11,23,18,0,0,0,2.9000000000000004,25.6,87.54
2020,11,23,18,15,0,0,2.9000000000000004,25.6,87.54
2020,11,23,18,30,0,0,2.9000000000000004,25.5,88.06
2020,11,23,18,45,0,0,2.9000000000000004,25.5,88.15
2020,11,23,19,0,0,0,3,25.5,88.15
2020,11,23,19,15,0,0,3,25.5,88.15
2020,11,23,19,30,0,0,3,25.5,88.15
2020,11,23,19,45,0,0,3,25.5,88.15
2020,11,23,20,0,0,0,3,25.400000000000002,88.54
2020,11,23,20,15,0,0,3.1,25.400000000000002,88.54
2020,11,23,20,30,0,0,3.1,25.3,89.15
2020,11,23,20,45,0,0,3.1,25.3,89.05
2020,11,23,21,0,0,0,3.1,25.3,89.05
2020,11,23,21,15,0,0,3.1,25.3,89.05
2020,11,23,21,30,0,0,3.1,25.200000000000003,89.57000000000001
2020,11,23,21,45,0,0,3.1,25.200000000000003,89.43
2020,11,23,22,0,0,0,3.1,25.200000000000003,89.43
2020,11,23,22,15,0,0,3.1,25.200000000000003,89.34
2020,11,23,22,30,0,0,3.1,25.1,89.87
2020,11,23,22,45,0,0,3.1,25.1,89.59
2020,11,23,23,0,0,0,3.1,25.1,89.59
2020,11,23,23,15,0,0,3.1,25,90.12
2020,11,23,23,30,0,0,3,25,90.12
2020,11,23,23,45,0,0,3,25,89.84
2020,11,24,0,0,0,0,3,25,89.84
2020,11,24,0,15,0,0,3,24.900000000000002,90.37
2020,11,24,0,30,0,0,2.9000000000000004,24.900000000000002,90.37
2020,11,24,0,45,0,0,2.9000000000000004,24.900000000000002,90.04
2020,11,24,1,0,0,0,2.9000000000000004,24.900000000000002,89.95
2020,11,24,1,15,0,0,2.8000000000000003,24.8,90.48
2020,11,24,1,30,0,0,2.8000000000000003,24.8,90.48
2020,11,24,1,45,0,0,2.8000000000000003,24.8,90.15
2020,11,24,2,0,0,0,2.7,24.8,90.15
2020,11,24,2,15,0,0,2.7,24.8,90.15
2020,11,24,2,30,0,0,2.7,24.8,90.15
2020,11,24,2,45,0,0,2.6,24.700000000000003,90.31
2020,11,24,3,0,0,0,2.6,24.700000000000003,90.31
2020,11,24,3,15,0,0,2.6,24.700000000000003,90.31
2020,11,24,3,30,0,0,2.5,24.700000000000003,90.31
2020,11,24,3,45,0,0,2.5,24.700000000000003,90.14
2020,11,24,4,0,0,0,2.5,24.700000000000003,90.14
2020,11,24,4,15,0,0,2.5,24.700000000000003,90.14
2020,11,24,4,30,0,0,2.5,24.700000000000003,90.14
2020,11,24,4,45,0,0,2.5,24.700000000000003,90.06
2020,11,24,5,0,0,0,2.4000000000000004,24.700000000000003,90.06
2020,11,24,5,15,0,0,2.4000000000000004,24.700000000000003,90.06
2020,11,24,5,30,0,0,2.4000000000000004,24.700000000000003,90.06
2020,11,24,5,45,0,0,2.4000000000000004,24.700000000000003,89.84
2020,11,24,6,0,0,0,2.4000000000000004,24.700000000000003,89.93
2020,11,24,6,15,0,0,2.4000000000000004,24.900000000000002,88.87
2020,11,24,6,30,0,0,2.4000000000000004,25,88.34
2020,11,24,6,45,16,77,2.4000000000000004,25.1,90
2020,11,24,7,0,48,233,2.3000000000000003,25.200000000000003,89.47
2020,11,24,7,15,93,365,2.4000000000000004,25.400000000000002,88.41
2020,11,24,7,30,142,466,2.4000000000000004,25.6,87.37
2020,11,24,7,45,195,544,2.4000000000000004,25.700000000000003,88.2
2020,11,24,8,0,250,606,2.5,25.900000000000002,87.17
2020,11,24,8,15,303,655,2.4000000000000004,26,86.65
2020,11,24,8,30,357,695,2.4000000000000004,26,86.65
2020,11,24,8,45,409,732,2.4000000000000004,26.1,84.28
2020,11,24,9,0,459,760,2.4000000000000004,26.200000000000003,83.79
2020,11,24,9,15,506,783,2.3000000000000003,26.3,83.29
2020,11,24,9,30,551,803,2.3000000000000003,26.3,83.29
2020,11,24,9,45,411,211,2.3000000000000003,26.400000000000002,81.74
2020,11,24,10,0,631,835,2.2,26.5,81.27
2020,11,24,10,15,666,847,2.2,26.5,81.27
2020,11,24,10,30,698,857,2.2,26.6,80.79
2020,11,24,10,45,727,874,2.2,26.6,80.65
2020,11,24,11,0,750,881,2.2,26.700000000000003,80.18
2020,11,24,11,15,769,886,2.2,26.8,79.71000000000001
2020,11,24,11,30,783,890,2.2,26.8,79.71000000000001
2020,11,24,11,45,794,896,2.2,26.900000000000002,79.28
2020,11,24,12,0,799,897,2.2,27,78.82000000000001
2020,11,24,12,15,602,287,2.2,27,78.82000000000001
2020,11,24,12,30,591,273,2.2,27,78.82000000000001
2020,11,24,12,45,514,165,2.2,27.1,78.14
2020,11,24,13,0,533,204,2.2,27.1,78.06
2020,11,24,13,15,320,29,2.2,27.1,78.06
2020,11,24,13,30,440,116,2.1,27.1,78.06
2020,11,24,13,45,604,458,2.1,27.1,77.57000000000001
2020,11,24,14,0,683,864,2.1,27.1,77.57000000000001
2020,11,24,14,15,649,853,2,27,78.03
2020,11,24,14,30,612,840,1.9000000000000001,27,78.03
2020,11,24,14,45,445,331,1.9000000000000001,27,77.66
2020,11,24,15,0,401,300,1.8,26.900000000000002,78.12
2020,11,24,15,15,362,289,1.8,26.900000000000002,78.12
2020,11,24,15,30,132,0,1.7000000000000002,26.8,78.58
2020,11,24,15,45,125,0,1.7000000000000002,26.8,80.16
2020,11,24,16,0,61,0,1.7000000000000002,26.700000000000003,80.63
2020,11,24,16,15,4,0,1.6,26.6,81.19
2020,11,24,16,30,53,0,1.6,26.400000000000002,82.15
2020,11,24,16,45,46,0,1.6,26.3,82.72
2020,11,24,17,0,29,0,1.6,26.1,83.7
2020,11,24,17,15,23,0,1.6,26,84.19
2020,11,24,17,30,14,0,1.6,25.8,85.19
2020,11,24,17,45,0,0,1.6,25.700000000000003,85.26
2020,11,24,18,0,0,0,1.6,25.5,86.27
2020,11,24,18,15,0,0,1.6,25.5,86.36
2020,11,24,18,30,0,0,1.6,25.400000000000002,86.87
2020,11,24,18,45,0,0,1.7000000000000002,25.3,87.41
2020,11,24,19,0,0,0,1.7000000000000002,25.200000000000003,87.93
2020,11,24,19,15,0,0,1.7000000000000002,25.200000000000003,87.93
2020,11,24,19,30,0,0,1.7000000000000002,25.200000000000003,87.93
2020,11,24,19,45,0,0,1.7000000000000002,25.200000000000003,87.93
2020,11,24,20,0,0,0,1.7000000000000002,25,89.11
2020,11,24,20,15,0,0,1.7000000000000002,24.900000000000002,89.64
2020,11,24,20,30,0,0,1.7000000000000002,24.900000000000002,89.73
2020,11,24,20,45,0,0,1.7000000000000002,24.8,90.32000000000001
2020,11,24,21,0,0,0,1.7000000000000002,24.8,90.32000000000001
2020,11,24,21,15,0,0,1.7000000000000002,24.700000000000003,90.85000000000001
2020,11,24,21,30,0,0,1.7000000000000002,24.700000000000003,90.85000000000001
2020,11,24,21,45,0,0,1.7000000000000002,24.700000000000003,90.68
2020,11,24,22,0,0,0,1.7000000000000002,24.6,91.23
2020,11,24,22,15,0,0,1.7000000000000002,24.6,91.23
2020,11,24,22,30,0,0,1.7000000000000002,24.6,91.23
2020,11,24,22,45,0,0,1.6,24.6,90.76
2020,11,24,23,0,0,0,1.6,24.6,90.76
2020,11,24,23,15,0,0,1.6,24.6,90.76
2020,11,24,23,30,0,0,1.6,24.6,90.67
2020,11,24,23,45,0,0,1.6,24.6,90.05
2020,11,25,0,0,0,0,1.6,24.6,90.05
2020,11,25,0,15,0,0,1.6,24.5,90.59
2020,11,25,0,30,0,0,1.6,24.5,90.59
2020,11,25,0,45,0,0,1.6,24.5,90.11
2020,11,25,1,0,0,0,1.6,24.5,90.11
2020,11,25,1,15,0,0,1.6,24.400000000000002,90.65
2020,11,25,1,30,0,0,1.6,24.400000000000002,90.65
2020,11,25,1,45,0,0,1.6,24.3,91.31
2020,11,25,2,0,0,0,1.7000000000000002,24.3,91.31
2020,11,25,2,15,0,0,1.7000000000000002,24.3,91.22
2020,11,25,2,30,0,0,1.7000000000000002,24.200000000000003,91.76
2020,11,25,2,45,0,0,1.8,24.200000000000003,92.02
2020,11,25,3,0,0,0,1.8,24.200000000000003,92.02
2020,11,25,3,15,0,0,1.8,24.1,92.57000000000001
2020,11,25,3,30,0,0,1.9000000000000001,24.1,92.57000000000001
2020,11,25,3,45,0,0,1.9000000000000001,24.1,92.77
2020,11,25,4,0,0,0,2,24,93.33
2020,11,25,4,15,0,0,2,24,93.33
2020,11,25,4,30,0,0,2,24,93.33
2020,11,25,4,45,0,0,2.1,24,93.23
2020,11,25,5,0,0,0,2.1,24,93.23
2020,11,25,5,15,0,0,2.1,24,93.32000000000001
2020,11,25,5,30,0,0,2.1,23.900000000000002,93.88
2020,11,25,5,45,0,0,2.2,23.900000000000002,93.89
2020,11,25,6,0,0,0,2.2,23.900000000000002,93.89
2020,11,25,6,15,0,0,2.2,24.1,92.77
2020,11,25,6,30,0,0,2.2,24.200000000000003,92.22
2020,11,25,6,45,4,0,2.2,24.3,94.51
2020,11,25,7,0,49,283,2.2,24.400000000000002,93.94
2020,11,25,7,15,94,417,2.2,24.6,92.83
2020,11,25,7,30,145,517,2.3000000000000003,24.700000000000003,92.28
2020,11,25,7,45,199,596,2.4000000000000004,24.900000000000002,92.7
2020,11,25,8,0,253,655,2.4000000000000004,25.1,91.60000000000001
2020,11,25,8,15,308,702,2.4000000000000004,25.200000000000003,91.06
2020,11,25,8,30,102,0,2.5,25.3,90.52
2020,11,25,8,45,89,0,2.5,25.5,87.35000000000001
2020,11,25,9,0,55,0,2.5,25.6,86.84
2020,11,25,9,15,103,0,2.5,25.700000000000003,86.33
2020,11,25,9,30,176,3,2.5,25.700000000000003,86.33
2020,11,25,9,45,121,0,2.5,25.8,83.69
2020,11,25,10,0,175,2,2.5,25.900000000000002,83.2
2020,11,25,10,15,177,2,2.5,26,82.71000000000001
2020,11,25,10,30,318,38,2.5,26,82.71000000000001
2020,11,25,10,45,380,69,2.6,26.1,81.76
2020,11,25,11,0,375,57,2.6,26.200000000000003,81.19
2020,11,25,11,15,315,26,2.6,26.3,80.72
2020,11,25,11,30,446,97,2.6,26.400000000000002,80.25
2020,11,25,11,45,329,28,2.6,26.400000000000002,80.13
2020,11,25,12,0,405,60,2.6,26.5,79.67
2020,11,25,12,15,278,15,2.7,26.6,79.2
2020,11,25,12,30,483,125,2.7,26.6,79.12
2020,11,25,12,45,621,344,2.7,26.700000000000003,78.13
2020,11,25,13,0,782,910,2.7,26.700000000000003,78.13
2020,11,25,13,15,765,906,2.7,26.8,77.67
2020,11,25,13,30,744,901,2.7,26.8,77.67
2020,11,25,13,45,722,911,2.7,26.8,76.73
2020,11,25,14,0,692,902,2.7,26.8,76.73
2020,11,25,14,15,660,893,2.6,26.8,76.73
2020,11,25,14,30,622,882,2.6,26.700000000000003,77.18
2020,11,25,14,45,582,869,2.6,26.700000000000003,76.38
2020,11,25,15,0,539,854,2.6,26.700000000000003,76.38
2020,11,25,15,15,492,834,2.5,26.6,76.83
2020,11,25,15,30,443,811,2.5,26.5,77.29
2020,11,25,15,45,392,788,2.4000000000000004,26.400000000000002,77.77
2020,11,25,16,0,338,754,2.4000000000000004,26.3,78.23
2020,11,25,16,15,284,715,2.3000000000000003,26.200000000000003,78.69
2020,11,25,16,30,229,665,2.3000000000000003,26,79.62
2020,11,25,16,45,174,601,2.2,25.8,82.34
2020,11,25,17,0,121,517,2.2,25.700000000000003,82.82000000000001
2020,11,25,17,15,72,402,2.2,25.5,83.81
2020,11,25,17,30,30,242,2.2,25.3,84.81
2020,11,25,17,45,0,0,2.2,25.1,85
2020,11,25,18,0,0,0,2.2,24.900000000000002,86.02
2020,11,25,18,15,0,0,2.3000000000000003,24.900000000000002,86.02
2020,11,25,18,30,0,0,2.3000000000000003,24.900000000000002,86.02
2020,11,25,18,45,0,0,2.3000000000000003,24.8,86.31
2020,11,25,19,0,0,0,2.4000000000000004,24.8,86.31
2020,11,25,19,15,0,0,2.4000000000000004,24.8,86.31
2020,11,25,19,30,0,0,2.4000000000000004,24.8,86.31
2020,11,25,19,45,0,0,2.4000000000000004,24.8,86.31
2020,11,25,20,0,0,0,2.5,24.6,87.17
2020,11,25,20,15,0,0,2.5,24.6,87.17
2020,11,25,20,30,0,0,2.6,24.5,87.69
2020,11,25,20,45,0,0,2.6,24.5,87.3
2020,11,25,21,0,0,0,2.6,24.400000000000002,87.82000000000001
2020,11,25,21,15,0,0,2.7,24.400000000000002,87.82000000000001
2020,11,25,21,30,0,0,2.7,24.3,88.35000000000001
2020,11,25,21,45,0,0,2.7,24.3,87.75
2020,11,25,22,0,0,0,2.7,24.3,87.75
2020,11,25,22,15,0,0,2.8000000000000003,24.200000000000003,88.28
2020,11,25,22,30,0,0,2.8000000000000003,24.200000000000003,88.28
2020,11,25,22,45,0,0,2.8000000000000003,24.1,88.49
2020,11,25,23,0,0,0,2.8000000000000003,24.1,88.49
2020,11,25,23,15,0,0,2.8000000000000003,24.1,88.49
2020,11,25,23,30,0,0,2.8000000000000003,24.1,88.49
2020,11,25,23,45,0,0,2.8000000000000003,24.1,88.69
2020,11,26,0,0,0,0,2.8000000000000003,24.1,88.60000000000001
2020,11,26,0,15,0,0,2.8000000000000003,24,89.14
2020,11,26,0,30,0,0,2.8000000000000003,24,89.14
2020,11,26,0,45,0,0,2.8000000000000003,24,89.04
2020,11,26,1,0,0,0,2.8000000000000003,24,89.04
2020,11,26,1,15,0,0,2.8000000000000003,24,89.04
2020,11,26,1,30,0,0,2.8000000000000003,24,89.04
2020,11,26,1,45,0,0,2.8000000000000003,23.900000000000002,89.43
2020,11,26,2,0,0,0,2.8000000000000003,23.900000000000002,89.43
2020,11,26,2,15,0,0,2.8000000000000003,23.900000000000002,89.43
2020,11,26,2,30,0,0,2.9000000000000004,23.900000000000002,89.34
2020,11,26,2,45,0,0,2.9000000000000004,23.900000000000002,89.25
2020,11,26,3,0,0,0,2.9000000000000004,23.900000000000002,89.25
2020,11,26,3,15,0,0,2.9000000000000004,23.8,89.78
2020,11,26,3,30,0,0,2.9000000000000004,23.8,89.78
2020,11,26,3,45,0,0,2.9000000000000004,23.8,89.77
2020,11,26,4,0,0,0,2.9000000000000004,23.8,89.77
2020,11,26,4,15,0,0,3,23.8,89.77
2020,11,26,4,30,0,0,3,23.8,89.77
2020,11,26,4,45,0,0,3,23.8,89.64
2020,11,26,5,0,0,0,3,23.8,89.64
2020,11,26,5,15,0,0,3,23.8,89.64
2020,11,26,5,30,0,0,3,23.700000000000003,90.17
2020,11,26,5,45,0,0,2.9000000000000004,23.700000000000003,89.82000000000001
2020,11,26,6,0,0,0,2.9000000000000004,23.700000000000003,89.82000000000001
2020,11,26,6,15,0,0,2.9000000000000004,23.900000000000002,88.75
2020,11,26,6,30,0,0,2.9000000000000004,24.1,87.78
2020,11,26,6,45,16,161,2.9000000000000004,24.200000000000003,89.74
2020,11,26,7,0,51,349,2.9000000000000004,24.400000000000002,88.68
2020,11,26,7,15,98,484,3,24.6,87.63
2020,11,26,7,30,151,583,3,24.8,86.59
2020,11,26,7,45,206,656,3.1,25,86.08
2020,11,26,8,0,262,713,3.1,25.3,84.56
2020,11,26,8,15,318,757,3.1,25.400000000000002,84.15
2020,11,26,8,30,372,793,3.1,25.5,83.65
2020,11,26,8,45,427,825,3.1,25.6,81.94
2020,11,26,9,0,478,850,3.1,25.8,80.98
2020,11,26,9,15,527,871,3.1,25.900000000000002,80.5
2020,11,26,9,30,573,888,3.1,26,80.03
2020,11,26,9,45,615,903,3.1,26.200000000000003,78.54
2020,11,26,10,0,655,916,3,26.3,78.08
2020,11,26,10,15,691,927,3.1,26.400000000000002,77.62
2020,11,26,10,30,723,936,3.1,26.5,77.16
2020,11,26,10,45,750,937,3.1,26.6,76.34
2020,11,26,11,0,774,943,3.1,26.8,75.45
2020,11,26,11,15,793,948,3.1,26.8,75.37
2020,11,26,11,30,808,952,3.1,26.900000000000002,74.93
2020,11,26,11,45,422,74,3.1,27,74.59
2020,11,26,12,0,824,956,3.1,27,74.59
2020,11,26,12,15,825,957,3.1,27.1,74.15
2020,11,26,12,30,821,954,3.1,27.1,74.08
2020,11,26,12,45,812,952,3.2,27.1,74.02
2020,11,26,13,0,800,949,3.2,27.1,74.02
2020,11,26,13,15,783,945,3.2,27.1,74.02
2020,11,26,13,30,761,939,3.2,27.1,74.02
2020,11,26,13,45,372,70,3.2,27.1,73.87
2020,11,26,14,0,705,921,3.3000000000000003,27.1,73.87
2020,11,26,14,15,226,11,3.3000000000000003,27,74.3
2020,11,26,14,30,101,0,3.3000000000000003,26.900000000000002,74.74
2020,11,26,14,45,138,0,3.3000000000000003,26.8,75.10000000000001
2020,11,26,15,0,114,0,3.3000000000000003,26.8,75.10000000000001
2020,11,26,15,15,500,848,3.3000000000000003,26.700000000000003,75.54
2020,11,26,15,30,450,825,3.4000000000000004,26.6,75.98
2020,11,26,15,45,398,797,3.4000000000000004,26.5,77.18
2020,11,26,16,0,344,763,3.4000000000000004,26.400000000000002,77.63
2020,11,26,16,15,288,722,3.3000000000000003,26.200000000000003,78.55
2020,11,26,16,30,232,670,3.3000000000000003,26,79.48
2020,11,26,16,45,177,604,3.2,25.8,82.09
2020,11,26,17,0,123,517,3.2,25.6,83.06
2020,11,26,17,15,73,401,3.2,25.5,83.56
2020,11,26,17,30,31,236,3.1,25.3,84.55
2020,11,26,17,45,0,0,3.1,25.1,84.9
2020,11,26,18,0,0,0,3.1,24.900000000000002,85.91
2020,11,26,18,15,0,0,3.2,24.8,86.43
2020,11,26,18,30,0,0,3.2,24.8,86.51
2020,11,26,18,45,0,0,3.2,24.8,86.17
2020,11,26,19,0,0,0,3.2,24.700000000000003,86.68
2020,11,26,19,15,0,0,3.2,24.700000000000003,86.68
2020,11,26,19,30,0,0,3.2,24.700000000000003,86.68
2020,11,26,19,45,0,0,3.2,24.700000000000003,86.68
2020,11,26,20,0,0,0,3.2,24.6,86.79
2020,11,26,20,15,0,0,3.2,24.5,87.31
2020,11,26,20,30,0,0,3.2,24.5,87.31
2020,11,26,20,45,0,0,3.1,24.5,86.81
2020,11,26,21,0,0,0,3.1,24.400000000000002,87.32000000000001
2020,11,26,21,15,0,0,3.1,24.400000000000002,87.32000000000001
2020,11,26,21,30,0,0,3.1,24.3,87.85000000000001
2020,11,26,21,45,0,0,3,24.3,87.31
2020,11,26,22,0,0,0,3,24.3,87.31
2020,11,26,22,15,0,0,3,24.200000000000003,87.83
2020,11,26,22,30,0,0,2.9000000000000004,24.200000000000003,87.83
2020,11,26,22,45,0,0,2.9000000000000004,24.1,87.95
2020,11,26,23,0,0,0,2.9000000000000004,24.1,87.95
2020,11,26,23,15,0,0,2.8000000000000003,24.1,87.95
2020,11,26,23,30,0,0,2.8000000000000003,24,88.48
2020,11,26,23,45,0,0,2.8000000000000003,24,88.05
2020,11,27,0,0,0,0,2.7,24,88.05
2020,11,27,0,15,0,0,2.7,23.900000000000002,88.58
2020,11,27,0,30,0,0,2.7,23.900000000000002,88.58
2020,11,27,0,45,0,0,2.7,23.900000000000002,88.23
2020,11,27,1,0,0,0,2.6,23.8,88.76
2020,11,27,1,15,0,0,2.6,23.8,88.76
2020,11,27,1,30,0,0,2.6,23.8,88.76
2020,11,27,1,45,0,0,2.6,23.8,88.48
2020,11,27,2,0,0,0,2.6,23.700000000000003,89.02
2020,11,27,2,15,0,0,2.6,23.700000000000003,89.02
2020,11,27,2,30,0,0,2.7,23.700000000000003,89.02
2020,11,27,2,45,0,0,2.7,23.6,89.38
2020,11,27,3,0,0,0,2.7,23.6,89.38
2020,11,27,3,15,0,0,2.7,23.6,89.38
2020,11,27,3,30,0,0,2.8000000000000003,23.6,89.38
2020,11,27,3,45,0,0,2.8000000000000003,23.6,89.33
2020,11,27,4,0,0,0,2.8000000000000003,23.5,89.86
2020,11,27,4,15,0,0,2.8000000000000003,23.5,89.86
2020,11,27,4,30,0,0,2.8000000000000003,23.5,89.86
2020,11,27,4,45,0,0,2.8000000000000003,23.5,89.33
2020,11,27,5,0,0,0,2.8000000000000003,23.5,89.42
2020,11,27,5,15,0,0,2.7,23.5,89.42
2020,11,27,5,30,0,0,2.7,23.5,89.42
2020,11,27,5,45,0,0,2.7,23.5,88.47
2020,11,27,6,0,0,0,2.6,23.5,88.47
2020,11,27,6,15,0,0,2.6,23.6,87.94
2020,11,27,6,30,0,0,2.6,23.8,86.89
2020,11,27,6,45,15,159,2.6,23.900000000000002,88.8
2020,11,27,7,0,50,351,2.5,24.1,87.75
2020,11,27,7,15,98,489,2.6,24.3,86.71000000000001
2020,11,27,7,30,151,588,2.6,24.6,85.17
2020,11,27,7,45,206,665,2.7,24.8,83.87
2020,11,27,8,0,262,722,2.7,25.1,82.39
2020,11,27,8,15,318,766,2.7,25.200000000000003,81.9
2020,11,27,8,30,374,802,2.7,25.3,81.5
2020,11,27,8,45,427,833,2.6,25.400000000000002,80.33
2020,11,27,9,0,479,858,2.6,25.6,79.39
2020,11,27,9,15,528,878,2.6,25.700000000000003,78.92
2020,11,27,9,30,572,893,2.5,25.8,78.46000000000001
2020,11,27,9,45,616,908,2.5,25.900000000000002,78.17
2020,11,27,10,0,655,921,2.5,26,77.71000000000001
2020,11,27,10,15,691,931,2.4000000000000004,26.1,77.25
2020,11,27,10,30,723,940,2.4000000000000004,26.3,76.35000000000001
2020,11,27,10,45,750,937,2.4000000000000004,26.400000000000002,75.94
2020,11,27,11,0,774,943,2.3000000000000003,26.5,75.42
2020,11,27,11,15,794,948,2.3000000000000003,26.6,74.98
2020,11,27,11,30,807,950,2.3000000000000003,26.700000000000003,74.54
2020,11,27,11,45,817,951,2.2,26.700000000000003,74.32000000000001
2020,11,27,12,0,823,953,2.2,26.8,73.88
2020,11,27,12,15,292,18,2.2,26.900000000000002,73.38
2020,11,27,12,30,821,953,2.1,26.900000000000002,73.38
2020,11,27,12,45,406,66,2.1,27,72.54
2020,11,27,13,0,350,38,2.1,27,72.54
2020,11,27,13,15,406,77,2.1,27,72.54
2020,11,27,13,30,496,193,2.1,27,72.46000000000001
2020,11,27,13,45,737,936,2.1,27,72.25
2020,11,27,14,0,707,928,2.1,27,72.25
2020,11,27,14,15,673,918,2.1,27,72.25
2020,11,27,14,30,174,2,2.2,26.900000000000002,72.67
2020,11,27,14,45,177,3,2.2,26.900000000000002,72.84
2020,11,27,15,0,24,0,2.2,26.900000000000002,72.84
2020,11,27,15,15,21,0,2.2,26.8,73.27
2020,11,27,15,30,203,38,2.3000000000000003,26.700000000000003,73.7
2020,11,27,15,45,400,805,2.3000000000000003,26.6,75.28
2020,11,27,16,0,346,771,2.3000000000000003,26.5,75.64
2020,11,27,16,15,290,730,2.3000000000000003,26.3,76.62
2020,11,27,16,30,234,679,2.3000000000000003,26.1,77.52
2020,11,27,16,45,178,612,2.3000000000000003,25.900000000000002,81.16
2020,11,27,17,0,124,526,2.3000000000000003,25.700000000000003,82.12
2020,11,27,17,15,74,408,2.3000000000000003,25.5,83.10000000000001
2020,11,27,17,30,31,245,2.4000000000000004,25.3,84.09
2020,11,27,17,45,0,0,2.4000000000000004,25.1,84.79
2020,11,27,18,0,0,0,2.4000000000000004,24.900000000000002,85.8
2020,11,27,18,15,0,0,2.4000000000000004,24.8,86.31
2020,11,27,18,30,0,0,2.5,24.700000000000003,86.92
2020,11,27,18,45,0,0,2.5,24.6,87.45
2020,11,27,19,0,0,0,2.5,24.5,87.97
2020,11,27,19,15,0,0,2.5,24.5,87.97
2020,11,27,19,30,0,0,2.5,24.5,87.97
2020,11,27,19,45,0,0,2.5,24.5,87.97
2020,11,27,20,0,0,0,2.6,24.400000000000002,88.67
2020,11,27,20,15,0,0,2.5,24.3,89.2
2020,11,27,20,30,0,0,2.5,24.3,89.2
2020,11,27,20,45,0,0,2.5,24.3,88.7
2020,11,27,21,0,0,0,2.5,24.200000000000003,89.23
2020,11,27,21,15,0,0,2.4000000000000004,24.200000000000003,89.23
2020,11,27,21,30,0,0,2.4000000000000004,24.1,89.76
2020,11,27,21,45,0,0,2.4000000000000004,24.1,89.09
2020,11,27,22,0,0,0,2.3000000000000003,24,89.63
2020,11,27,22,15,0,0,2.3000000000000003,24,89.63
2020,11,27,22,30,0,0,2.3000000000000003,24,89.63
2020,11,27,22,45,0,0,2.2,23.900000000000002,89.44
2020,11,27,23,0,0,0,2.2,23.900000000000002,89.44
2020,11,27,23,15,0,0,2.2,23.900000000000002,89.44
2020,11,27,23,30,0,0,2.1,23.8,89.98
2020,11,27,23,45,0,0,2.1,23.8,89.26
2020,11,28,0,0,0,0,2.1,23.8,89.17
2020,11,28,0,15,0,0,2,23.8,89.17
2020,11,28,0,30,0,0,2,23.8,89.17
2020,11,28,0,45,0,0,2,23.8,88.29
2020,11,28,1,0,0,0,2,23.8,88.29
2020,11,28,1,15,0,0,1.9000000000000001,23.8,88.29
2020,11,28,1,30,0,0,1.9000000000000001,23.8,88.29
2020,11,28,1,45,0,0,1.9000000000000001,23.8,87.37
2020,11,28,2,0,0,0,1.9000000000000001,23.8,87.37
2020,11,28,2,15,0,0,1.9000000000000001,23.8,87.37
2020,11,28,2,30,0,0,1.9000000000000001,23.8,87.37
2020,11,28,2,45,0,0,1.8,23.700000000000003,87.4
2020,11,28,3,0,0,0,1.8,23.700000000000003,87.4
2020,11,28,3,15,0,0,1.9000000000000001,23.700000000000003,87.4
2020,11,28,3,30,0,0,1.9000000000000001,23.700000000000003,87.4
2020,11,28,3,45,0,0,1.9000000000000001,23.700000000000003,86.99
2020,11,28,4,0,0,0,1.9000000000000001,23.700000000000003,86.99
2020,11,28,4,15,0,0,1.9000000000000001,23.700000000000003,86.99
2020,11,28,4,30,0,0,1.9000000000000001,23.700000000000003,86.99
2020,11,28,4,45,0,0,1.9000000000000001,23.700000000000003,86.49
2020,11,28,5,0,0,0,1.9000000000000001,23.700000000000003,86.49
2020,11,28,5,15,0,0,2,23.6,87.01
2020,11,28,5,30,0,0,2,23.6,87.01
2020,11,28,5,45,0,0,2,23.6,86.42
2020,11,28,6,0,0,0,2,23.6,86.42
2020,11,28,6,15,0,0,1.9000000000000001,23.700000000000003,85.91
2020,11,28,6,30,0,0,1.9000000000000001,23.8,85.39
2020,11,28,6,45,15,193,1.9000000000000001,23.900000000000002,88.42
2020,11,28,7,0,50,380,1.8,24.1,87.37
2020,11,28,7,15,97,514,1.9000000000000001,24.3,86.33
2020,11,28,7,30,149,611,1.9000000000000001,24.5,85.31
2020,11,28,7,45,204,684,1.9000000000000001,24.8,85.69
2020,11,28,8,0,259,737,1.9000000000000001,25,84.68
2020,11,28,8,15,315,780,1.9000000000000001,25.1,84.26
2020,11,28,8,30,370,815,1.9000000000000001,25.3,83.27
2020,11,28,8,45,423,844,1.9000000000000001,25.400000000000002,80.02
2020,11,28,9,0,474,868,2,25.6,79.08
2020,11,28,9,15,522,888,1.9000000000000001,25.700000000000003,78.61
2020,11,28,9,30,568,905,1.9000000000000001,25.8,78.15
2020,11,28,9,45,611,919,1.8,25.900000000000002,76.28
2020,11,28,10,0,650,931,1.8,26,75.83
2020,11,28,10,15,686,941,1.8,26.1,75.39
2020,11,28,10,30,718,950,1.7000000000000002,26.200000000000003,74.95
2020,11,28,10,45,745,951,1.7000000000000002,26.3,74.49
2020,11,28,11,0,769,957,1.7000000000000002,26.400000000000002,74.05
2020,11,28,11,15,789,962,1.7000000000000002,26.5,73.62
2020,11,28,11,30,804,965,1.6,26.6,73.19
2020,11,28,11,45,814,967,1.6,26.700000000000003,72.99
2020,11,28,12,0,820,969,1.6,26.8,72.56
2020,11,28,12,15,822,969,1.6,26.8,72.56
2020,11,28,12,30,818,968,1.6,26.900000000000002,72.14
2020,11,28,12,45,810,967,1.6,26.900000000000002,72.14
2020,11,28,13,0,798,964,1.7000000000000002,27,71.72
2020,11,28,13,15,781,960,1.6,27,71.65
2020,11,28,13,30,760,955,1.6,27,71.65
2020,11,28,13,45,735,942,1.6,27,71.43
2020,11,28,14,0,705,934,1.6,27,71.43
2020,11,28,14,15,671,924,1.6,27,71.43
2020,11,28,14,30,634,913,1.5,27,71.43
2020,11,28,14,45,594,901,1.5,26.900000000000002,71.92
2020,11,28,15,0,550,886,1.5,26.900000000000002,71.92
2020,11,28,15,15,503,867,1.5,26.8,72.34
2020,11,28,15,30,452,842,1.5,26.8,72.34
2020,11,28,15,45,400,815,1.6,26.700000000000003,73.77
2020,11,28,16,0,346,783,1.6,26.6,74.21000000000001
2020,11,28,16,15,291,743,1.6,26.400000000000002,75.08
2020,11,28,16,30,235,694,1.6,26.200000000000003,75.97
2020,11,28,16,45,179,626,1.7000000000000002,26.1,79.31
2020,11,28,17,0,125,543,1.7000000000000002,25.900000000000002,80.25
2020,11,28,17,15,75,429,1.8,25.700000000000003,81.2
2020,11,28,17,30,32,269,1.9000000000000001,25.5,82.17
2020,11,28,17,45,0,0,1.9000000000000001,25.3,83.37
2020,11,28,18,0,0,0,2,25.1,84.45
2020,11,28,18,15,0,0,2.1,25,84.95
2020,11,28,18,30,0,0,2.1,24.900000000000002,85.45
2020,11,28,18,45,0,0,2.2,24.8,86.41
2020,11,28,19,0,0,0,2.3000000000000003,24.8,86.41
2020,11,28,19,15,0,0,2.3000000000000003,24.8,86.41
2020,11,28,19,30,0,0,2.3000000000000003,24.8,86.41
2020,11,28,19,45,0,0,2.3000000000000003,24.8,86.41
2020,11,28,20,0,0,0,2.5,24.5,88.04
2020,11,28,20,15,0,0,2.5,24.400000000000002,88.57000000000001
2020,11,28,20,30,0,0,2.6,24.400000000000002,88.57000000000001
2020,11,28,20,45,0,0,2.6,24.3,89.44
2020,11,28,21,0,0,0,2.7,24.3,89.44
2020,11,28,21,15,0,0,2.7,24.200000000000003,89.97
2020,11,28,21,30,0,0,2.7,24.200000000000003,89.97
2020,11,28,21,45,0,0,2.8000000000000003,24.1,90.86
2020,11,28,22,0,0,0,2.8000000000000003,24.1,90.86
2020,11,28,22,15,0,0,2.8000000000000003,24.1,90.86
2020,11,28,22,30,0,0,2.8000000000000003,24.1,90.86
2020,11,28,22,45,0,0,2.8000000000000003,24,91.58
2020,11,28,23,0,0,0,2.8000000000000003,24,91.58
2020,11,28,23,15,0,0,2.8000000000000003,24,91.58
2020,11,28,23,30,0,0,2.8000000000000003,23.900000000000002,92.13
2020,11,28,23,45,0,0,2.8000000000000003,23.900000000000002,91.97
2020,11,29,0,0,0,0,2.8000000000000003,23.900000000000002,91.97
2020,11,29,0,15,0,0,2.8000000000000003,23.900000000000002,91.97
2020,11,29,0,30,0,0,2.8000000000000003,23.8,92.52
2020,11,29,0,45,0,0,2.8000000000000003,23.8,92.39
2020,11,29,1,0,0,0,2.8000000000000003,23.8,92.39
2020,11,29,1,15,0,0,2.8000000000000003,23.700000000000003,92.95
2020,11,29,1,30,0,0,2.8000000000000003,23.700000000000003,92.95
2020,11,29,1,45,0,0,2.8000000000000003,23.700000000000003,92.46000000000001
2020,11,29,2,0,0,0,2.8000000000000003,23.700000000000003,92.37
2020,11,29,2,15,0,0,2.8000000000000003,23.6,92.92
2020,11,29,2,30,0,0,2.8000000000000003,23.6,92.92
2020,11,29,2,45,0,0,2.7,23.6,92.5
2020,11,29,3,0,0,0,2.7,23.6,92.5
2020,11,29,3,15,0,0,2.7,23.6,92.5
2020,11,29,3,30,0,0,2.7,23.6,92.5
2020,11,29,3,45,0,0,2.7,23.5,92.47
2020,11,29,4,0,0,0,2.7,23.5,92.47
2020,11,29,4,15,0,0,2.7,23.5,92.47
2020,11,29,4,30,0,0,2.7,23.5,92.47
2020,11,29,4,45,0,0,2.6,23.5,91.88
2020,11,29,5,0,0,0,2.6,23.5,91.88
2020,11,29,5,15,0,0,2.6,23.5,91.88
2020,11,29,5,30,0,0,2.6,23.5,91.88
2020,11,29,5,45,0,0,2.6,23.5,91.38
2020,11,29,6,0,0,0,2.6,23.5,91.38
2020,11,29,6,15,0,0,2.6,23.6,90.84
2020,11,29,6,30,0,0,2.6,23.8,89.76
2020,11,29,6,45,14,176,2.6,23.900000000000002,91.5
2020,11,29,7,0,48,368,2.6,24.1,90.41
2020,11,29,7,15,94,505,2.7,24.200000000000003,89.87
2020,11,29,7,30,147,603,2.8000000000000003,24.400000000000002,88.89
2020,11,29,7,45,201,678,2.8000000000000003,24.6,89.29
2020,11,29,8,0,257,734,2.9000000000000004,24.8,88.24
2020,11,29,8,15,313,778,2.9000000000000004,24.900000000000002,87.71000000000001
2020,11,29,8,30,368,814,2.9000000000000004,25,87.19
2020,11,29,8,45,420,841,2.9000000000000004,25.1,84.61
2020,11,29,9,0,471,865,3,25.200000000000003,84.19
2020,11,29,9,15,519,886,3,25.3,83.7
2020,11,29,9,30,565,903,3,25.400000000000002,83.2
2020,11,29,9,45,608,917,3,25.5,81.8
2020,11,29,10,0,234,15,3,25.6,81.32000000000001
2020,11,29,10,15,684,940,3.1,25.700000000000003,80.84
2020,11,29,10,30,716,948,3.1,25.8,80.37
2020,11,29,10,45,120,0,3.1,25.900000000000002,80.03
2020,11,29,11,0,271,17,3.1,26,79.56
2020,11,29,11,15,788,957,3.1,26.1,79.09
2020,11,29,11,30,282,17,3.1,26.200000000000003,78.63
2020,11,29,11,45,812,963,3.2,26.200000000000003,78.77
2020,11,29,12,0,514,166,3.2,26.3,78.31
2020,11,29,12,15,820,964,3.2,26.3,78.31
2020,11,29,12,30,422,75,3.2,26.400000000000002,77.85000000000001
2020,11,29,12,45,809,963,3.2,26.400000000000002,77.8
2020,11,29,13,0,796,960,3.2,26.5,77.26
2020,11,29,13,15,780,956,3.2,26.5,77.26
2020,11,29,13,30,759,951,3.2,26.400000000000002,77.72
2020,11,29,13,45,196,5,3.2,26.400000000000002,77.69
2020,11,29,14,0,703,929,3.2,26.400000000000002,77.69
2020,11,29,14,15,290,36,3.2,26.400000000000002,77.61
2020,11,29,14,30,632,908,3.2,26.400000000000002,77.61
2020,11,29,14,45,592,895,3.2,26.3,78.03
2020,11,29,15,0,548,878,3.3000000000000003,26.3,78.03
2020,11,29,15,15,148,0,3.3000000000000003,26.200000000000003,78.49
2020,11,29,15,30,451,837,3.3000000000000003,26.1,78.96000000000001
2020,11,29,15,45,399,810,3.3000000000000003,26,79.83
2020,11,29,16,0,345,778,3.3000000000000003,26,79.83
2020,11,29,16,15,290,737,3.3000000000000003,25.8,80.78
2020,11,29,16,30,234,687,3.2,25.6,81.74
2020,11,29,16,45,179,625,3.2,25.400000000000002,84.2
2020,11,29,17,0,125,541,3.2,25.3,84.7
2020,11,29,17,15,75,426,3.2,25.1,85.71000000000001
2020,11,29,17,30,32,264,3.2,24.900000000000002,86.74
2020,11,29,17,45,0,0,3.2,24.8,86.94
2020,11,29,18,0,0,0,3.3000000000000003,24.6,87.98
2020,11,29,18,15,0,0,3.3000000000000003,24.6,87.98
2020,11,29,18,30,0,0,3.4000000000000004,24.6,87.98
2020,11,29,18,45,0,0,3.4000000000000004,24.5,88.39
2020,11,29,19,0,0,0,3.5,24.5,88.39
2020,11,29,19,15,0,0,3.5,24.5,88.39
2020,11,29,19,30,0,0,3.5,24.5,88.39
2020,11,29,19,45,0,0,3.5,24.5,88.39
2020,11,29,20,0,0,0,3.6,24.5,88.22
2020,11,29,20,15,0,0,3.6,24.400000000000002,88.75
2020,11,29,20,30,0,0,3.7,24.400000000000002,88.75
2020,11,29,20,45,0,0,3.7,24.400000000000002,88.4
2020,11,29,21,0,0,0,3.7,24.400000000000002,88.4
2020,11,29,21,15,0,0,3.7,24.400000000000002,88.4
2020,11,29,21,30,0,0,3.7,24.400000000000002,88.4
2020,11,29,21,45,0,0,3.8000000000000003,24.3,88.43
2020,11,29,22,0,0,0,3.8000000000000003,24.3,88.43
2020,11,29,22,15,0,0,3.8000000000000003,24.3,88.43
2020,11,29,22,30,0,0,3.7,24.3,88.43
2020,11,29,22,45,0,0,3.7,24.200000000000003,88.3
2020,11,29,23,0,0,0,3.7,24.200000000000003,88.3
2020,11,29,23,15,0,0,3.7,24.200000000000003,88.3
2020,11,29,23,30,0,0,3.7,24.1,88.83
2020,11,29,23,45,0,0,3.6,24.1,87.9
2020,11,30,0,0,0,0,3.6,24.1,87.9
2020,11,30,0,15,0,0,3.6,24,88.34
2020,11,30,0,30,0,0,3.6,24,88.34
2020,11,30,0,45,0,0,3.5,24,87.3
2020,11,30,1,0,0,0,3.5,23.900000000000002,87.83
2020,11,30,1,15,0,0,3.5,23.900000000000002,87.83
2020,11,30,1,30,0,0,3.5,23.8,88.35000000000001
2020,11,30,1,45,0,0,3.4000000000000004,23.8,87.36
2020,11,30,2,0,0,0,3.4000000000000004,23.8,87.36
2020,11,30,2,15,0,0,3.4000000000000004,23.700000000000003,87.89
2020,11,30,2,30,0,0,3.4000000000000004,23.700000000000003,87.89
2020,11,30,2,45,0,0,3.4000000000000004,23.700000000000003,86.95
2020,11,30,3,0,0,0,3.3000000000000003,23.700000000000003,86.95
2020,11,30,3,15,0,0,3.3000000000000003,23.6,87.47
2020,11,30,3,30,0,0,3.3000000000000003,23.6,87.47
2020,11,30,3,45,0,0,3.3000000000000003,23.6,86.61
2020,11,30,4,0,0,0,3.3000000000000003,23.6,86.61
2020,11,30,4,15,0,0,3.3000000000000003,23.6,86.7
2020,11,30,4,30,0,0,3.3000000000000003,23.6,86.7
2020,11,30,4,45,0,0,3.3000000000000003,23.6,85.67
2020,11,30,5,0,0,0,3.4000000000000004,23.6,85.67
2020,11,30,5,15,0,0,3.4000000000000004,23.6,85.67
2020,11,30,5,30,0,0,3.4000000000000004,23.6,85.67
2020,11,30,5,45,0,0,3.4000000000000004,23.6,84.81
2020,11,30,6,0,0,0,3.4000000000000004,23.6,84.81
2020,11,30,6,15,0,0,3.4000000000000004,23.700000000000003,84.3
2020,11,30,6,30,0,0,3.5,23.8,83.88
2020,11,30,6,45,0,0,3.5,24,84.09
2020,11,30,7,0,44,314,3.5,24.1,83.59
2020,11,30,7,15,90,457,3.6,24.3,82.60000000000001
2020,11,30,7,30,141,561,3.7,24.6,81.13
2020,11,30,7,45,195,632,3.8000000000000003,24.8,79.85000000000001
2020,11,30,8,0,251,692,3.9000000000000004,25,78.9
2020,11,30,8,15,306,737,3.9000000000000004,25.1,78.52
2020,11,30,8,30,360,776,3.9000000000000004,25.200000000000003,78.05
2020,11,30,8,45,412,799,3.9000000000000004,25.400000000000002,76.04
2020,11,30,9,0,463,826,3.9000000000000004,25.5,75.59
2020,11,30,9,15,512,848,3.9000000000000004,25.6,75.15
2020,11,30,9,30,558,867,3.9000000000000004,25.700000000000003,74.7
2020,11,30,9,45,600,875,3.8000000000000003,25.8,74.09
2020,11,30,10,0,639,889,3.8000000000000003,26,73.22
2020,11,30,10,15,675,900,3.8000000000000003,26,73.22
2020,11,30,10,30,706,908,3.8000000000000003,26.1,72.79
2020,11,30,10,45,736,929,3.8000000000000003,26.200000000000003,72.39
2020,11,30,11,0,760,935,3.8000000000000003,26.3,71.96000000000001
2020,11,30,11,15,780,940,3.7,26.400000000000002,71.54
2020,11,30,11,30,795,944,3.7,26.400000000000002,71.54
2020,11,30,11,45,805,943,3.7,26.5,71.3
2020,11,30,12,0,810,942,3.7,26.5,71.23
2020,11,30,12,15,812,943,3.7,26.5,71.23
2020,11,30,12,30,809,942,3.6,26.6,70.81
2020,11,30,12,45,800,937,3.6,26.6,71.09
2020,11,30,13,0,788,934,3.6,26.6,71.02
2020,11,30,13,15,770,928,3.6,26.6,71.02
2020,11,30,13,30,749,922,3.6,26.6,71.02
2020,11,30,13,45,724,918,3.5,26.6,71.34
2020,11,30,14,0,695,909,3.5,26.5,71.76
2020,11,30,14,15,662,899,3.5,26.5,71.69
2020,11,30,14,30,625,887,3.5,26.400000000000002,72.11
2020,11,30,14,45,583,868,3.5,26.400000000000002,72.54
2020,11,30,15,0,539,851,3.5,26.3,72.97
2020,11,30,15,15,492,831,3.5,26.200000000000003,73.4
2020,11,30,15,30,443,808,3.5,26.200000000000003,73.4
2020,11,30,15,45,391,778,3.5,26.1,74.76
2020,11,30,16,0,338,743,3.5,26,75.2
2020,11,30,16,15,284,701,3.4000000000000004,25.8,76.09
2020,11,30,16,30,229,649,3.4000000000000004,25.6,77
2020,11,30,16,45,174,584,3.4000000000000004,25.5,79.10000000000001
2020,11,30,17,0,121,497,3.3000000000000003,25.3,80.04
2020,11,30,17,15,72,381,3.3000000000000003,25.1,81
2020,11,30,17,30,31,222,3.4000000000000004,24.900000000000002,81.96000000000001
2020,11,30,17,45,0,0,3.4000000000000004,24.8,81.87
2020,11,30,18,0,0,0,3.4000000000000004,24.6,82.85000000000001
2020,11,30,18,15,0,0,3.4000000000000004,24.5,83.43
2020,11,30,18,30,0,0,3.5,24.5,83.43
2020,11,30,18,45,0,0,3.5,24.5,83.09
2020,11,30,19,0,0,0,3.5,24.400000000000002,83.59
2020,11,30,19,15,0,0,3.5,24.400000000000002,83.59
2020,11,30,19,30,0,0,3.5,24.400000000000002,83.59
2020,11,30,19,45,0,0,3.5,24.400000000000002,83.59
2020,11,30,20,0,0,0,3.6,24.3,83.89
2020,11,30,20,15,0,0,3.6,24.3,83.89
2020,11,30,20,30,0,0,3.6,24.200000000000003,84.39
2020,11,30,20,45,0,0,3.6,24.200000000000003,84.06
2020,11,30,21,0,0,0,3.6,24.200000000000003,84.06
2020,11,30,21,15,0,0,3.6,24.1,84.56
2020,11,30,21,30,0,0,3.6,24.1,84.56
2020,11,30,21,45,0,0,3.6,24.1,84.11
2020,11,30,22,0,0,0,3.6,24.1,84.11
2020,11,30,22,15,0,0,3.5,24,84.61
2020,11,30,22,30,0,0,3.5,24,84.61
2020,11,30,22,45,0,0,3.5,24,84.34
2020,11,30,23,0,0,0,3.4000000000000004,23.900000000000002,84.85000000000001
2020,11,30,23,15,0,0,3.4000000000000004,23.900000000000002,84.85000000000001
2020,11,30,23,30,0,0,3.4000000000000004,23.900000000000002,84.85000000000001
2020,11,30,23,45,0,0,3.3000000000000003,23.900000000000002,84.83
2020,12,1,0,0,0,0,3.3000000000000003,23.8,85.34
2020,12,1,0,15,0,0,3.3000000000000003,23.8,85.34
2020,12,1,0,30,0,0,3.3000000000000003,23.8,85.25
2020,12,1,0,45,0,0,3.3000000000000003,23.8,85.32000000000001
2020,12,1,1,0,0,0,3.3000000000000003,23.700000000000003,85.83
2020,12,1,1,15,0,0,3.3000000000000003,23.700000000000003,85.83
2020,12,1,1,30,0,0,3.2,23.700000000000003,85.83
2020,12,1,1,45,0,0,3.2,23.700000000000003,86.03
2020,12,1,2,0,0,0,3.2,23.700000000000003,86.03
2020,12,1,2,15,0,0,3.2,23.700000000000003,86.03
2020,12,1,2,30,0,0,3.2,23.6,86.54
2020,12,1,2,45,0,0,3.2,23.6,86.68
2020,12,1,3,0,0,0,3.2,23.6,86.68
2020,12,1,3,15,0,0,3.2,23.6,86.68
2020,12,1,3,30,0,0,3.2,23.6,86.68
2020,12,1,3,45,0,0,3.2,23.6,86.8
2020,12,1,4,0,0,0,3.2,23.5,87.32000000000001
2020,12,1,4,15,0,0,3.2,23.6,86.8
2020,12,1,4,30,0,0,3.2,23.6,86.8
2020,12,1,4,45,0,0,3.2,23.6,86.63
2020,12,1,5,0,0,0,3.3000000000000003,23.6,86.63
2020,12,1,5,15,0,0,3.3000000000000003,23.6,86.63
2020,12,1,5,30,0,0,3.3000000000000003,23.6,86.63
2020,12,1,5,45,0,0,3.3000000000000003,23.6,86.41
2020,12,1,6,0,0,0,3.3000000000000003,23.700000000000003,85.89
2020,12,1,6,15,0,0,3.3000000000000003,23.8,85.46000000000001
2020,12,1,6,30,0,0,3.3000000000000003,24,84.44
2020,12,1,6,45,0,0,3.4000000000000004,24.1,85.49
2020,12,1,7,0,40,254,3.4000000000000004,24.3,84.48
2020,12,1,7,15,84,401,3.5,24.5,83.48
2020,12,1,7,30,134,510,3.6,24.8,82
2020,12,1,7,45,188,595,3.7,25,80.65
2020,12,1,8,0,243,658,3.8000000000000003,25.200000000000003,79.7
2020,12,1,8,15,298,708,3.8000000000000003,25.400000000000002,78.76
2020,12,1,8,30,352,748,3.8000000000000003,25.5,78.29
2020,12,1,8,45,406,783,3.9000000000000004,25.6,77.27
2020,12,1,9,0,457,810,3.9000000000000004,25.700000000000003,76.82000000000001
2020,12,1,9,15,506,833,3.9000000000000004,25.8,76.37
2020,12,1,9,30,551,853,3.9000000000000004,25.900000000000002,75.92
2020,12,1,9,45,594,868,3.8000000000000003,26,75.26
2020,12,1,10,0,634,882,3.8000000000000003,26.1,74.82000000000001
2020,12,1,10,15,669,894,3.8000000000000003,26.200000000000003,74.38
2020,12,1,10,30,702,904,3.7,26.3,73.95
2020,12,1,10,45,732,922,3.6,26.400000000000002,73.06
2020,12,1,11,0,756,929,3.6,26.5,72.63
2020,12,1,11,15,777,936,3.5,26.6,72.13
2020,12,1,11,30,792,940,3.4000000000000004,26.700000000000003,71.71000000000001
2020,12,1,11,45,803,941,3.3000000000000003,26.700000000000003,71.08
2020,12,1,12,0,809,942,3.2,26.8,70.66
2020,12,1,12,15,811,943,3.2,26.900000000000002,70.25
2020,12,1,12,30,808,942,3.1,26.900000000000002,70.18
2020,12,1,12,45,800,939,3,26.900000000000002,69.36
2020,12,1,13,0,788,935,2.9000000000000004,27,68.95
2020,12,1,13,15,257,14,2.8000000000000003,27,68.95
2020,12,1,13,30,751,926,2.7,27,68.95
2020,12,1,13,45,725,915,2.7,27,68.16
2020,12,1,14,0,695,907,2.6,27,68.16
2020,12,1,14,15,152,0,2.6,27,68.16
2020,12,1,14,30,625,884,2.5,26.900000000000002,68.55
2020,12,1,14,45,584,867,2.5,26.900000000000002,68.21000000000001
2020,12,1,15,0,539,848,2.5,26.900000000000002,68.21000000000001
2020,12,1,15,15,493,828,2.5,26.8,68.61
2020,12,1,15,30,444,804,2.5,26.700000000000003,69.01
2020,12,1,15,45,392,775,2.5,26.6,70.42
2020,12,1,16,0,339,742,2.4000000000000004,26.5,70.83
2020,12,1,16,15,285,699,2.4000000000000004,26.3,71.67
2020,12,1,16,30,230,646,2.4000000000000004,26.1,72.52
2020,12,1,16,45,175,580,2.4000000000000004,25.900000000000002,75.41
2020,12,1,17,0,122,492,2.4000000000000004,25.700000000000003,76.3
2020,12,1,17,15,72,374,2.4000000000000004,25.5,77.21000000000001
2020,12,1,17,30,31,213,2.5,25.3,78.13
2020,12,1,17,45,0,0,2.5,25,78.59
2020,12,1,18,0,0,0,2.5,24.8,79.61
2020,12,1,18,15,0,0,2.5,24.700000000000003,80.09
2020,12,1,18,30,0,0,2.5,24.700000000000003,80.09
2020,12,1,18,45,0,0,2.6,24.6,80.4
2020,12,1,19,0,0,0,2.6,24.5,80.88
2020,12,1,19,15,0,0,2.6,24.5,80.88
2020,12,1,19,30,0,0,2.6,24.5,80.88
2020,12,1,19,45,0,0,2.6,24.5,80.88
2020,12,1,20,0,0,0,2.7,24.3,81.81
2020,12,1,20,15,0,0,2.7,24.200000000000003,82.3
2020,12,1,20,30,0,0,2.7,24.200000000000003,82.3
2020,12,1,20,45,0,0,2.7,24.1,82.58
2020,12,1,21,0,0,0,2.7,24.1,82.58
2020,12,1,21,15,0,0,2.7,24,83.07000000000001
2020,12,1,21,30,0,0,2.7,24,83.07000000000001
2020,12,1,21,45,0,0,2.7,23.900000000000002,83.36
2020,12,1,22,0,0,0,2.7,23.8,83.86
2020,12,1,22,15,0,0,2.7,23.8,83.86
2020,12,1,22,30,0,0,2.7,23.700000000000003,84.36
2020,12,1,22,45,0,0,2.7,23.700000000000003,84.29
2020,12,1,23,0,0,0,2.7,23.6,84.79
2020,12,1,23,15,0,0,2.7,23.6,84.79
2020,12,1,23,30,0,0,2.7,23.5,85.31
2020,12,1,23,45,0,0,2.7,23.5,85.34
2020,12,2,0,0,0,0,2.7,23.400000000000002,85.85000000000001
2020,12,2,0,15,0,0,2.7,23.400000000000002,85.85000000000001
2020,12,2,0,30,0,0,2.7,23.3,86.37
2020,12,2,0,45,0,0,2.7,23.3,86.42
2020,12,2,1,0,0,0,2.7,23.200000000000003,86.94
2020,12,2,1,15,0,0,2.8000000000000003,23.200000000000003,86.94
2020,12,2,1,30,0,0,2.8000000000000003,23.1,87.47
2020,12,2,1,45,0,0,2.8000000000000003,23.1,87.73
2020,12,2,2,0,0,0,2.8000000000000003,23,88.26
2020,12,2,2,15,0,0,2.8000000000000003,22.900000000000002,88.79
2020,12,2,2,30,0,0,2.8000000000000003,22.900000000000002,88.79
2020,12,2,2,45,0,0,2.8000000000000003,22.8,89.58
2020,12,2,3,0,0,0,2.8000000000000003,22.8,89.49
2020,12,2,3,15,0,0,2.8000000000000003,22.700000000000003,90.03
2020,12,2,3,30,0,0,2.9000000000000004,22.700000000000003,90.03
2020,12,2,3,45,0,0,2.9000000000000004,22.700000000000003,90.16
2020,12,2,4,0,0,0,2.9000000000000004,22.6,90.71000000000001
2020,12,2,4,15,0,0,2.9000000000000004,22.6,90.71000000000001
2020,12,2,4,30,0,0,2.9000000000000004,22.6,90.8
2020,12,2,4,45,0,0,2.9000000000000004,22.6,90.96000000000001
2020,12,2,5,0,0,0,2.9000000000000004,22.6,90.96000000000001
2020,12,2,5,15,0,0,2.9000000000000004,22.700000000000003,90.42
2020,12,2,5,30,0,0,3,22.700000000000003,90.42
2020,12,2,5,45,0,0,3,22.700000000000003,90.52
2020,12,2,6,0,0,0,3,22.700000000000003,90.52
2020,12,2,6,15,0,0,3,22.900000000000002,89.43
2020,12,2,6,30,0,0,3,23.1,88.45
2020,12,2,6,45,0,0,3,23.3,89.83
2020,12,2,7,0,43,340,3,23.5,88.75
2020,12,2,7,15,88,483,3.1,23.8,87.17
2020,12,2,7,30,140,586,3.1,24,86.13
2020,12,2,7,45,196,666,3.2,24.3,85.46000000000001
2020,12,2,8,0,252,725,3.3000000000000003,24.6,84.03
2020,12,2,8,15,308,771,3.3000000000000003,24.700000000000003,83.53
2020,12,2,8,30,362,805,3.3000000000000003,24.900000000000002,82.55
2020,12,2,8,45,415,837,3.3000000000000003,25,82.08
2020,12,2,9,0,467,862,3.3000000000000003,25.1,81.60000000000001
2020,12,2,9,15,426,489,3.3000000000000003,25.3,80.64
2020,12,2,9,30,561,899,3.4000000000000004,25.400000000000002,80.16
2020,12,2,9,45,604,915,3.4000000000000004,25.5,79.96000000000001
2020,12,2,10,0,232,16,3.4000000000000004,25.6,79.49
2020,12,2,10,15,446,210,3.4000000000000004,25.700000000000003,79.02
2020,12,2,10,30,711,945,3.5,25.8,78.55
2020,12,2,10,45,446,147,3.5,25.900000000000002,78.05
2020,12,2,11,0,438,120,3.5,26,77.59
2020,12,2,11,15,782,951,3.6,26.1,77.14
2020,12,2,11,30,798,954,3.6,26.200000000000003,76.61
2020,12,2,11,45,809,958,3.6,26.200000000000003,76.38
2020,12,2,12,0,816,959,3.6,26.3,75.93
2020,12,2,12,15,816,958,3.6,26.3,75.93
2020,12,2,12,30,813,957,3.6,26.400000000000002,75.49
2020,12,2,12,45,805,955,3.6,26.400000000000002,74.94
2020,12,2,13,0,793,952,3.6,26.400000000000002,74.94
2020,12,2,13,15,391,68,3.6,26.400000000000002,74.94
2020,12,2,13,30,756,943,3.6,26.400000000000002,74.94
2020,12,2,13,45,727,915,3.6,26.400000000000002,74.65
2020,12,2,14,0,698,906,3.5,26.400000000000002,74.65
2020,12,2,14,15,665,896,3.5,26.400000000000002,74.57000000000001
2020,12,2,14,30,628,884,3.5,26.400000000000002,74.57000000000001
2020,12,2,14,45,588,873,3.5,26.3,75.01
2020,12,2,15,0,443,444,3.5,26.3,75.01
2020,12,2,15,15,409,455,3.5,26.200000000000003,75.45
2020,12,2,15,30,448,812,3.4000000000000004,26.1,75.9
2020,12,2,15,45,397,791,3.4000000000000004,26,76.96000000000001
2020,12,2,16,0,342,754,3.4000000000000004,26,76.96000000000001
2020,12,2,16,15,288,712,3.3000000000000003,25.8,77.87
2020,12,2,16,30,232,660,3.3000000000000003,25.6,78.8
2020,12,2,16,45,178,601,3.2,25.400000000000002,81.22
2020,12,2,17,0,124,515,3.2,25.200000000000003,82.19
2020,12,2,17,15,74,399,3.2,25,83.17
2020,12,2,17,30,32,239,3.2,24.8,84.16
2020,12,2,17,45,0,0,3.1,24.700000000000003,83.56
2020,12,2,18,0,0,0,3.1,24.5,84.56
2020,12,2,18,15,0,0,3.2,24.5,84.56
2020,12,2,18,30,0,0,3.2,24.400000000000002,85.06
2020,12,2,18,45,0,0,3.2,24.400000000000002,84.8
2020,12,2,19,0,0,0,3.2,24.400000000000002,84.88
2020,12,2,19,15,0,0,3.2,24.400000000000002,84.88
2020,12,2,19,30,0,0,3.2,24.400000000000002,84.88
2020,12,2,19,45,0,0,3.2,24.400000000000002,84.88
2020,12,2,20,0,0,0,3.2,24.3,85.13
2020,12,2,20,15,0,0,3.2,24.3,85.13
2020,12,2,20,30,0,0,3.2,24.200000000000003,85.64
2020,12,2,20,45,0,0,3.2,24.200000000000003,85.41
2020,12,2,21,0,0,0,3.2,24.200000000000003,85.41
2020,12,2,21,15,0,0,3.2,24.200000000000003,85.5
2020,12,2,21,30,0,0,3.2,24.1,86.01
2020,12,2,21,45,0,0,3.2,24.1,85.71000000000001
2020,12,2,22,0,0,0,3.2,24.1,85.71000000000001
2020,12,2,22,15,0,0,3.2,24.1,85.71000000000001
2020,12,2,22,30,0,0,3.2,24,86.22
2020,12,2,22,45,0,0,3.2,24,85.97
2020,12,2,23,0,0,0,3.2,24,85.97
2020,12,2,23,15,0,0,3.2,23.900000000000002,86.48
2020,12,2,23,30,0,0,3.2,23.900000000000002,86.48
2020,12,2,23,45,0,0,3.2,23.900000000000002,86.45
2020,12,3,0,0,0,0,3.2,23.8,86.97
2020,12,3,0,15,0,0,3.2,23.8,86.97
2020,12,3,0,30,0,0,3.2,23.8,86.97
2020,12,3,0,45,0,0,3.2,23.8,87.02
2020,12,3,1,0,0,0,3.2,23.700000000000003,87.54
2020,12,3,1,15,0,0,3.2,23.700000000000003,87.54
2020,12,3,1,30,0,0,3.3000000000000003,23.700000000000003,87.54
2020,12,3,1,45,0,0,3.3000000000000003,23.6,88.15
2020,12,3,2,0,0,0,3.3000000000000003,23.6,88.06
2020,12,3,2,15,0,0,3.3000000000000003,23.6,88.06
2020,12,3,2,30,0,0,3.4000000000000004,23.5,88.59
2020,12,3,2,45,0,0,3.4000000000000004,23.5,88.82000000000001
2020,12,3,3,0,0,0,3.4000000000000004,23.5,88.82000000000001
2020,12,3,3,15,0,0,3.5,23.5,88.82000000000001
2020,12,3,3,30,0,0,3.5,23.5,88.82000000000001
2020,12,3,3,45,0,0,3.5,23.400000000000002,89.58
2020,12,3,4,0,0,0,3.6,23.400000000000002,89.58
2020,12,3,4,15,0,0,3.6,23.400000000000002,89.58
2020,12,3,4,30,0,0,3.7,23.400000000000002,89.58
2020,12,3,4,45,0,0,3.7,23.400000000000002,89.73
2020,12,3,5,0,0,0,3.8000000000000003,23.400000000000002,89.73
2020,12,3,5,15,0,0,3.8000000000000003,23.400000000000002,89.73
2020,12,3,5,30,0,0,3.8000000000000003,23.400000000000002,89.82000000000001
2020,12,3,5,45,0,0,3.8000000000000003,23.400000000000002,89.86
2020,12,3,6,0,0,0,3.8000000000000003,23.400000000000002,89.86
2020,12,3,6,15,0,0,3.9000000000000004,23.5,89.32000000000001
2020,12,3,6,30,0,0,3.9000000000000004,23.6,88.78
2020,12,3,6,45,0,0,3.9000000000000004,23.700000000000003,89.86
2020,12,3,7,0,39,293,3.9000000000000004,23.8,89.32000000000001
2020,12,3,7,15,83,441,4,24,88.26
2020,12,3,7,30,134,548,4.1000000000000005,24.1,87.82000000000001
2020,12,3,7,45,188,629,4.1000000000000005,24.3,88.13
2020,12,3,8,0,243,690,4.2,24.400000000000002,87.60000000000001
2020,12,3,8,15,298,738,4.2,24.6,86.56
2020,12,3,8,30,352,777,4.3,24.700000000000003,86.05
2020,12,3,8,45,406,809,4.3,24.8,84.42
2020,12,3,9,0,457,835,4.3,24.900000000000002,83.92
2020,12,3,9,15,505,857,4.3,25,83.42
2020,12,3,9,30,551,876,4.3,25.200000000000003,82.52
2020,12,3,9,45,594,892,4.3,25.3,80.28
2020,12,3,10,0,634,906,4.3,25.400000000000002,79.8
2020,12,3,10,15,670,917,4.3,25.5,79.33
2020,12,3,10,30,280,25,4.3,25.6,78.78
2020,12,3,10,45,349,54,4.2,25.700000000000003,77.39
2020,12,3,11,0,272,18,4.2,25.8,76.93
2020,12,3,11,15,774,939,4.2,25.900000000000002,76.48
2020,12,3,11,30,789,943,4.2,25.900000000000002,76.48
2020,12,3,11,45,800,947,4.1000000000000005,26,75.52
2020,12,3,12,0,807,948,4.1000000000000005,26,75.52
2020,12,3,12,15,429,83,4,26,75.45
2020,12,3,12,30,808,950,4,26,75.45
2020,12,3,12,45,800,948,4,26.1,74.75
2020,12,3,13,0,789,945,3.9000000000000004,26.1,74.75
2020,12,3,13,15,357,48,3.9000000000000004,26,75.19
2020,12,3,13,30,438,123,3.9000000000000004,26,75.11
2020,12,3,13,45,267,18,3.9000000000000004,26,74.8
2020,12,3,14,0,695,909,3.9000000000000004,26,74.8
2020,12,3,14,15,392,131,3.9000000000000004,25.900000000000002,75.24
2020,12,3,14,30,270,34,3.9000000000000004,25.900000000000002,75.24
2020,12,3,14,45,153,0,3.9000000000000004,25.8,75.49
2020,12,3,15,0,334,156,3.8000000000000003,25.8,75.49
2020,12,3,15,15,350,264,3.8000000000000003,25.700000000000003,75.94
2020,12,3,15,30,238,85,3.8000000000000003,25.6,76.39
2020,12,3,15,45,395,784,3.8000000000000003,25.5,76.98
2020,12,3,16,0,341,750,3.8000000000000003,25.400000000000002,77.44
2020,12,3,16,15,287,708,3.8000000000000003,25.200000000000003,78.36
2020,12,3,16,30,40,0,3.7,25,79.29
2020,12,3,16,45,176,588,3.6,24.8,80.93
2020,12,3,17,0,123,501,3.6,24.6,81.9
2020,12,3,17,15,74,385,3.6,24.5,82.47
2020,12,3,17,30,32,227,3.6,24.3,83.46000000000001
2020,12,3,17,45,0,0,3.6,24.200000000000003,82.93
2020,12,3,18,0,0,0,3.6,24.1,83.42
2020,12,3,18,15,0,0,3.6,24.1,83.42
2020,12,3,18,30,0,0,3.6,24,83.92
2020,12,3,18,45,0,0,3.6,24,82.9
2020,12,3,19,0,0,0,3.6,24,82.98
2020,12,3,19,15,0,0,3.6,24,82.98
2020,12,3,19,30,0,0,3.6,24,82.98
2020,12,3,19,45,0,0,3.6,24,82.98
2020,12,3,20,0,0,0,3.7,23.900000000000002,82.3
2020,12,3,20,15,0,0,3.8000000000000003,23.900000000000002,82.3
2020,12,3,20,30,0,0,3.8000000000000003,23.900000000000002,82.3
2020,12,3,20,45,0,0,3.8000000000000003,23.900000000000002,81.26
2020,12,3,21,0,0,0,3.8000000000000003,23.900000000000002,81.26
2020,12,3,21,15,0,0,3.9000000000000004,23.900000000000002,81.26
2020,12,3,21,30,0,0,3.9000000000000004,23.900000000000002,81.26
2020,12,3,21,45,0,0,3.9000000000000004,23.900000000000002,80.61
2020,12,3,22,0,0,0,4,23.900000000000002,80.61
2020,12,3,22,15,0,0,4,23.900000000000002,80.61
2020,12,3,22,30,0,0,4,23.900000000000002,80.61
2020,12,3,22,45,0,0,4.1000000000000005,23.900000000000002,80.37
2020,12,3,23,0,0,0,4.1000000000000005,23.900000000000002,80.37
2020,12,3,23,15,0,0,4.1000000000000005,23.900000000000002,80.37
2020,12,3,23,30,0,0,4.1000000000000005,23.8,80.85000000000001
2020,12,3,23,45,0,0,4.1000000000000005,23.8,80.91
2020,12,4,0,0,0,0,4.2,23.8,80.91
2020,12,4,0,15,0,0,4.2,23.700000000000003,81.31
2020,12,4,0,30,0,0,4.2,23.700000000000003,81.31
2020,12,4,0,45,0,0,4.2,23.700000000000003,81.62
2020,12,4,1,0,0,0,4.2,23.700000000000003,81.62
2020,12,4,1,15,0,0,4.2,23.6,82.11
2020,12,4,1,30,0,0,4.2,23.6,82.11
2020,12,4,1,45,0,0,4.2,23.6,82.62
2020,12,4,2,0,0,0,4.2,23.5,83.12
2020,12,4,2,15,0,0,4.2,23.5,83.12
2020,12,4,2,30,0,0,4.2,23.5,83.12
2020,12,4,2,45,0,0,4.2,23.400000000000002,84.2
2020,12,4,3,0,0,0,4.2,23.400000000000002,84.2
2020,12,4,3,15,0,0,4.2,23.400000000000002,84.2
2020,12,4,3,30,0,0,4.2,23.400000000000002,84.2
2020,12,4,3,45,0,0,4.2,23.3,85.44
2020,12,4,4,0,0,0,4.2,23.3,85.44
2020,12,4,4,15,0,0,4.2,23.3,85.44
2020,12,4,4,30,0,0,4.2,23.3,85.44
2020,12,4,4,45,0,0,4.2,23.200000000000003,86.49
2020,12,4,5,0,0,0,4.2,23.200000000000003,86.49
2020,12,4,5,15,0,0,4.2,23.200000000000003,86.49
2020,12,4,5,30,0,0,4.1000000000000005,23.200000000000003,86.49
2020,12,4,5,45,0,0,4.1000000000000005,23.200000000000003,86.79
2020,12,4,6,0,0,0,4.1000000000000005,23.1,87.31
2020,12,4,6,15,0,0,4.1000000000000005,23.3,86.27
2020,12,4,6,30,0,0,4.2,23.400000000000002,85.75
2020,12,4,6,45,0,0,4.2,23.5,87.03
2020,12,4,7,0,37,275,4.2,23.6,86.51
2020,12,4,7,15,81,428,4.3,23.8,85.48
2020,12,4,7,30,131,539,4.4,24,84.46000000000001
2020,12,4,7,45,185,621,4.4,24.200000000000003,85.11
2020,12,4,8,0,240,684,4.5,24.400000000000002,84.10000000000001
2020,12,4,8,15,296,733,4.5,24.6,83.10000000000001
2020,12,4,8,30,350,772,4.5,24.700000000000003,82.61
2020,12,4,8,45,403,803,4.5,24.8,81.69
2020,12,4,9,0,453,827,4.5,24.900000000000002,81.2
2020,12,4,9,15,502,850,4.6000000000000005,25.1,80.25
2020,12,4,9,30,127,0,4.6000000000000005,25.200000000000003,79.77
2020,12,4,9,45,185,4,4.6000000000000005,25.3,78.72
2020,12,4,10,0,178,2,4.6000000000000005,25.400000000000002,78.26
2020,12,4,10,15,227,12,4.6000000000000005,25.5,77.72
2020,12,4,10,30,698,915,4.7,25.6,77.26
2020,12,4,10,45,726,915,4.7,25.700000000000003,76.69
2020,12,4,11,0,750,922,4.7,25.8,76.23
2020,12,4,11,15,325,33,4.7,25.900000000000002,75.79
2020,12,4,11,30,786,932,4.7,25.900000000000002,75.79
2020,12,4,11,45,797,932,4.7,26,75.24
2020,12,4,12,0,804,934,4.800000000000001,26,75.17
2020,12,4,12,15,806,934,4.7,26.1,74.73
2020,12,4,12,30,803,934,4.7,26.1,74.73
2020,12,4,12,45,467,124,4.7,26.1,74.4
2020,12,4,13,0,784,927,4.7,26.1,74.33
2020,12,4,13,15,118,0,4.7,26.1,74.33
2020,12,4,13,30,747,917,4.7,26.1,74.33
2020,12,4,13,45,721,903,4.6000000000000005,26.1,73.92
2020,12,4,14,0,692,894,4.6000000000000005,26.1,73.92
2020,12,4,14,15,425,183,4.5,26,74.36
2020,12,4,14,30,621,869,4.5,26,74.36
2020,12,4,14,45,581,856,4.5,26,74.10000000000001
2020,12,4,15,0,260,53,4.4,25.900000000000002,74.46000000000001
2020,12,4,15,15,493,820,4.3,25.8,74.91
2020,12,4,15,30,443,795,4.3,25.700000000000003,75.35000000000001
2020,12,4,15,45,393,773,4.2,25.6,76.11
2020,12,4,16,0,340,738,4.1000000000000005,25.5,76.56
2020,12,4,16,15,285,694,4,25.400000000000002,77.10000000000001
2020,12,4,16,30,230,641,3.9000000000000004,25.200000000000003,78.01
2020,12,4,16,45,176,580,3.8000000000000003,25,79.83
2020,12,4,17,0,123,492,3.7,24.8,80.78
2020,12,4,17,15,54,150,3.7,24.700000000000003,81.26
2020,12,4,17,30,24,63,3.7,24.5,82.24
2020,12,4,17,45,0,0,3.6,24.400000000000002,81.68
2020,12,4,18,0,0,0,3.6,24.200000000000003,82.66
2020,12,4,18,15,0,0,3.6,24.200000000000003,82.66
2020,12,4,18,30,0,0,3.6,24.200000000000003,82.66
2020,12,4,18,45,0,0,3.6,24.200000000000003,82.28
2020,12,4,19,0,0,0,3.6,24.200000000000003,82.28
2020,12,4,19,15,0,0,3.6,24.200000000000003,82.28
2020,12,4,19,30,0,0,3.6,24.200000000000003,82.28
2020,12,4,19,45,0,0,3.6,24.200000000000003,82.28
2020,12,4,20,0,0,0,3.6,24.1,82.59
2020,12,4,20,15,0,0,3.6,24.1,82.59
2020,12,4,20,30,0,0,3.6,24,83.16
2020,12,4,20,45,0,0,3.6,24,82.92
2020,12,4,21,0,0,0,3.6,24,82.92
2020,12,4,21,15,0,0,3.6,24,82.92
2020,12,4,21,30,0,0,3.5,23.900000000000002,83.42
2020,12,4,21,45,0,0,3.5,23.900000000000002,83.14
2020,12,4,22,0,0,0,3.5,23.900000000000002,83.14
2020,12,4,22,15,0,0,3.5,23.900000000000002,83.14
2020,12,4,22,30,0,0,3.4000000000000004,23.8,83.63
2020,12,4,22,45,0,0,3.4000000000000004,23.8,83.41
2020,12,4,23,0,0,0,3.4000000000000004,23.8,83.41
2020,12,4,23,15,0,0,3.4000000000000004,23.700000000000003,83.91
2020,12,4,23,30,0,0,3.3000000000000003,23.700000000000003,83.82000000000001
2020,12,4,23,45,0,0,3.3000000000000003,23.700000000000003,83.56
2020,12,5,0,0,0,0,3.3000000000000003,23.6,84.07000000000001
2020,12,5,0,15,0,0,3.3000000000000003,23.6,84.07000000000001
2020,12,5,0,30,0,0,3.3000000000000003,23.6,84.07000000000001
2020,12,5,0,45,0,0,3.3000000000000003,23.5,84.53
2020,12,5,1,0,0,0,3.2,23.5,84.53
2020,12,5,1,15,0,0,3.2,23.400000000000002,84.95
2020,12,5,1,30,0,0,3.2,23.400000000000002,84.95
2020,12,5,1,45,0,0,3.3000000000000003,23.400000000000002,84.83
2020,12,5,2,0,0,0,3.3000000000000003,23.3,85.35000000000001
2020,12,5,2,15,0,0,3.3000000000000003,23.3,85.35000000000001
2020,12,5,2,30,0,0,3.3000000000000003,23.3,85.35000000000001
2020,12,5,2,45,0,0,3.3000000000000003,23.200000000000003,85.56
2020,12,5,3,0,0,0,3.3000000000000003,23.200000000000003,85.56
2020,12,5,3,15,0,0,3.3000000000000003,23.1,86.08
2020,12,5,3,30,0,0,3.3000000000000003,23.1,85.99
2020,12,5,3,45,0,0,3.3000000000000003,23.1,85.78
2020,12,5,4,0,0,0,3.3000000000000003,23,86.3
2020,12,5,4,15,0,0,3.3000000000000003,23,86.3
2020,12,5,4,30,0,0,3.3000000000000003,23,86.39
2020,12,5,4,45,0,0,3.3000000000000003,23,86.33
2020,12,5,5,0,0,0,3.3000000000000003,23,86.33
2020,12,5,5,15,0,0,3.3000000000000003,23,86.33
2020,12,5,5,30,0,0,3.3000000000000003,23,86.33
2020,12,5,5,45,0,0,3.3000000000000003,23,86.35000000000001
2020,12,5,6,0,0,0,3.3000000000000003,23,86.35000000000001
2020,12,5,6,15,0,0,3.3000000000000003,23.1,85.83
2020,12,5,6,30,0,0,3.3000000000000003,23.3,84.81
2020,12,5,6,45,0,0,3.3000000000000003,23.400000000000002,86.96000000000001
2020,12,5,7,0,19,0,3.3000000000000003,23.6,85.93
2020,12,5,7,15,79,419,3.4000000000000004,23.8,84.9
2020,12,5,7,30,129,530,3.5,24.1,83.39
2020,12,5,7,45,183,616,3.6,24.3,84.14
2020,12,5,8,0,238,680,3.7,24.6,82.65
2020,12,5,8,15,54,0,3.7,24.700000000000003,82.24
2020,12,5,8,30,347,768,3.7,24.8,81.75
2020,12,5,8,45,400,800,3.7,24.900000000000002,80.46000000000001
2020,12,5,9,0,451,827,3.7,25,79.98
2020,12,5,9,15,500,850,3.6,25.1,79.51
2020,12,5,9,30,545,867,3.6,25.200000000000003,79.04
2020,12,5,9,45,587,879,3.6,25.400000000000002,77.41
2020,12,5,10,0,627,893,3.5,25.5,76.96000000000001
2020,12,5,10,15,662,902,3.5,25.6,76.5
2020,12,5,10,30,278,25,3.4000000000000004,25.700000000000003,76.05
2020,12,5,10,45,125,0,3.4000000000000004,25.8,75.61
2020,12,5,11,0,149,0,3.4000000000000004,25.900000000000002,75.17
2020,12,5,11,15,766,934,3.3000000000000003,26,74.73
2020,12,5,11,30,782,938,3.3000000000000003,26,74.73
2020,12,5,11,45,793,939,3.3000000000000003,26.1,74.61
2020,12,5,12,0,186,5,3.2,26.200000000000003,74.09
2020,12,5,12,15,267,14,3.2,26.200000000000003,74.09
2020,12,5,12,30,287,18,3.2,26.3,73.66
2020,12,5,12,45,401,67,3.1,26.3,73.82000000000001
2020,12,5,13,0,156,1,3.1,26.400000000000002,73.31
2020,12,5,13,15,391,70,3.1,26.3,73.74
2020,12,5,13,30,275,19,3.1,26.3,73.74
2020,12,5,13,45,296,28,3.1,26.3,74.08
2020,12,5,14,0,253,17,3.1,26.200000000000003,74.51
2020,12,5,14,15,264,25,3.1,26.200000000000003,74.51
2020,12,5,14,30,295,51,3.1,26.1,74.95
2020,12,5,14,45,582,877,3.1,26.1,75.56
2020,12,5,15,0,539,860,3,26,75.93
2020,12,5,15,15,233,48,3,25.900000000000002,76.38
2020,12,5,15,30,48,0,3,25.8,76.83
2020,12,5,15,45,394,791,3,25.700000000000003,78.29
2020,12,5,16,0,52,0,2.9000000000000004,25.6,78.76
2020,12,5,16,15,38,0,2.9000000000000004,25.5,79.22
2020,12,5,16,30,18,0,2.8000000000000003,25.3,80.17
2020,12,5,16,45,178,602,2.7,25.200000000000003,81.79
2020,12,5,17,0,124,518,2.6,25,82.76
2020,12,5,17,15,75,404,2.6,24.900000000000002,83.26
2020,12,5,17,30,33,246,2.6,24.700000000000003,84.25
2020,12,5,17,45,0,0,2.6,24.5,83.61
2020,12,5,18,0,0,0,2.6,24.400000000000002,84.11
2020,12,5,18,15,0,0,2.6,24.400000000000002,84.11
2020,12,5,18,30,0,0,2.6,24.400000000000002,84.19
2020,12,5,18,45,0,0,2.7,24.3,84.47
2020,12,5,19,0,0,0,2.7,24.3,84.47
2020,12,5,19,15,0,0,2.7,24.3,84.47
2020,12,5,19,30,0,0,2.7,24.3,84.47
2020,12,5,19,45,0,0,2.7,24.3,84.47
2020,12,5,20,0,0,0,2.8000000000000003,24.200000000000003,84.94
2020,12,5,20,15,0,0,2.8000000000000003,24.200000000000003,84.94
2020,12,5,20,30,0,0,2.8000000000000003,24.200000000000003,84.94
2020,12,5,20,45,0,0,2.8000000000000003,24.200000000000003,85.05
2020,12,5,21,0,0,0,2.9000000000000004,24.1,85.56
2020,12,5,21,15,0,0,2.9000000000000004,24.1,85.56
2020,12,5,21,30,0,0,2.9000000000000004,24.1,85.56
2020,12,5,21,45,0,0,2.9000000000000004,24.1,85.87
2020,12,5,22,0,0,0,2.9000000000000004,24,86.38
2020,12,5,22,15,0,0,2.9000000000000004,24,86.38
2020,12,5,22,30,0,0,2.9000000000000004,24,86.38
2020,12,5,22,45,0,0,2.9000000000000004,23.900000000000002,87.45
2020,12,5,23,0,0,0,2.8000000000000003,23.900000000000002,87.45
2020,12,5,23,15,0,0,2.8000000000000003,23.900000000000002,87.45
2020,12,5,23,30,0,0,2.8000000000000003,23.8,87.98
2020,12,5,23,45,0,0,2.8000000000000003,23.8,88.48
2020,12,6,0,0,0,0,2.8000000000000003,23.700000000000003,89.01
2020,12,6,0,15,0,0,2.8000000000000003,23.700000000000003,89.01
2020,12,6,0,30,0,0,2.8000000000000003,23.700000000000003,89.01
2020,12,6,0,45,0,0,2.7,23.6,89.85000000000001
2020,12,6,1,0,0,0,2.7,23.6,89.85000000000001
2020,12,6,1,15,0,0,2.7,23.6,89.85000000000001
2020,12,6,1,30,0,0,2.7,23.5,90.3
2020,12,6,1,45,0,0,2.7,23.5,90.55
2020,12,6,2,0,0,0,2.7,23.5,90.55
2020,12,6,2,15,0,0,2.7,23.400000000000002,91.09
2020,12,6,2,30,0,0,2.7,23.400000000000002,91.09
2020,12,6,2,45,0,0,2.7,23.400000000000002,91.3
2020,12,6,3,0,0,0,2.7,23.3,91.85000000000001
2020,12,6,3,15,0,0,2.7,23.3,91.85000000000001
2020,12,6,3,30,0,0,2.7,23.3,91.85000000000001
2020,12,6,3,45,0,0,2.7,23.200000000000003,92.49
2020,12,6,4,0,0,0,2.7,23.200000000000003,92.49
2020,12,6,4,15,0,0,2.7,23.200000000000003,92.49
2020,12,6,4,30,0,0,2.7,23.200000000000003,92.59
2020,12,6,4,45,0,0,2.7,23.200000000000003,92.87
2020,12,6,5,0,0,0,2.7,23.200000000000003,92.87
2020,12,6,5,15,0,0,2.7,23.200000000000003,92.87
2020,12,6,5,30,0,0,2.7,23.200000000000003,92.87
2020,12,6,5,45,0,0,2.7,23.200000000000003,92.82000000000001
2020,12,6,6,0,0,0,2.7,23.200000000000003,92.82000000000001
2020,12,6,6,15,0,0,2.7,23.3,92.27
2020,12,6,6,30,0,0,2.8000000000000003,23.5,91.16
2020,12,6,6,45,0,0,2.8000000000000003,23.6,93.37
2020,12,6,7,0,35,278,2.8000000000000003,23.8,92.25
2020,12,6,7,15,77,429,2.9000000000000004,23.900000000000002,91.7
2020,12,6,7,30,126,539,2.9000000000000004,24.1,90.61
2020,12,6,7,45,180,623,3,24.3,91.62
2020,12,6,8,0,234,685,3.1,24.5,90.53
2020,12,6,8,15,289,734,3.1,24.6,89.99
2020,12,6,8,30,343,773,3.1,24.700000000000003,89.55
2020,12,6,8,45,395,804,3.1,24.700000000000003,88.75
2020,12,6,9,0,446,831,3.1,24.8,88.22
2020,12,6,9,15,494,853,3.1,25,87.18
2020,12,6,9,30,540,872,3.1,25.1,86.66
2020,12,6,9,45,583,886,3.1,25.200000000000003,85.42
2020,12,6,10,0,623,900,3.1,25.400000000000002,84.41
2020,12,6,10,15,658,909,3.1,25.5,83.91
2020,12,6,10,30,437,169,3.1,25.6,83.34
2020,12,6,10,45,195,5,3.1,25.700000000000003,82.49
2020,12,6,11,0,264,16,3.1,25.900000000000002,81.52
2020,12,6,11,15,761,928,3.1,26,81.05
2020,12,6,11,30,777,932,3.1,26.1,80.57000000000001
2020,12,6,11,45,221,8,3.1,26.1,80.51
2020,12,6,12,0,143,0,3.2,26.200000000000003,79.96000000000001
2020,12,6,12,15,281,17,3.2,26.3,79.49
2020,12,6,12,30,366,45,3.2,26.3,79.49
2020,12,6,12,45,254,13,3.2,26.3,79.29
2020,12,6,13,0,150,0,3.2,26.400000000000002,78.82000000000001
2020,12,6,13,15,347,43,3.2,26.400000000000002,78.74
2020,12,6,13,30,740,920,3.2,26.3,79.21000000000001
2020,12,6,13,45,714,906,3.2,26.3,79.12
2020,12,6,14,0,686,897,3.2,26.3,79.12
2020,12,6,14,15,320,57,3.1,26.200000000000003,79.58
2020,12,6,14,30,305,59,3.1,26.1,80.05
2020,12,6,14,45,201,9,3.1,26,80.83
2020,12,6,15,0,232,31,3.1,26,80.83
2020,12,6,15,15,165,3,3.1,25.8,81.79
2020,12,6,15,30,441,800,3.1,25.700000000000003,82.28
2020,12,6,15,45,62,0,3,25.6,83.74
2020,12,6,16,0,338,740,3,25.5,84.23
2020,12,6,16,15,109,0,2.9000000000000004,25.3,85.24
2020,12,6,16,30,51,0,2.9000000000000004,25.1,86.25
2020,12,6,16,45,175,578,2.8000000000000003,25,88.16
2020,12,6,17,0,123,493,2.7,24.8,89.31
2020,12,6,17,15,74,378,2.7,24.6,90.37
2020,12,6,17,30,33,226,2.7,24.400000000000002,91.46000000000001
2020,12,6,17,45,0,0,2.7,24.3,91.45
2020,12,6,18,0,0,0,2.7,24.1,92.55
2020,12,6,18,15,0,0,2.7,24.1,92.55
2020,12,6,18,30,0,0,2.7,24,93.2
2020,12,6,18,45,0,0,2.8000000000000003,24,93.24
2020,12,6,19,0,0,0,2.8000000000000003,24,93.24
2020,12,6,19,15,0,0,2.8000000000000003,24,93.24
2020,12,6,19,30,0,0,2.8000000000000003,24,93.24
2020,12,6,19,45,0,0,2.8000000000000003,24,93.24
2020,12,6,20,0,0,0,2.8000000000000003,23.8,94.02
2020,12,6,20,15,0,0,2.8000000000000003,23.8,94.02
2020,12,6,20,30,0,0,2.8000000000000003,23.700000000000003,94.59
2020,12,6,20,45,0,0,2.8000000000000003,23.700000000000003,94
2020,12,6,21,0,0,0,2.8000000000000003,23.700000000000003,94
2020,12,6,21,15,0,0,2.8000000000000003,23.6,94.56
2020,12,6,21,30,0,0,2.8000000000000003,23.6,94.56
2020,12,6,21,45,0,0,2.7,23.5,94.79
2020,12,6,22,0,0,0,2.7,23.5,94.79
2020,12,6,22,15,0,0,2.7,23.5,94.79
2020,12,6,22,30,0,0,2.7,23.400000000000002,95.37
2020,12,6,22,45,0,0,2.6,23.400000000000002,95
2020,12,6,23,0,0,0,2.6,23.400000000000002,95
2020,12,6,23,15,0,0,2.6,23.400000000000002,95
2020,12,6,23,30,0,0,2.6,23.3,95.57000000000001
2020,12,6,23,45,0,0,2.6,23.3,95.10000000000001
2020,12,7,0,0,0,0,2.6,23.3,95
2020,12,7,0,15,0,0,2.6,23.3,95
2020,12,7,0,30,0,0,2.6,23.3,95
2020,12,7,0,45,0,0,2.6,23.3,94.68
2020,12,7,1,0,0,0,2.7,23.3,94.68
2020,12,7,1,15,0,0,2.7,23.200000000000003,95.25
2020,12,7,1,30,0,0,2.7,23.200000000000003,95.25
2020,12,7,1,45,0,0,2.7,23.200000000000003,95.29
2020,12,7,2,0,0,0,2.7,23.200000000000003,95.2
2020,12,7,2,15,0,0,2.8000000000000003,23.200000000000003,95.2
2020,12,7,2,30,0,0,2.8000000000000003,23.200000000000003,95.2
2020,12,7,2,45,0,0,2.8000000000000003,23.200000000000003,95.13
2020,12,7,3,0,0,0,2.8000000000000003,23.200000000000003,95.13
2020,12,7,3,15,0,0,2.9000000000000004,23.200000000000003,95.13
2020,12,7,3,30,0,0,2.9000000000000004,23.200000000000003,95.13
2020,12,7,3,45,0,0,2.9000000000000004,23.200000000000003,95.08
2020,12,7,4,0,0,0,2.9000000000000004,23.200000000000003,95.08
2020,12,7,4,15,0,0,2.9000000000000004,23.200000000000003,95.08
2020,12,7,4,30,0,0,3,23.3,94.51
2020,12,7,4,45,0,0,3,23.3,94.36
2020,12,7,5,0,0,0,3,23.3,94.36
2020,12,7,5,15,0,0,3,23.3,94.36
2020,12,7,5,30,0,0,3.1,23.400000000000002,93.8
2020,12,7,5,45,0,0,3.1,23.400000000000002,93.94
2020,12,7,6,0,0,0,3.1,23.400000000000002,93.94
2020,12,7,6,15,0,0,3.2,23.5,93.38
2020,12,7,6,30,0,0,3.3000000000000003,23.6,92.82000000000001
2020,12,7,6,45,0,0,3.3000000000000003,23.8,94.07000000000001
2020,12,7,7,0,33,268,3.4000000000000004,23.900000000000002,93.51
2020,12,7,7,15,74,422,3.5,24,92.95
2020,12,7,7,30,124,533,3.6,24.200000000000003,91.84
2020,12,7,7,45,176,618,3.7,24.3,93.06
2020,12,7,8,0,231,680,3.8000000000000003,24.5,91.95
2020,12,7,8,15,285,730,3.8000000000000003,24.6,91.41
2020,12,7,8,30,339,769,3.8000000000000003,24.700000000000003,90.87
2020,12,7,8,45,391,801,3.8000000000000003,24.900000000000002,89.3
2020,12,7,9,0,137,0,3.9000000000000004,25,88.77
2020,12,7,9,15,490,850,3.9000000000000004,25.1,88.25
2020,12,7,9,30,536,869,3.9000000000000004,25.3,87.21000000000001
2020,12,7,9,45,579,883,3.9000000000000004,25.400000000000002,84.92
2020,12,7,10,0,618,897,3.9000000000000004,25.6,83.92
2020,12,7,10,15,655,910,3.9000000000000004,25.700000000000003,83.35000000000001
2020,12,7,10,30,688,920,3.9000000000000004,25.900000000000002,82.37
2020,12,7,10,45,715,919,3.9000000000000004,26,80.5
2020,12,7,11,0,740,925,3.8000000000000003,26.1,80.03
2020,12,7,11,15,760,931,3.8000000000000003,26.200000000000003,79.56
2020,12,7,11,30,776,935,3.8000000000000003,26.3,79.10000000000001
2020,12,7,11,45,282,18,3.7,26.400000000000002,77.7
2020,12,7,12,0,794,938,3.7,26.5,77.25
2020,12,7,12,15,796,938,3.7,26.5,77.25
2020,12,7,12,30,413,74,3.6,26.6,76.8
2020,12,7,12,45,294,20,3.6,26.6,76.21000000000001
2020,12,7,13,0,386,61,3.5,26.700000000000003,75.68
2020,12,7,13,15,762,928,3.5,26.700000000000003,75.68
2020,12,7,13,30,350,50,3.5,26.700000000000003,75.68
2020,12,7,13,45,717,916,3.4000000000000004,26.700000000000003,75.26
2020,12,7,14,0,299,35,3.4000000000000004,26.700000000000003,75.26
2020,12,7,14,15,160,0,3.4000000000000004,26.6,75.71000000000001
2020,12,7,14,30,243,21,3.4000000000000004,26.6,75.71000000000001
2020,12,7,14,45,581,870,3.3000000000000003,26.6,75.47
2020,12,7,15,0,538,853,3.3000000000000003,26.5,75.91
2020,12,7,15,15,492,834,3.3000000000000003,26.400000000000002,76.36
2020,12,7,15,30,444,810,3.2,26.400000000000002,76.36
2020,12,7,15,45,393,781,3.2,26.3,77.41
2020,12,7,16,0,340,748,3.1,26.200000000000003,77.86
2020,12,7,16,15,286,707,3,26,78.79
2020,12,7,16,30,232,655,2.9000000000000004,25.900000000000002,79.25
2020,12,7,16,45,178,590,2.9000000000000004,25.700000000000003,81.75
2020,12,7,17,0,125,505,2.8000000000000003,25.5,82.72
2020,12,7,17,15,76,391,2.7,25.400000000000002,83.21000000000001
2020,12,7,17,30,34,237,2.7,25.200000000000003,84.21000000000001
2020,12,7,17,45,0,0,2.6,25,84.46000000000001
2020,12,7,18,0,0,0,2.6,24.8,85.47
2020,12,7,18,15,0,0,2.6,24.8,85.55
2020,12,7,18,30,0,0,2.5,24.8,85.55
2020,12,7,18,45,0,0,2.5,24.700000000000003,85.87
2020,12,7,19,0,0,0,2.5,24.700000000000003,85.87
2020,12,7,19,15,0,0,2.5,24.700000000000003,85.87
2020,12,7,19,30,0,0,2.5,24.700000000000003,85.87
2020,12,7,19,45,0,0,2.5,24.700000000000003,85.87
2020,12,7,20,0,0,0,2.4000000000000004,24.5,86.45
2020,12,7,20,15,0,0,2.4000000000000004,24.5,86.45
2020,12,7,20,30,0,0,2.4000000000000004,24.5,86.45
2020,12,7,20,45,0,0,2.3000000000000003,24.5,86.07000000000001
2020,12,7,21,0,0,0,2.3000000000000003,24.400000000000002,86.58
2020,12,7,21,15,0,0,2.3000000000000003,24.400000000000002,86.58
2020,12,7,21,30,0,0,2.3000000000000003,24.400000000000002,86.58
2020,12,7,21,45,0,0,2.2,24.400000000000002,85.92
2020,12,7,22,0,0,0,2.2,24.3,86.43
2020,12,7,22,15,0,0,2.2,24.3,86.43
2020,12,7,22,30,0,0,2.2,24.3,86.43
2020,12,7,22,45,0,0,2.2,24.3,85.72
2020,12,7,23,0,0,0,2.1,24.200000000000003,86.23
2020,12,7,23,15,0,0,2.1,24.200000000000003,86.23
2020,12,7,23,30,0,0,2.1,24.200000000000003,86.23
2020,12,7,23,45,0,0,2.1,24.200000000000003,85.82000000000001
2020,12,8,0,0,0,0,2.1,24.1,86.33
2020,12,8,0,15,0,0,2.1,24.1,86.33
2020,12,8,0,30,0,0,2.1,24.1,86.33
2020,12,8,0,45,0,0,2.1,24.1,86.21000000000001
2020,12,8,1,0,0,0,2.1,24,86.64
2020,12,8,1,15,0,0,2.1,24,86.64
2020,12,8,1,30,0,0,2.2,24,86.64
2020,12,8,1,45,0,0,2.2,24,86.58
2020,12,8,2,0,0,0,2.2,23.900000000000002,87.10000000000001
2020,12,8,2,15,0,0,2.2,23.900000000000002,87.10000000000001
2020,12,8,2,30,0,0,2.2,23.900000000000002,87.10000000000001
2020,12,8,2,45,0,0,2.2,23.900000000000002,86.78
2020,12,8,3,0,0,0,2.2,23.8,87.3
2020,12,8,3,15,0,0,2.3000000000000003,23.8,87.3
2020,12,8,3,30,0,0,2.3000000000000003,23.8,87.3
2020,12,8,3,45,0,0,2.3000000000000003,23.8,87.31
2020,12,8,4,0,0,0,2.3000000000000003,23.700000000000003,87.84
2020,12,8,4,15,0,0,2.3000000000000003,23.700000000000003,87.84
2020,12,8,4,30,0,0,2.4000000000000004,23.700000000000003,87.84
2020,12,8,4,45,0,0,2.4000000000000004,23.700000000000003,87.46000000000001
2020,12,8,5,0,0,0,2.4000000000000004,23.700000000000003,87.46000000000001
2020,12,8,5,15,0,0,2.4000000000000004,23.700000000000003,87.46000000000001
2020,12,8,5,30,0,0,2.4000000000000004,23.700000000000003,87.46000000000001
2020,12,8,5,45,0,0,2.5,23.700000000000003,87
2020,12,8,6,0,0,0,2.5,23.700000000000003,87
2020,12,8,6,15,0,0,2.5,23.8,86.48
2020,12,8,6,30,0,0,2.5,23.900000000000002,85.96000000000001
2020,12,8,6,45,0,0,2.4000000000000004,24.1,87.44
2020,12,8,7,0,31,237,2.4000000000000004,24.200000000000003,86.91
2020,12,8,7,15,72,396,2.5,24.5,85.37
2020,12,8,7,30,122,511,2.5,24.8,83.95
2020,12,8,7,45,174,595,2.6,25,83.43
2020,12,8,8,0,229,661,2.6,25.3,81.96000000000001
2020,12,8,8,15,284,713,2.6,25.400000000000002,81.48
2020,12,8,8,30,338,754,2.6,25.5,81
2020,12,8,8,45,391,788,2.6,25.700000000000003,78.49
2020,12,8,9,0,442,816,2.6,25.8,78.02
2020,12,8,9,15,491,840,2.6,25.900000000000002,77.56
2020,12,8,9,30,538,860,2.6,26,77.11
2020,12,8,9,45,581,878,2.6,26.200000000000003,75.95
2020,12,8,10,0,621,893,2.6,26.3,75.5
2020,12,8,10,15,658,905,2.6,26.400000000000002,75.06
2020,12,8,10,30,691,915,2.6,26.5,74.62
2020,12,8,10,45,720,927,2.6,26.6,74.09
2020,12,8,11,0,745,934,2.6,26.700000000000003,73.66
2020,12,8,11,15,765,939,2.6,26.8,73.23
2020,12,8,11,30,780,941,2.6,26.900000000000002,72.8
2020,12,8,11,45,792,943,2.6,27,72.14
2020,12,8,12,0,799,945,2.5,27.1,71.72
2020,12,8,12,15,801,946,2.5,27.1,71.72
2020,12,8,12,30,799,945,2.5,27.200000000000003,71.3
2020,12,8,12,45,792,942,2.5,27.200000000000003,71.06
2020,12,8,13,0,780,938,2.5,27.200000000000003,70.99
2020,12,8,13,15,764,934,2.5,27.200000000000003,70.99
2020,12,8,13,30,744,928,2.5,27.200000000000003,70.99
2020,12,8,13,45,718,911,2.5,27.200000000000003,70.95
2020,12,8,14,0,690,903,2.5,27.1,71.37
2020,12,8,14,15,656,891,2.5,27.1,71.37
2020,12,8,14,30,620,879,2.4000000000000004,27,71.71000000000001
2020,12,8,14,45,580,861,2.4000000000000004,27,72.29
2020,12,8,15,0,538,844,2.4000000000000004,26.900000000000002,72.71000000000001
2020,12,8,15,15,492,824,2.4000000000000004,26.8,73.14
2020,12,8,15,30,442,798,2.3000000000000003,26.700000000000003,73.57000000000001
2020,12,8,15,45,392,768,2.3000000000000003,26.6,75.25
2020,12,8,16,0,339,733,2.2,26.6,75.25
2020,12,8,16,15,286,692,2.1,26.400000000000002,76.14
2020,12,8,16,30,231,640,2.1,26.200000000000003,77.11
2020,12,8,16,45,176,559,2,26,79.41
2020,12,8,17,0,123,473,1.9000000000000001,25.8,80.35000000000001
2020,12,8,17,15,75,360,1.9000000000000001,25.700000000000003,80.83
2020,12,8,17,30,34,210,1.9000000000000001,25.5,81.79
2020,12,8,17,45,0,0,1.8,25.400000000000002,81.47
2020,12,8,18,0,0,0,1.8,25.200000000000003,82.44
2020,12,8,18,15,0,0,1.8,25.200000000000003,82.44
2020,12,8,18,30,0,0,1.8,25.1,82.93
2020,12,8,18,45,0,0,1.8,25.1,82.36
2020,12,8,19,0,0,0,1.8,25,82.85000000000001
2020,12,8,19,15,0,0,1.8,25,82.85000000000001
2020,12,8,19,30,0,0,1.8,25,82.85000000000001
2020,12,8,19,45,0,0,1.8,25,82.85000000000001
2020,12,8,20,0,0,0,1.8,24.900000000000002,82.64
2020,12,8,20,15,0,0,1.7000000000000002,24.900000000000002,82.64
2020,12,8,20,30,0,0,1.7000000000000002,24.8,83.13
2020,12,8,20,45,0,0,1.7000000000000002,24.8,82.05
2020,12,8,21,0,0,0,1.7000000000000002,24.8,82.05
2020,12,8,21,15,0,0,1.6,24.8,82.05
2020,12,8,21,30,0,0,1.6,24.700000000000003,82.54
2020,12,8,21,45,0,0,1.6,24.700000000000003,81.54
2020,12,8,22,0,0,0,1.5,24.700000000000003,81.54
2020,12,8,22,15,0,0,1.5,24.700000000000003,81.54
2020,12,8,22,30,0,0,1.4000000000000001,24.6,82.03
2020,12,8,22,45,0,0,1.4000000000000001,24.6,81.39
2020,12,8,23,0,0,0,1.3,24.5,81.88
2020,12,8,23,15,0,0,1.3,24.5,81.88
2020,12,8,23,30,0,0,1.3,24.5,81.88
2020,12,8,23,45,0,0,1.2000000000000002,24.400000000000002,82.18
2020,12,9,0,0,0,0,1.2000000000000002,24.400000000000002,82.18
2020,12,9,0,15,0,0,1.2000000000000002,24.400000000000002,82.18
2020,12,9,0,30,0,0,1.2000000000000002,24.400000000000002,82.18
2020,12,9,0,45,0,0,1.1,24.400000000000002,82
2020,12,9,1,0,0,0,1.1,24.3,82.49
2020,12,9,1,15,0,0,1.1,24.3,82.49
2020,12,9,1,30,0,0,1.1,24.3,82.41
2020,12,9,1,45,0,0,1.1,24.3,82.15
2020,12,9,2,0,0,0,1,24.3,82.15
2020,12,9,2,15,0,0,1,24.200000000000003,82.65
2020,12,9,2,30,0,0,1,24.200000000000003,82.65
2020,12,9,2,45,0,0,1,24.200000000000003,82.48
2020,12,9,3,0,0,0,1,24.1,82.98
2020,12,9,3,15,0,0,1,24.1,82.98
2020,12,9,3,30,0,0,1,24,83.48
2020,12,9,3,45,0,0,1.1,24,83.42
2020,12,9,4,0,0,0,1.1,24,83.42
2020,12,9,4,15,0,0,1.1,23.900000000000002,83.92
2020,12,9,4,30,0,0,1.1,23.900000000000002,83.92
2020,12,9,4,45,0,0,1.2000000000000002,23.900000000000002,83.61
2020,12,9,5,0,0,0,1.2000000000000002,23.900000000000002,83.61
2020,12,9,5,15,0,0,1.2000000000000002,23.900000000000002,83.61
2020,12,9,5,30,0,0,1.2000000000000002,23.900000000000002,83.61
2020,12,9,5,45,0,0,1.2000000000000002,23.900000000000002,82.8
2020,12,9,6,0,0,0,1.3,23.900000000000002,82.8
2020,12,9,6,15,0,0,1.2000000000000002,23.900000000000002,82.8
2020,12,9,6,30,0,0,1.2000000000000002,24,82.39
2020,12,9,6,45,0,0,1.2000000000000002,24.1,83.85000000000001
2020,12,9,7,0,31,257,1.2000000000000002,24.200000000000003,83.35000000000001
2020,12,9,7,15,72,414,1.2000000000000002,24.400000000000002,82.36
2020,12,9,7,30,121,529,1.2000000000000002,24.700000000000003,80.9
2020,12,9,7,45,175,617,1.2000000000000002,24.900000000000002,80.76
2020,12,9,8,0,230,681,1.1,25.200000000000003,79.33
2020,12,9,8,15,285,734,1.1,25.3,78.86
2020,12,9,8,30,340,774,1.1,25.400000000000002,78.4
2020,12,9,8,45,393,807,1.1,25.6,73.76
2020,12,9,9,0,445,834,1.1,25.700000000000003,73.33
2020,12,9,9,15,494,857,1.1,25.8,72.9
2020,12,9,9,30,540,876,1.1,26,72.12
2020,12,9,9,45,583,890,1.1,26.1,70.64
2020,12,9,10,0,624,904,1.1,26.200000000000003,70.22
2020,12,9,10,15,660,916,1.2000000000000002,26.3,69.74
2020,12,9,10,30,693,926,1.2000000000000002,26.5,68.93
2020,12,9,10,45,722,930,1.2000000000000002,26.6,68.02
2020,12,9,11,0,747,937,1.3,26.700000000000003,67.62
2020,12,9,11,15,767,943,1.3,26.8,67.23
2020,12,9,11,30,784,947,1.4000000000000001,26.900000000000002,66.84
2020,12,9,11,45,795,947,1.4000000000000001,26.900000000000002,66.81
2020,12,9,12,0,802,949,1.5,27,66.42
2020,12,9,12,15,805,949,1.5,27.1,66.03
2020,12,9,12,30,803,949,1.6,27.1,66.03
2020,12,9,12,45,796,945,1.7000000000000002,27.1,66.37
2020,12,9,13,0,785,942,1.7000000000000002,27.200000000000003,65.99
2020,12,9,13,15,770,938,1.8,27.200000000000003,65.99
2020,12,9,13,30,750,933,1.8,27.200000000000003,65.99
2020,12,9,13,45,725,924,1.9000000000000001,27.200000000000003,66.73
2020,12,9,14,0,697,915,1.9000000000000001,27.200000000000003,66.73
2020,12,9,14,15,664,905,2,27.1,67.12
2020,12,9,14,30,628,894,2,27.1,67.05
2020,12,9,14,45,588,877,2,27,68.3
2020,12,9,15,0,545,860,2.1,27,68.3
2020,12,9,15,15,499,840,2.1,26.900000000000002,68.71000000000001
2020,12,9,15,30,451,817,2.1,26.700000000000003,69.51
2020,12,9,15,45,399,786,2.1,26.6,71.92
2020,12,9,16,0,346,752,2.1,26.5,72.34
2020,12,9,16,15,292,711,2.1,26.3,73.19
2020,12,9,16,30,237,660,2.1,26.1,74.14
2020,12,9,16,45,181,586,2.1,25.900000000000002,77.99
2020,12,9,17,0,128,501,2,25.700000000000003,78.92
2020,12,9,17,15,78,390,2,25.5,79.86
2020,12,9,17,30,36,243,2,25.400000000000002,80.33
2020,12,9,17,45,0,0,2,25.200000000000003,81.59
2020,12,9,18,0,0,0,2,25,82.56
2020,12,9,18,15,0,0,2,24.900000000000002,83.06
2020,12,9,18,30,0,0,2.1,24.8,83.55
2020,12,9,18,45,0,0,2.1,24.700000000000003,84.62
2020,12,9,19,0,0,0,2.1,24.700000000000003,84.62
2020,12,9,19,15,0,0,2.1,24.700000000000003,84.62
2020,12,9,19,30,0,0,2.1,24.700000000000003,84.62
2020,12,9,19,45,0,0,2.1,24.700000000000003,84.62
2020,12,9,20,0,0,0,2.1,24.400000000000002,86.44
2020,12,9,20,15,0,0,2.1,24.3,86.96000000000001
2020,12,9,20,30,0,0,2.1,24.3,86.96000000000001
2020,12,9,20,45,0,0,2.1,24.200000000000003,87.47
2020,12,9,21,0,0,0,2.1,24.200000000000003,87.47
2020,12,9,21,15,0,0,2,24.1,88
2020,12,9,21,30,0,0,2,24.1,88
2020,12,9,21,45,0,0,2,24,88.44
2020,12,9,22,0,0,0,1.9000000000000001,24,88.44
2020,12,9,22,15,0,0,1.9000000000000001,24,88.44
2020,12,9,22,30,0,0,1.9000000000000001,23.900000000000002,88.97
2020,12,9,22,45,0,0,1.8,23.900000000000002,88.58
2020,12,9,23,0,0,0,1.8,23.900000000000002,88.58
2020,12,9,23,15,0,0,1.8,23.900000000000002,88.58
2020,12,9,23,30,0,0,1.8,23.8,89.02
2020,12,9,23,45,0,0,1.8,23.8,88.56
2020,12,10,0,0,0,0,1.8,23.8,88.56
2020,12,10,0,15,0,0,1.8,23.700000000000003,89.10000000000001
2020,12,10,0,30,0,0,1.8,23.700000000000003,89.10000000000001
2020,12,10,0,45,0,0,1.8,23.6,89.27
2020,12,10,1,0,0,0,1.8,23.6,89.27
2020,12,10,1,15,0,0,1.8,23.6,89.27
2020,12,10,1,30,0,0,1.8,23.5,89.72
2020,12,10,1,45,0,0,1.9000000000000001,23.5,89.61
2020,12,10,2,0,0,0,1.9000000000000001,23.400000000000002,90.15
2020,12,10,2,15,0,0,1.9000000000000001,23.400000000000002,90.15
2020,12,10,2,30,0,0,2,23.400000000000002,90.15
2020,12,10,2,45,0,0,2,23.3,90.53
2020,12,10,3,0,0,0,2,23.3,90.53
2020,12,10,3,15,0,0,2.1,23.200000000000003,91.08
2020,12,10,3,30,0,0,2.1,23.200000000000003,91.08
2020,12,10,3,45,0,0,2.1,23.200000000000003,90.85000000000001
2020,12,10,4,0,0,0,2.2,23.1,91.4
2020,12,10,4,15,0,0,2.2,23.1,91.4
2020,12,10,4,30,0,0,2.3000000000000003,23.1,91.4
2020,12,10,4,45,0,0,2.3000000000000003,23.1,91.33
2020,12,10,5,0,0,0,2.4000000000000004,23,91.88
2020,12,10,5,15,0,0,2.4000000000000004,23,91.97
2020,12,10,5,30,0,0,2.5,23,91.97
2020,12,10,5,45,0,0,2.5,23,92.11
2020,12,10,6,0,0,0,2.5,23,92.11
2020,12,10,6,15,0,0,2.6,23.200000000000003,91.01
2020,12,10,6,30,0,0,2.7,23.3,90.46000000000001
2020,12,10,6,45,0,0,2.7,23.5,91.39
2020,12,10,7,0,14,0,2.8000000000000003,23.6,90.85000000000001
2020,12,10,7,15,41,58,2.9000000000000004,23.8,89.76
2020,12,10,7,30,119,541,3,24,88.79
2020,12,10,7,45,171,626,3,24.200000000000003,88.32000000000001
2020,12,10,8,0,226,691,3.1,24.400000000000002,87.28
2020,12,10,8,15,280,741,3.1,24.6,86.24
2020,12,10,8,30,334,780,3.1,24.700000000000003,85.73
2020,12,10,8,45,387,812,3.1,24.8,84.47
2020,12,10,9,0,438,839,3.1,25,83.47
2020,12,10,9,15,200,23,3.1,25.1,82.98
2020,12,10,9,30,532,880,3.1,25.3,82.08
2020,12,10,9,45,575,895,3.1,25.400000000000002,80.84
2020,12,10,10,0,615,908,3.1,25.6,79.89
2020,12,10,10,15,652,920,3.1,25.700000000000003,79.42
2020,12,10,10,30,684,930,3.1,25.8,78.87
2020,12,10,10,45,713,929,3.2,25.900000000000002,77.84
2020,12,10,11,0,738,936,3.2,26,77.38
2020,12,10,11,15,159,1,3.2,26.1,76.93
2020,12,10,11,30,174,3,3.3000000000000003,26.200000000000003,76.48
2020,12,10,11,45,787,947,3.3000000000000003,26.3,75.7
2020,12,10,12,0,165,2,3.3000000000000003,26.400000000000002,75.18
2020,12,10,12,15,798,952,3.3000000000000003,26.400000000000002,75.18
2020,12,10,12,30,342,35,3.4000000000000004,26.5,74.74
2020,12,10,12,45,790,949,3.4000000000000004,26.5,74.3
2020,12,10,13,0,464,132,3.4000000000000004,26.5,74.23
2020,12,10,13,15,764,942,3.4000000000000004,26.6,73.79
2020,12,10,13,30,745,937,3.4000000000000004,26.6,73.79
2020,12,10,13,45,720,924,3.4000000000000004,26.6,73.48
2020,12,10,14,0,692,916,3.4000000000000004,26.6,73.48
2020,12,10,14,15,660,907,3.4000000000000004,26.6,73.48
2020,12,10,14,30,624,895,3.4000000000000004,26.5,73.91
2020,12,10,14,45,585,883,3.4000000000000004,26.5,73.65
2020,12,10,15,0,542,867,3.4000000000000004,26.5,73.65
2020,12,10,15,15,497,848,3.4000000000000004,26.400000000000002,74.08
2020,12,10,15,30,450,827,3.4000000000000004,26.3,74.52
2020,12,10,15,45,399,801,3.4000000000000004,26.3,74.95
2020,12,10,16,0,347,768,3.4000000000000004,26.200000000000003,75.4
2020,12,10,16,15,293,729,3.3000000000000003,26,76.29
2020,12,10,16,30,238,680,3.2,25.8,77.19
2020,12,10,16,45,184,620,3.1,25.6,79.89
2020,12,10,17,0,130,539,3.1,25.400000000000002,80.84
2020,12,10,17,15,80,430,3,25.3,81.32000000000001
2020,12,10,17,30,37,279,3,25.1,82.29
2020,12,10,17,45,0,0,3,24.900000000000002,83.24
2020,12,10,18,0,0,0,3,24.700000000000003,84.32000000000001
2020,12,10,18,15,0,0,3,24.700000000000003,84.32000000000001
2020,12,10,18,30,0,0,3.1,24.6,84.83
2020,12,10,18,45,0,0,3.1,24.6,85.09
2020,12,10,19,0,0,0,3.1,24.6,85.09
2020,12,10,19,15,0,0,3.1,24.6,85.09
2020,12,10,19,30,0,0,3.1,24.6,85.09
2020,12,10,19,45,0,0,3.1,24.6,85.09
2020,12,10,20,0,0,0,3.2,24.400000000000002,86.33
2020,12,10,20,15,0,0,3.2,24.3,86.85000000000001
2020,12,10,20,30,0,0,3.2,24.3,86.85000000000001
2020,12,10,20,45,0,0,3.2,24.3,86.94
2020,12,10,21,0,0,0,3.2,24.200000000000003,87.46000000000001
2020,12,10,21,15,0,0,3.2,24.200000000000003,87.46000000000001
2020,12,10,21,30,0,0,3.2,24.1,87.98
2020,12,10,21,45,0,0,3.2,24.1,87.97
2020,12,10,22,0,0,0,3.2,24.1,87.97
2020,12,10,22,15,0,0,3.2,24,88.49
2020,12,10,22,30,0,0,3.2,24,88.49
2020,12,10,22,45,0,0,3.2,24,88.42
2020,12,10,23,0,0,0,3.2,23.900000000000002,88.95
2020,12,10,23,15,0,0,3.2,23.900000000000002,88.95
2020,12,10,23,30,0,0,3.2,23.900000000000002,88.86
2020,12,10,23,45,0,0,3.2,23.8,89.24
2020,12,11,0,0,0,0,3.2,23.8,89.24
2020,12,11,0,15,0,0,3.2,23.8,89.24
2020,12,11,0,30,0,0,3.2,23.700000000000003,89.77
2020,12,11,0,45,0,0,3.2,23.700000000000003,89.4
2020,12,11,1,0,0,0,3.2,23.700000000000003,89.4
2020,12,11,1,15,0,0,3.2,23.700000000000003,89.4
2020,12,11,1,30,0,0,3.2,23.6,89.84
2020,12,11,1,45,0,0,3.2,23.6,89.33
2020,12,11,2,0,0,0,3.2,23.6,89.33
2020,12,11,2,15,0,0,3.2,23.6,89.33
2020,12,11,2,30,0,0,3.3000000000000003,23.6,89.33
2020,12,11,2,45,0,0,3.3000000000000003,23.6,88.99
2020,12,11,3,0,0,0,3.3000000000000003,23.6,88.99
2020,12,11,3,15,0,0,3.3000000000000003,23.5,89.52
2020,12,11,3,30,0,0,3.3000000000000003,23.5,89.52
2020,12,11,3,45,0,0,3.3000000000000003,23.5,89.35000000000001
2020,12,11,4,0,0,0,3.3000000000000003,23.5,89.35000000000001
2020,12,11,4,15,0,0,3.3000000000000003,23.5,89.35000000000001
2020,12,11,4,30,0,0,3.3000000000000003,23.5,89.35000000000001
2020,12,11,4,45,0,0,3.4000000000000004,23.5,89.52
2020,12,11,5,0,0,0,3.4000000000000004,23.5,89.52
2020,12,11,5,15,0,0,3.4000000000000004,23.5,89.52
2020,12,11,5,30,0,0,3.4000000000000004,23.5,89.52
2020,12,11,5,45,0,0,3.4000000000000004,23.5,89.83
2020,12,11,6,0,0,0,3.4000000000000004,23.5,89.83
2020,12,11,6,15,0,0,3.4000000000000004,23.700000000000003,88.75
2020,12,11,6,30,0,0,3.5,23.8,88.22
2020,12,11,6,45,0,0,3.5,23.900000000000002,89.69
2020,12,11,7,0,27,230,3.5,24.1,88.62
2020,12,11,7,15,67,393,3.6,24.200000000000003,88.09
2020,12,11,7,30,115,512,3.7,24.400000000000002,87.13
2020,12,11,7,45,168,602,3.8000000000000003,24.6,87.63
2020,12,11,8,0,8,0,3.9000000000000004,24.8,86.59
2020,12,11,8,15,277,720,4,24.900000000000002,86.08
2020,12,11,8,30,330,759,4,25,85.57000000000001
2020,12,11,8,45,383,792,4.1000000000000005,25.1,84.69
2020,12,11,9,0,434,820,4.1000000000000005,25.200000000000003,84.19
2020,12,11,9,15,483,844,4.1000000000000005,25.400000000000002,83.2
2020,12,11,9,30,529,863,4.2,25.5,82.71000000000001
2020,12,11,9,45,110,0,4.2,25.6,81.4
2020,12,11,10,0,611,888,4.2,25.700000000000003,80.92
2020,12,11,10,15,647,900,4.3,25.900000000000002,79.97
2020,12,11,10,30,320,49,4.3,26,79.5
2020,12,11,10,45,218,8,4.3,26.1,78.94
2020,12,11,11,0,245,13,4.3,26.200000000000003,78.47
2020,12,11,11,15,752,917,4.3,26.3,78.01
2020,12,11,11,30,769,922,4.3,26.400000000000002,77.48
2020,12,11,11,45,780,921,4.3,26.400000000000002,77.59
2020,12,11,12,0,788,923,4.3,26.5,77.13
2020,12,11,12,15,184,4,4.3,26.5,77.13
2020,12,11,12,30,789,924,4.3,26.6,76.60000000000001
2020,12,11,12,45,327,30,4.3,26.6,76.53
2020,12,11,13,0,419,87,4.3,26.6,76.53
2020,12,11,13,15,291,22,4.2,26.6,76.53
2020,12,11,13,30,737,908,4.2,26.6,76.53
2020,12,11,13,45,522,286,4.2,26.6,76.37
2020,12,11,14,0,686,895,4.2,26.6,76.37
2020,12,11,14,15,654,885,4.1000000000000005,26.5,76.82000000000001
2020,12,11,14,30,618,871,4.1000000000000005,26.400000000000002,77.28
2020,12,11,14,45,580,863,4.1000000000000005,26.3,78.10000000000001
2020,12,11,15,0,538,846,4,26.3,78.10000000000001
2020,12,11,15,15,492,826,4,26.1,79.02
2020,12,11,15,30,444,803,4,26,79.49
2020,12,11,15,45,227,109,3.9000000000000004,25.900000000000002,81.01
2020,12,11,16,0,343,747,3.9000000000000004,25.8,81.49
2020,12,11,16,15,289,706,3.8000000000000003,25.6,82.45
2020,12,11,16,30,235,656,3.8000000000000003,25.400000000000002,83.52
2020,12,11,16,45,181,596,3.7,25.200000000000003,85.99
2020,12,11,17,0,128,513,3.6,25,87.01
2020,12,11,17,15,79,402,3.6,24.900000000000002,87.53
2020,12,11,17,30,37,250,3.6,24.8,88.05
2020,12,11,17,45,0,0,3.6,24.6,89.43
2020,12,11,18,0,0,0,3.6,24.5,89.96000000000001
2020,12,11,18,15,0,0,3.7,24.5,89.96000000000001
2020,12,11,18,30,0,0,3.7,24.400000000000002,90.59
2020,12,11,18,45,0,0,3.7,24.400000000000002,90.65
2020,12,11,19,0,0,0,3.7,24.400000000000002,90.65
2020,12,11,19,15,0,0,3.7,24.400000000000002,90.65
2020,12,11,19,30,0,0,3.7,24.400000000000002,90.65
2020,12,11,19,45,0,0,3.7,24.400000000000002,90.65
2020,12,11,20,0,0,0,3.7,24.3,91.2
2020,12,11,20,15,0,0,3.7,24.3,91.29
2020,12,11,20,30,0,0,3.7,24.200000000000003,91.84
2020,12,11,20,45,0,0,3.7,24.200000000000003,91.99
2020,12,11,21,0,0,0,3.7,24.200000000000003,91.99
2020,12,11,21,15,0,0,3.7,24.200000000000003,91.99
2020,12,11,21,30,0,0,3.7,24.200000000000003,91.99
2020,12,11,21,45,0,0,3.7,24.200000000000003,92
2020,12,11,22,0,0,0,3.6,24.1,92.55
2020,12,11,22,15,0,0,3.6,24.1,92.55
2020,12,11,22,30,0,0,3.6,24.1,92.55
2020,12,11,22,45,0,0,3.6,24.1,92.54
2020,12,11,23,0,0,0,3.6,24.1,92.54
2020,12,11,23,15,0,0,3.6,24,93.10000000000001
2020,12,11,23,30,0,0,3.6,24,93.10000000000001
2020,12,11,23,45,0,0,3.6,24,93.10000000000001
2020,12,12,0,0,0,0,3.6,24,93.10000000000001
2020,12,12,0,15,0,0,3.6,23.900000000000002,93.65
2020,12,12,0,30,0,0,3.6,23.900000000000002,93.65
2020,12,12,0,45,0,0,3.6,23.900000000000002,93.81
2020,12,12,1,0,0,0,3.6,23.900000000000002,93.81
2020,12,12,1,15,0,0,3.7,23.900000000000002,93.81
2020,12,12,1,30,0,0,3.7,23.900000000000002,93.81
2020,12,12,1,45,0,0,3.7,23.900000000000002,93.89
2020,12,12,2,0,0,0,3.7,23.900000000000002,93.89
2020,12,12,2,15,0,0,3.8000000000000003,23.900000000000002,93.89
2020,12,12,2,30,0,0,3.8000000000000003,23.900000000000002,93.89
2020,12,12,2,45,0,0,3.8000000000000003,23.900000000000002,93.82000000000001
2020,12,12,3,0,0,0,3.8000000000000003,23.900000000000002,93.82000000000001
2020,12,12,3,15,0,0,3.8000000000000003,23.900000000000002,93.82000000000001
2020,12,12,3,30,0,0,3.8000000000000003,23.900000000000002,93.82000000000001
2020,12,12,3,45,0,0,3.8000000000000003,23.900000000000002,93.81
2020,12,12,4,0,0,0,3.8000000000000003,23.900000000000002,93.81
2020,12,12,4,15,0,0,3.8000000000000003,23.900000000000002,93.81
2020,12,12,4,30,0,0,3.9000000000000004,23.900000000000002,93.81
2020,12,12,4,45,0,0,3.9000000000000004,23.900000000000002,93.61
2020,12,12,5,0,0,0,3.9000000000000004,23.900000000000002,93.61
2020,12,12,5,15,0,0,3.9000000000000004,23.900000000000002,93.61
2020,12,12,5,30,0,0,3.9000000000000004,23.900000000000002,93.71000000000001
2020,12,12,5,45,0,0,3.9000000000000004,23.900000000000002,93.45
2020,12,12,6,0,0,0,3.9000000000000004,24,92.89
2020,12,12,6,15,0,0,4,24,92.89
2020,12,12,6,30,0,0,4,24.1,92.34
2020,12,12,6,45,0,0,4,24.200000000000003,92.66
2020,12,12,7,0,11,0,4.1000000000000005,24.3,92.11
2020,12,12,7,15,62,338,4.2,24.400000000000002,91.66
2020,12,12,7,30,109,462,4.2,24.6,90.57000000000001
2020,12,12,7,45,161,554,4.3,24.700000000000003,90.88
2020,12,12,8,0,35,0,4.4,24.900000000000002,89.81
2020,12,12,8,15,90,0,4.5,25,89.28
2020,12,12,8,30,136,15,4.5,25.1,88.75
2020,12,12,8,45,118,0,4.6000000000000005,25.3,86.79
2020,12,12,9,0,424,787,4.6000000000000005,25.400000000000002,86.28
2020,12,12,9,15,227,48,4.6000000000000005,25.5,85.77
2020,12,12,9,30,519,833,4.6000000000000005,25.700000000000003,84.76
2020,12,12,9,45,561,848,4.7,25.8,83.10000000000001
2020,12,12,10,0,370,146,4.7,25.900000000000002,82.61
2020,12,12,10,15,638,876,4.6000000000000005,26,82.12
2020,12,12,10,30,671,887,4.6000000000000005,26.1,81.64
2020,12,12,10,45,701,901,4.6000000000000005,26.200000000000003,80.42
2020,12,12,11,0,726,908,4.5,26.3,79.95
2020,12,12,11,15,417,97,4.5,26.3,79.87
2020,12,12,11,30,763,918,4.4,26.400000000000002,79.4
2020,12,12,11,45,775,921,4.3,26.400000000000002,79.06
2020,12,12,12,0,783,923,4.3,26.5,78.60000000000001
2020,12,12,12,15,786,924,4.2,26.5,78.60000000000001
2020,12,12,12,30,784,924,4.1000000000000005,26.5,78.52
2020,12,12,12,45,386,59,4,26.6,77.85000000000001
2020,12,12,13,0,121,0,4,26.6,77.85000000000001
2020,12,12,13,15,430,105,3.9000000000000004,26.6,77.85000000000001
2020,12,12,13,30,735,912,3.8000000000000003,26.6,77.85000000000001
2020,12,12,13,45,711,901,3.8000000000000003,26.5,78
2020,12,12,14,0,683,892,3.7,26.5,78
2020,12,12,14,15,652,882,3.6,26.5,78
2020,12,12,14,30,28,0,3.6,26.5,78
2020,12,12,14,45,180,3,3.5,26.400000000000002,78.42
2020,12,12,15,0,536,840,3.4000000000000004,26.400000000000002,78.42
2020,12,12,15,15,491,820,3.4000000000000004,26.3,78.88
2020,12,12,15,30,443,796,3.3000000000000003,26.200000000000003,79.35000000000001
2020,12,12,15,45,393,769,3.3000000000000003,26.1,80.48
2020,12,12,16,0,341,735,3.2,26,80.96000000000001
2020,12,12,16,15,244,430,3.1,25.900000000000002,81.43
2020,12,12,16,30,81,0,3.1,25.700000000000003,82.4
2020,12,12,16,45,94,43,3,25.5,84.74
2020,12,12,17,0,103,264,2.9000000000000004,25.3,85.75
2020,12,12,17,15,79,383,2.9000000000000004,25.200000000000003,86.26
2020,12,12,17,30,37,233,3,25.1,86.77
2020,12,12,17,45,0,0,3,25,87.42
2020,12,12,18,0,0,0,3,24.8,88.47
2020,12,12,18,15,0,0,3,24.8,88.47
2020,12,12,18,30,0,0,3.1,24.8,88.47
2020,12,12,18,45,0,0,3.1,24.700000000000003,89.38
2020,12,12,19,0,0,0,3.1,24.700000000000003,89.38
2020,12,12,19,15,0,0,3.1,24.700000000000003,89.38
2020,12,12,19,30,0,0,3.1,24.700000000000003,89.38
2020,12,12,19,45,0,0,3.1,24.700000000000003,89.38
2020,12,12,20,0,0,0,3.2,24.6,90.42
2020,12,12,20,15,0,0,3.2,24.5,90.96000000000001
2020,12,12,20,30,0,0,3.3000000000000003,24.5,90.96000000000001
2020,12,12,20,45,0,0,3.3000000000000003,24.5,91.26
2020,12,12,21,0,0,0,3.3000000000000003,24.400000000000002,91.81
2020,12,12,21,15,0,0,3.3000000000000003,24.400000000000002,91.81
2020,12,12,21,30,0,0,3.3000000000000003,24.400000000000002,91.81
2020,12,12,21,45,0,0,3.3000000000000003,24.3,92.41
2020,12,12,22,0,0,0,3.3000000000000003,24.3,92.41
2020,12,12,22,15,0,0,3.3000000000000003,24.200000000000003,92.97
2020,12,12,22,30,0,0,3.2,24.200000000000003,92.97
2020,12,12,22,45,0,0,3.2,24.1,93.44
2020,12,12,23,0,0,0,3.2,24.1,93.44
2020,12,12,23,15,0,0,3.2,24,94
2020,12,12,23,30,0,0,3.2,24,94
2020,12,12,23,45,0,0,3.2,23.900000000000002,94.17
2020,12,13,0,0,0,0,3.1,23.900000000000002,94.08
2020,12,13,0,15,0,0,3.1,23.900000000000002,94.08
2020,12,13,0,30,0,0,3.1,23.900000000000002,94.08
2020,12,13,0,45,0,0,3.1,23.900000000000002,93.64
2020,12,13,1,0,0,0,3,23.900000000000002,93.64
2020,12,13,1,15,0,0,3,23.8,94.2
2020,12,13,1,30,0,0,2.9000000000000004,23.8,94.2
2020,12,13,1,45,0,0,2.9000000000000004,23.8,93.41
2020,12,13,2,0,0,0,2.9000000000000004,23.700000000000003,93.88
2020,12,13,2,15,0,0,2.8000000000000003,23.700000000000003,93.88
2020,12,13,2,30,0,0,2.8000000000000003,23.700000000000003,93.88
2020,12,13,2,45,0,0,2.7,23.6,93.7
2020,12,13,3,0,0,0,2.7,23.6,93.7
2020,12,13,3,15,0,0,2.7,23.6,93.7
2020,12,13,3,30,0,0,2.6,23.6,93.7
2020,12,13,3,45,0,0,2.6,23.6,93.03
2020,12,13,4,0,0,0,2.6,23.5,93.59
2020,12,13,4,15,0,0,2.6,23.5,93.59
2020,12,13,4,30,0,0,2.5,23.5,93.59
2020,12,13,4,45,0,0,2.5,23.5,93.15
2020,12,13,5,0,0,0,2.5,23.5,93.15
2020,12,13,5,15,0,0,2.5,23.5,93.15
2020,12,13,5,30,0,0,2.5,23.5,93.15
2020,12,13,5,45,0,0,2.5,23.5,92.53
2020,12,13,6,0,0,0,2.5,23.5,92.53
2020,12,13,6,15,0,0,2.5,23.700000000000003,91.43
2020,12,13,6,30,0,0,2.5,23.8,90.98
2020,12,13,6,45,0,0,2.5,24,92.17
2020,12,13,7,0,25,218,2.5,24.1,91.62
2020,12,13,7,15,63,384,2.6,24.3,90.53
2020,12,13,7,30,110,504,2.6,24.5,89.46000000000001
2020,12,13,7,45,163,597,2.7,24.700000000000003,89.8
2020,12,13,8,0,216,664,2.8000000000000003,24.900000000000002,88.74
2020,12,13,8,15,270,716,2.8000000000000003,25,88.21000000000001
2020,12,13,8,30,324,757,2.8000000000000003,25.1,87.69
2020,12,13,8,45,376,793,2.9000000000000004,25.200000000000003,85.66
2020,12,13,9,0,427,821,2.9000000000000004,25.3,85.15
2020,12,13,9,15,476,844,2.9000000000000004,25.5,84.15
2020,12,13,9,30,522,864,2.9000000000000004,25.6,83.65
2020,12,13,9,45,565,880,2.9000000000000004,25.8,81.88
2020,12,13,10,0,606,895,2.9000000000000004,25.900000000000002,81.4
2020,12,13,10,15,642,907,2.9000000000000004,26,80.92
2020,12,13,10,30,676,917,2.9000000000000004,26.200000000000003,79.97
2020,12,13,10,45,703,911,2.9000000000000004,26.3,79.07000000000001
2020,12,13,11,0,728,918,2.9000000000000004,26.5,78.15
2020,12,13,11,15,749,924,2.9000000000000004,26.5,78.07000000000001
2020,12,13,11,30,765,928,2.9000000000000004,26.6,77.61
2020,12,13,11,45,778,932,2.9000000000000004,26.700000000000003,76.98
2020,12,13,12,0,785,934,2.9000000000000004,26.8,76.53
2020,12,13,12,15,789,934,2.9000000000000004,26.900000000000002,76.08
2020,12,13,12,30,786,933,2.8000000000000003,26.900000000000002,76
2020,12,13,12,45,780,931,2.8000000000000003,27,75.47
2020,12,13,13,0,770,928,2.8000000000000003,27,75.47
2020,12,13,13,15,755,924,2.8000000000000003,27,75.47
2020,12,13,13,30,736,919,2.8000000000000003,27,75.47
2020,12,13,13,45,714,918,2.8000000000000003,27,75.52
2020,12,13,14,0,686,910,2.8000000000000003,27.1,75.01
2020,12,13,14,15,654,899,2.8000000000000003,27,75.45
2020,12,13,14,30,619,888,2.8000000000000003,27,75.45
2020,12,13,14,45,580,872,2.7,26.900000000000002,75.83
2020,12,13,15,0,539,856,2.7,26.900000000000002,75.83
2020,12,13,15,15,494,837,2.7,26.8,76.27
2020,12,13,15,30,446,815,2.7,26.700000000000003,76.72
2020,12,13,15,45,396,786,2.7,26.6,77.94
2020,12,13,16,0,344,753,2.7,26.6,77.94
2020,12,13,16,15,291,714,2.7,26.400000000000002,78.86
2020,12,13,16,30,237,665,2.7,26.200000000000003,79.87
2020,12,13,16,45,182,599,2.7,26,83.33
2020,12,13,17,0,130,518,2.6,25.8,84.32000000000001
2020,12,13,17,15,81,410,2.7,25.6,85.32000000000001
2020,12,13,17,30,38,262,2.7,25.400000000000002,86.33
2020,12,13,17,45,0,0,2.8000000000000003,25.200000000000003,87.25
2020,12,13,18,0,0,0,2.8000000000000003,25.1,87.77
2020,12,13,18,15,0,0,2.9000000000000004,25,88.29
2020,12,13,18,30,0,0,2.9000000000000004,25,88.29
2020,12,13,18,45,0,0,3,25,88.67
2020,12,13,19,0,0,0,3,24.900000000000002,89.2
2020,12,13,19,15,0,0,3,24.900000000000002,89.2
2020,12,13,19,30,0,0,3,24.900000000000002,89.2
2020,12,13,19,45,0,0,3,24.900000000000002,89.2
2020,12,13,20,0,0,0,3.1,24.700000000000003,90.47
2020,12,13,20,15,0,0,3.1,24.700000000000003,90.47
2020,12,13,20,30,0,0,3.1,24.6,91.01
2020,12,13,20,45,0,0,3.1,24.6,90.88
2020,12,13,21,0,0,0,3.1,24.5,91.43
2020,12,13,21,15,0,0,3.2,24.5,91.43
2020,12,13,21,30,0,0,3.2,24.400000000000002,91.97
2020,12,13,21,45,0,0,3.2,24.3,91.99
2020,12,13,22,0,0,0,3.2,24.3,91.99
2020,12,13,22,15,0,0,3.2,24.200000000000003,92.55
2020,12,13,22,30,0,0,3.2,24.200000000000003,92.55
2020,12,13,22,45,0,0,3.2,24.200000000000003,92.25
2020,12,13,23,0,0,0,3.2,24.1,92.8
2020,12,13,23,15,0,0,3.1,24.1,92.8
2020,12,13,23,30,0,0,3.1,24.1,92.8
2020,12,13,23,45,0,0,3.1,24,93.08
2020,12,14,0,0,0,0,3.1,24,93.08
2020,12,14,0,15,0,0,3.1,24,93.08
2020,12,14,0,30,0,0,3.1,24,92.98
2020,12,14,0,45,0,0,3.1,23.900000000000002,93.37
2020,12,14,1,0,0,0,3.1,23.900000000000002,93.37
2020,12,14,1,15,0,0,3.1,23.900000000000002,93.37
2020,12,14,1,30,0,0,3.1,23.900000000000002,93.37
2020,12,14,1,45,0,0,3.1,23.8,93.57000000000001
2020,12,14,2,0,0,0,3.1,23.8,93.57000000000001
2020,12,14,2,15,0,0,3.1,23.8,93.57000000000001
2020,12,14,2,30,0,0,3.1,23.8,93.57000000000001
2020,12,14,2,45,0,0,3.2,23.700000000000003,93.77
2020,12,14,3,0,0,0,3.2,23.700000000000003,93.77
2020,12,14,3,15,0,0,3.2,23.700000000000003,93.77
2020,12,14,3,30,0,0,3.2,23.6,94.33
2020,12,14,3,45,0,0,3.2,23.6,94.2
2020,12,14,4,0,0,0,3.2,23.6,94.2
2020,12,14,4,15,0,0,3.2,23.6,94.29
2020,12,14,4,30,0,0,3.3000000000000003,23.6,94.29
2020,12,14,4,45,0,0,3.3000000000000003,23.6,94
2020,12,14,5,0,0,0,3.3000000000000003,23.6,94
2020,12,14,5,15,0,0,3.3000000000000003,23.6,94
2020,12,14,5,30,0,0,3.3000000000000003,23.6,94
2020,12,14,5,45,0,0,3.3000000000000003,23.6,93.63
2020,12,14,6,0,0,0,3.3000000000000003,23.6,93.63
2020,12,14,6,15,0,0,3.4000000000000004,23.700000000000003,93.07000000000001
2020,12,14,6,30,0,0,3.4000000000000004,23.8,92.51
2020,12,14,6,45,0,0,3.4000000000000004,23.900000000000002,93.60000000000001
2020,12,14,7,0,23,195,3.5,24,93.04
2020,12,14,7,15,61,365,3.5,24.200000000000003,91.93
2020,12,14,7,30,108,490,3.6,24.400000000000002,90.84
2020,12,14,7,45,160,581,3.6,24.5,91.46000000000001
2020,12,14,8,0,214,651,3.7,24.700000000000003,90.38
2020,12,14,8,15,268,705,3.7,24.8,89.85000000000001
2020,12,14,8,30,322,748,3.7,25,88.78
2020,12,14,8,45,375,783,3.7,25.1,87.28
2020,12,14,9,0,426,812,3.7,25.200000000000003,86.85000000000001
2020,12,14,9,15,474,836,3.7,25.400000000000002,85.74
2020,12,14,9,30,521,856,3.6,25.5,85.23
2020,12,14,9,45,564,874,3.6,25.700000000000003,82.84
2020,12,14,10,0,604,888,3.6,25.8,82.35000000000001
2020,12,14,10,15,641,900,3.6,25.900000000000002,81.86
2020,12,14,10,30,674,911,3.6,26,81.38
2020,12,14,10,45,704,921,3.5,26.1,79.72
2020,12,14,11,0,729,928,3.5,26.3,78.79
2020,12,14,11,15,750,934,3.5,26.3,78.79
2020,12,14,11,30,767,939,3.5,26.400000000000002,78.25
2020,12,14,11,45,780,941,3.4000000000000004,26.5,77.24
2020,12,14,12,0,787,943,3.4000000000000004,26.5,77.24
2020,12,14,12,15,791,944,3.4000000000000004,26.5,77.24
2020,12,14,12,30,790,944,3.3000000000000003,26.6,76.71000000000001
2020,12,14,12,45,315,27,3.3000000000000003,26.6,76.3
2020,12,14,13,0,185,4,3.2,26.6,76.3
2020,12,14,13,15,336,39,3.2,26.6,76.3
2020,12,14,13,30,342,46,3.1,26.6,76.3
2020,12,14,13,45,147,0,3.1,26.5,76.22
2020,12,14,14,0,95,0,3,26.5,76.22
2020,12,14,14,15,336,70,3,26.5,76.22
2020,12,14,14,30,28,0,3,26.5,76.22
2020,12,14,14,45,584,879,3,26.400000000000002,76.85000000000001
2020,12,14,15,0,543,863,2.9000000000000004,26.400000000000002,76.85000000000001
2020,12,14,15,15,112,0,2.9000000000000004,26.3,77.3
2020,12,14,15,30,221,56,2.9000000000000004,26.200000000000003,77.76
2020,12,14,15,45,67,0,2.9000000000000004,26.1,79
2020,12,14,16,0,71,0,2.9000000000000004,26,79.46000000000001
2020,12,14,16,15,11,0,2.8000000000000003,25.900000000000002,79.93
2020,12,14,16,30,8,0,2.8000000000000003,25.700000000000003,80.88
2020,12,14,16,45,186,614,2.8000000000000003,25.5,83.77
2020,12,14,17,0,133,534,2.7,25.3,84.77
2020,12,14,17,15,84,427,2.8000000000000003,25.1,85.78
2020,12,14,17,30,40,280,2.8000000000000003,24.900000000000002,86.89
2020,12,14,17,45,0,0,2.8000000000000003,24.700000000000003,87.31
2020,12,14,18,0,0,0,2.8000000000000003,24.6,87.83
2020,12,14,18,15,0,0,2.9000000000000004,24.5,88.36
2020,12,14,18,30,0,0,2.9000000000000004,24.400000000000002,88.89
2020,12,14,18,45,0,0,2.9000000000000004,24.400000000000002,88.49
2020,12,14,19,0,0,0,3,24.3,89.02
2020,12,14,19,15,0,0,3,24.3,89.02
2020,12,14,19,30,0,0,3,24.3,89.02
2020,12,14,19,45,0,0,3,24.3,89.02
2020,12,14,20,0,0,0,3,24.1,89.77
2020,12,14,20,15,0,0,3,24.1,89.77
2020,12,14,20,30,0,0,3,24.1,89.77
2020,12,14,20,45,0,0,3,24.1,89.29
2020,12,14,21,0,0,0,3,24.1,89.29
2020,12,14,21,15,0,0,3,24,89.82000000000001
2020,12,14,21,30,0,0,3,24,89.82000000000001
2020,12,14,21,45,0,0,3,24,89.07000000000001
2020,12,14,22,0,0,0,3,23.900000000000002,89.60000000000001
2020,12,14,22,15,0,0,3,23.900000000000002,89.60000000000001
2020,12,14,22,30,0,0,3,23.900000000000002,89.60000000000001
2020,12,14,22,45,0,0,3,23.8,89.61
2020,12,14,23,0,0,0,3,23.8,89.61
2020,12,14,23,15,0,0,3,23.8,89.61
2020,12,14,23,30,0,0,3,23.8,89.61
2020,12,14,23,45,0,0,3,23.700000000000003,89.74
2020,12,15,0,0,0,0,3,23.700000000000003,89.74
2020,12,15,0,15,0,0,3.1,23.700000000000003,89.65
2020,12,15,0,30,0,0,3.1,23.700000000000003,89.65
2020,12,15,0,45,0,0,3.1,23.6,89.71000000000001
2020,12,15,1,0,0,0,3.2,23.6,89.71000000000001
2020,12,15,1,15,0,0,3.2,23.6,89.71000000000001
2020,12,15,1,30,0,0,3.3000000000000003,23.6,89.71000000000001
2020,12,15,1,45,0,0,3.3000000000000003,23.5,89.77
2020,12,15,2,0,0,0,3.3000000000000003,23.5,89.77
2020,12,15,2,15,0,0,3.4000000000000004,23.5,89.77
2020,12,15,2,30,0,0,3.4000000000000004,23.5,89.77
2020,12,15,2,45,0,0,3.4000000000000004,23.5,89.04
2020,12,15,3,0,0,0,3.5,23.400000000000002,89.57000000000001
2020,12,15,3,15,0,0,3.5,23.400000000000002,89.57000000000001
2020,12,15,3,30,0,0,3.5,23.400000000000002,89.57000000000001
2020,12,15,3,45,0,0,3.5,23.400000000000002,88.69
2020,12,15,4,0,0,0,3.6,23.400000000000002,88.69
2020,12,15,4,15,0,0,3.6,23.400000000000002,88.69
2020,12,15,4,30,0,0,3.6,23.3,89.23
2020,12,15,4,45,0,0,3.6,23.3,87.98
2020,12,15,5,0,0,0,3.6,23.3,87.98
2020,12,15,5,15,0,0,3.6,23.3,88.07000000000001
2020,12,15,5,30,0,0,3.5,23.3,88.07000000000001
2020,12,15,5,45,0,0,3.5,23.3,86.44
2020,12,15,6,0,0,0,3.5,23.3,86.44
2020,12,15,6,15,0,0,3.5,23.400000000000002,85.92
2020,12,15,6,30,0,0,3.5,23.5,85.41
2020,12,15,6,45,0,0,3.4000000000000004,23.700000000000003,85.04
2020,12,15,7,0,24,244,3.4000000000000004,23.8,84.53
2020,12,15,7,15,64,422,3.5,24,83.52
2020,12,15,7,30,113,546,3.5,24.3,82.12
2020,12,15,7,45,167,637,3.5,24.5,81.01
2020,12,15,8,0,223,707,3.6,24.8,79.57000000000001
2020,12,15,8,15,279,759,3.5,24.900000000000002,79.10000000000001
2020,12,15,8,30,334,800,3.5,25.1,78.17
2020,12,15,8,45,388,834,3.4000000000000004,25.3,74.88
2020,12,15,9,0,440,861,3.4000000000000004,25.400000000000002,74.44
2020,12,15,9,15,491,884,3.3000000000000003,25.5,74
2020,12,15,9,30,538,904,3.3000000000000003,25.700000000000003,73.13
2020,12,15,9,45,583,920,3.2,25.8,71.29
2020,12,15,10,0,626,936,3.2,26,70.45
2020,12,15,10,15,662,945,3.1,26.1,70.04
2020,12,15,10,30,696,955,3,26.200000000000003,69.63
2020,12,15,10,45,726,959,3,26.3,68.72
2020,12,15,11,0,752,966,2.9000000000000004,26.400000000000002,68.25
2020,12,15,11,15,773,972,2.9000000000000004,26.5,67.85
2020,12,15,11,30,791,976,2.8000000000000003,26.5,67.85
2020,12,15,11,45,803,979,2.8000000000000003,26.6,67.64
2020,12,15,12,0,810,978,2.8000000000000003,26.700000000000003,67.18
2020,12,15,12,15,813,979,2.8000000000000003,26.700000000000003,67.18
2020,12,15,12,30,812,978,2.8000000000000003,26.8,66.79
2020,12,15,12,45,807,977,2.8000000000000003,26.8,67.38
2020,12,15,13,0,794,972,2.8000000000000003,26.8,67.38
2020,12,15,13,15,780,968,2.8000000000000003,26.8,67.32000000000001
2020,12,15,13,30,761,964,2.8000000000000003,26.8,67.32000000000001
2020,12,15,13,45,735,949,2.8000000000000003,26.8,68.26
2020,12,15,14,0,707,941,2.9000000000000004,26.8,68.26
2020,12,15,14,15,248,18,2.9000000000000004,26.700000000000003,68.66
2020,12,15,14,30,638,918,3,26.6,69.07000000000001
2020,12,15,14,45,599,903,3.1,26.6,69.99
2020,12,15,15,0,556,888,3.1,26.5,70.33
2020,12,15,15,15,509,866,3.2,26.400000000000002,70.82000000000001
2020,12,15,15,30,461,845,3.2,26.3,71.23
2020,12,15,15,45,410,818,3.3000000000000003,26.1,73.4
2020,12,15,16,0,356,784,3.3000000000000003,26,73.83
2020,12,15,16,15,302,745,3.3000000000000003,25.8,74.71000000000001
2020,12,15,16,30,247,697,3.2,25.6,75.60000000000001
2020,12,15,16,45,192,637,3.2,25.400000000000002,78.65
2020,12,15,17,0,138,555,3.2,25.1,80.06
2020,12,15,17,15,87,449,3.2,24.900000000000002,81.02
2020,12,15,17,30,42,301,3.2,24.700000000000003,81.99
2020,12,15,17,45,0,0,3.2,24.5,83.58
2020,12,15,18,0,0,0,3.2,24.3,84.59
2020,12,15,18,15,0,0,3.2,24.3,84.67
2020,12,15,18,30,0,0,3.2,24.200000000000003,85.18
2020,12,15,18,45,0,0,3.2,24.200000000000003,85.62
2020,12,15,19,0,0,0,3.2,24.1,86.13
2020,12,15,19,15,0,0,3.2,24.1,86.13
2020,12,15,19,30,0,0,3.2,24.1,86.13
2020,12,15,19,45,0,0,3.2,24.1,86.13
2020,12,15,20,0,0,0,3.2,23.900000000000002,87.21000000000001
2020,12,15,20,15,0,0,3.1,23.8,87.73
2020,12,15,20,30,0,0,3.1,23.8,87.82000000000001
2020,12,15,20,45,0,0,3.1,23.8,87.67
2020,12,15,21,0,0,0,3.1,23.700000000000003,88.2
2020,12,15,21,15,0,0,3.1,23.700000000000003,88.2
2020,12,15,21,30,0,0,3,23.700000000000003,88.2
2020,12,15,21,45,0,0,3,23.700000000000003,87.85000000000001
2020,12,15,22,0,0,0,3,23.6,88.37
2020,12,15,22,15,0,0,3,23.6,88.29
2020,12,15,22,30,0,0,3,23.6,88.29
2020,12,15,22,45,0,0,2.9000000000000004,23.6,87.86
2020,12,15,23,0,0,0,2.9000000000000004,23.6,87.86
2020,12,15,23,15,0,0,2.9000000000000004,23.5,88.39
2020,12,15,23,30,0,0,2.9000000000000004,23.5,88.39
2020,12,15,23,45,0,0,2.9000000000000004,23.5,87.96000000000001
2020,12,16,0,0,0,0,2.9000000000000004,23.5,87.96000000000001
2020,12,16,0,15,0,0,2.9000000000000004,23.5,87.96000000000001
2020,12,16,0,30,0,0,2.9000000000000004,23.5,87.96000000000001
2020,12,16,0,45,0,0,2.9000000000000004,23.400000000000002,88.11
2020,12,16,1,0,0,0,2.9000000000000004,23.400000000000002,88.11
2020,12,16,1,15,0,0,2.9000000000000004,23.400000000000002,88.03
2020,12,16,1,30,0,0,2.9000000000000004,23.400000000000002,88.03
2020,12,16,1,45,0,0,2.9000000000000004,23.400000000000002,87.91
2020,12,16,2,0,0,0,2.9000000000000004,23.400000000000002,87.91
2020,12,16,2,15,0,0,2.9000000000000004,23.3,88.44
2020,12,16,2,30,0,0,2.9000000000000004,23.3,88.44
2020,12,16,2,45,0,0,2.9000000000000004,23.3,88.04
2020,12,16,3,0,0,0,2.9000000000000004,23.3,88.04
2020,12,16,3,15,0,0,2.8000000000000003,23.3,88.04
2020,12,16,3,30,0,0,2.8000000000000003,23.3,88.04
2020,12,16,3,45,0,0,2.8000000000000003,23.200000000000003,88.07000000000001
2020,12,16,4,0,0,0,2.8000000000000003,23.200000000000003,88.07000000000001
2020,12,16,4,15,0,0,2.8000000000000003,23.200000000000003,88.07000000000001
2020,12,16,4,30,0,0,2.8000000000000003,23.200000000000003,88.07000000000001
2020,12,16,4,45,0,0,2.7,23.200000000000003,87.7
2020,12,16,5,0,0,0,2.7,23.200000000000003,87.7
2020,12,16,5,15,0,0,2.7,23.200000000000003,87.7
2020,12,16,5,30,0,0,2.6,23.200000000000003,87.78
2020,12,16,5,45,0,0,2.6,23.1,87.86
2020,12,16,6,0,0,0,2.5,23.1,87.86
2020,12,16,6,15,0,0,2.5,23.3,86.81
2020,12,16,6,30,0,0,2.4000000000000004,23.400000000000002,86.29
2020,12,16,6,45,0,0,2.4000000000000004,23.6,88.27
2020,12,16,7,0,11,0,2.3000000000000003,23.700000000000003,87.74
2020,12,16,7,15,59,385,2.3000000000000003,24,86.18
2020,12,16,7,30,107,510,2.3000000000000003,24.3,84.65
2020,12,16,7,45,159,597,2.3000000000000003,24.5,86.60000000000001
2020,12,16,8,0,212,664,2.3000000000000003,24.8,85.06
2020,12,16,8,15,267,718,2.3000000000000003,24.900000000000002,84.56
2020,12,16,8,30,321,761,2.3000000000000003,25.1,83.56
2020,12,16,8,45,374,793,2.2,25.200000000000003,81.05
2020,12,16,9,0,424,820,2.2,25.3,80.58
2020,12,16,9,15,474,844,2.2,25.5,79.63
2020,12,16,9,30,520,865,2.2,25.6,79.16
2020,12,16,9,45,564,882,2.2,25.700000000000003,78.10000000000001
2020,12,16,10,0,605,896,2.1,25.900000000000002,77.19
2020,12,16,10,15,642,908,2.1,26,76.73
2020,12,16,10,30,675,919,2.1,26.1,76.28
2020,12,16,10,45,704,922,2.2,26.3,75.02
2020,12,16,11,0,730,929,2.2,26.400000000000002,74.58
2020,12,16,11,15,122,0,2.2,26.5,74.14
2020,12,16,11,30,204,6,2.2,26.6,73.71000000000001
2020,12,16,11,45,781,944,2.2,26.700000000000003,73.07000000000001
2020,12,16,12,0,790,946,2.2,26.8,72.65
2020,12,16,12,15,793,947,2.2,26.8,72.65
2020,12,16,12,30,793,947,2.2,26.8,72.65
2020,12,16,12,45,156,1,2.2,26.900000000000002,71.99
2020,12,16,13,0,777,944,2.2,26.900000000000002,71.99
2020,12,16,13,15,763,940,2.2,26.900000000000002,71.99
2020,12,16,13,30,354,53,2.2,26.900000000000002,71.99
2020,12,16,13,45,196,5,2.2,26.900000000000002,71.77
2020,12,16,14,0,694,922,2.2,26.900000000000002,71.7
2020,12,16,14,15,663,912,2.2,26.900000000000002,71.7
2020,12,16,14,30,628,901,2.2,26.8,72.12
2020,12,16,14,45,590,888,2.2,26.8,72.01
2020,12,16,15,0,548,872,2.2,26.8,72.01
2020,12,16,15,15,503,854,2.3000000000000003,26.700000000000003,72.43
2020,12,16,15,30,455,832,2.3000000000000003,26.6,72.86
2020,12,16,15,45,406,808,2.3000000000000003,26.5,73.95
2020,12,16,16,0,354,777,2.3000000000000003,26.400000000000002,74.38
2020,12,16,16,15,301,741,2.2,26.200000000000003,75.26
2020,12,16,16,30,246,694,2.2,26,76.23
2020,12,16,16,45,192,637,2.2,25.8,79.71000000000001
2020,12,16,17,0,139,560,2.2,25.6,80.66
2020,12,16,17,15,88,457,2.2,25.400000000000002,81.62
2020,12,16,17,30,43,313,2.2,25.200000000000003,82.59
2020,12,16,17,45,0,0,2.3000000000000003,25,82.94
2020,12,16,18,0,0,0,2.3000000000000003,24.900000000000002,83.44
2020,12,16,18,15,0,0,2.4000000000000004,24.8,83.94
2020,12,16,18,30,0,0,2.4000000000000004,24.700000000000003,84.52
2020,12,16,18,45,0,0,2.5,24.6,85.11
2020,12,16,19,0,0,0,2.5,24.6,85.11
2020,12,16,19,15,0,0,2.5,24.6,85.11
2020,12,16,19,30,0,0,2.5,24.6,85.11
2020,12,16,19,45,0,0,2.5,24.6,85.11
2020,12,16,20,0,0,0,2.6,24.3,86.9
2020,12,16,20,15,0,0,2.6,24.3,86.99
2020,12,16,20,30,0,0,2.6,24.3,86.99
2020,12,16,20,45,0,0,2.6,24.200000000000003,87.61
2020,12,16,21,0,0,0,2.6,24.200000000000003,87.61
2020,12,16,21,15,0,0,2.6,24.1,88.14
2020,12,16,21,30,0,0,2.6,24.1,88.14
2020,12,16,21,45,0,0,2.6,24.1,87.89
2020,12,16,22,0,0,0,2.6,24,88.41
2020,12,16,22,15,0,0,2.6,24,88.41
2020,12,16,22,30,0,0,2.6,23.900000000000002,88.94
2020,12,16,22,45,0,0,2.5,23.900000000000002,88.56
2020,12,16,23,0,0,0,2.5,23.900000000000002,88.56
2020,12,16,23,15,0,0,2.5,23.8,89.09
2020,12,16,23,30,0,0,2.5,23.8,89.09
2020,12,16,23,45,0,0,2.5,23.8,88.84
2020,12,17,0,0,0,0,2.5,23.8,88.84
2020,12,17,0,15,0,0,2.5,23.8,88.84
2020,12,17,0,30,0,0,2.4000000000000004,23.700000000000003,89.37
2020,12,17,0,45,0,0,2.4000000000000004,23.700000000000003,88.86
2020,12,17,1,0,0,0,2.4000000000000004,23.700000000000003,88.86
2020,12,17,1,15,0,0,2.4000000000000004,23.6,89.4
2020,12,17,1,30,0,0,2.4000000000000004,23.6,89.4
2020,12,17,1,45,0,0,2.4000000000000004,23.6,88.8
2020,12,17,2,0,0,0,2.4000000000000004,23.5,89.34
2020,12,17,2,15,0,0,2.4000000000000004,23.5,89.34
2020,12,17,2,30,0,0,2.4000000000000004,23.5,89.34
2020,12,17,2,45,0,0,2.4000000000000004,23.400000000000002,89.23
2020,12,17,3,0,0,0,2.4000000000000004,23.400000000000002,89.23
2020,12,17,3,15,0,0,2.4000000000000004,23.400000000000002,89.23
2020,12,17,3,30,0,0,2.4000000000000004,23.400000000000002,89.23
2020,12,17,3,45,0,0,2.4000000000000004,23.3,89.25
2020,12,17,4,0,0,0,2.4000000000000004,23.3,89.25
2020,12,17,4,15,0,0,2.4000000000000004,23.3,89.25
2020,12,17,4,30,0,0,2.4000000000000004,23.3,89.25
2020,12,17,4,45,0,0,2.4000000000000004,23.3,88.68
2020,12,17,5,0,0,0,2.5,23.200000000000003,89.31
2020,12,17,5,15,0,0,2.5,23.200000000000003,89.31
2020,12,17,5,30,0,0,2.5,23.200000000000003,89.31
2020,12,17,5,45,0,0,2.6,23.200000000000003,88.88
2020,12,17,6,0,0,0,2.6,23.200000000000003,88.88
2020,12,17,6,15,0,0,2.6,23.400000000000002,87.81
2020,12,17,6,30,0,0,2.6,23.5,87.38
2020,12,17,6,45,0,0,2.7,23.700000000000003,89.59
2020,12,17,7,0,21,201,2.7,23.8,89.06
2020,12,17,7,15,58,375,2.8000000000000003,24.1,87.47
2020,12,17,7,30,105,499,2.9000000000000004,24.3,86.43
2020,12,17,7,45,157,588,3.1,24.6,87.99
2020,12,17,8,0,210,658,3.2,24.900000000000002,86.43
2020,12,17,8,15,264,711,3.3000000000000003,25,85.92
2020,12,17,8,30,319,754,3.3000000000000003,25.1,85.41
2020,12,17,8,45,371,786,3.4000000000000004,25.200000000000003,84.59
2020,12,17,9,0,422,815,3.5,25.400000000000002,83.59
2020,12,17,9,15,471,840,3.6,25.5,83.10000000000001
2020,12,17,9,30,195,14,3.6,25.700000000000003,82.12
2020,12,17,9,45,560,877,3.7,25.8,81.98
2020,12,17,10,0,601,891,3.7,26,81.02
2020,12,17,10,15,638,904,3.8000000000000003,26.1,80.55
2020,12,17,10,30,111,0,3.8000000000000003,26.200000000000003,80.07000000000001
2020,12,17,10,45,323,46,3.9000000000000004,26.3,79.93
2020,12,17,11,0,203,6,3.9000000000000004,26.400000000000002,79.46000000000001
2020,12,17,11,15,748,931,3.9000000000000004,26.5,78.92
2020,12,17,11,30,765,935,3.9000000000000004,26.5,78.92
2020,12,17,11,45,778,938,3.9000000000000004,26.6,78.43
2020,12,17,12,0,786,941,4,26.700000000000003,77.97
2020,12,17,12,15,790,941,3.9000000000000004,26.8,77.52
2020,12,17,12,30,790,941,3.9000000000000004,26.8,77.44
2020,12,17,12,45,784,940,3.9000000000000004,26.900000000000002,76.45
2020,12,17,13,0,775,937,3.9000000000000004,26.900000000000002,76.45
2020,12,17,13,15,760,933,3.8000000000000003,26.900000000000002,76.45
2020,12,17,13,30,742,928,3.8000000000000003,26.900000000000002,76.45
2020,12,17,13,45,717,912,3.8000000000000003,26.900000000000002,75.64
2020,12,17,14,0,690,904,3.8000000000000003,27,75.13
2020,12,17,14,15,659,894,3.7,26.900000000000002,75.57000000000001
2020,12,17,14,30,625,883,3.7,26.900000000000002,75.57000000000001
2020,12,17,14,45,586,867,3.7,26.900000000000002,74.88
2020,12,17,15,0,544,851,3.7,26.900000000000002,74.88
2020,12,17,15,15,500,832,3.7,26.8,75.32000000000001
2020,12,17,15,30,452,809,3.7,26.700000000000003,75.76
2020,12,17,15,45,402,780,3.6,26.6,76.23
2020,12,17,16,0,350,747,3.6,26.6,76.23
2020,12,17,16,15,297,707,3.6,26.400000000000002,77.13
2020,12,17,16,30,243,658,3.5,26.200000000000003,78.12
2020,12,17,16,45,189,594,3.5,26,80.31
2020,12,17,17,0,136,513,3.4000000000000004,25.8,81.26
2020,12,17,17,15,86,406,3.4000000000000004,25.700000000000003,81.74
2020,12,17,17,30,42,260,3.4000000000000004,25.5,82.71000000000001
2020,12,17,17,45,0,0,3.4000000000000004,25.3,84.23
2020,12,17,18,0,0,0,3.4000000000000004,25.1,85.24
2020,12,17,18,15,0,0,3.4000000000000004,25.1,85.24
2020,12,17,18,30,0,0,3.4000000000000004,25,85.83
2020,12,17,18,45,0,0,3.4000000000000004,25,86.87
2020,12,17,19,0,0,0,3.4000000000000004,24.900000000000002,87.39
2020,12,17,19,15,0,0,3.4000000000000004,24.900000000000002,87.39
2020,12,17,19,30,0,0,3.4000000000000004,24.900000000000002,87.39
2020,12,17,19,45,0,0,3.4000000000000004,24.900000000000002,87.39
2020,12,17,20,0,0,0,3.5,24.700000000000003,89.55
2020,12,17,20,15,0,0,3.5,24.6,90.08
2020,12,17,20,30,0,0,3.5,24.6,90.08
2020,12,17,20,45,0,0,3.5,24.6,90.88
2020,12,17,21,0,0,0,3.5,24.5,91.42
2020,12,17,21,15,0,0,3.5,24.5,91.42
2020,12,17,21,30,0,0,3.5,24.5,91.42
2020,12,17,21,45,0,0,3.5,24.400000000000002,92.47
2020,12,17,22,0,0,0,3.5,24.400000000000002,92.47
2020,12,17,22,15,0,0,3.5,24.400000000000002,92.47
2020,12,17,22,30,0,0,3.5,24.3,93.02
2020,12,17,22,45,0,0,3.5,24.3,93.21000000000001
2020,12,17,23,0,0,0,3.5,24.3,93.21000000000001
2020,12,17,23,15,0,0,3.5,24.3,93.21000000000001
2020,12,17,23,30,0,0,3.5,24.3,93.21000000000001
2020,12,17,23,45,0,0,3.5,24.200000000000003,93.32000000000001
2020,12,18,0,0,0,0,3.5,24.200000000000003,93.32000000000001
2020,12,18,0,15,0,0,3.5,24.200000000000003,93.32000000000001
2020,12,18,0,30,0,0,3.5,24.200000000000003,93.32000000000001
2020,12,18,0,45,0,0,3.5,24.1,93.35000000000001
2020,12,18,1,0,0,0,3.5,24.1,93.35000000000001
2020,12,18,1,15,0,0,3.5,24.1,93.35000000000001
2020,12,18,1,30,0,0,3.5,24.1,93.35000000000001
2020,12,18,1,45,0,0,3.5,24,93.45
2020,12,18,2,0,0,0,3.5,24,93.45
2020,12,18,2,15,0,0,3.5,24,93.45
2020,12,18,2,30,0,0,3.5,24,93.45
2020,12,18,2,45,0,0,3.5,24,92.97
2020,12,18,3,0,0,0,3.5,23.900000000000002,93.53
2020,12,18,3,15,0,0,3.5,23.900000000000002,93.53
2020,12,18,3,30,0,0,3.5,23.900000000000002,93.53
2020,12,18,3,45,0,0,3.5,23.900000000000002,93.16
2020,12,18,4,0,0,0,3.5,23.900000000000002,93.16
2020,12,18,4,15,0,0,3.5,23.900000000000002,93.16
2020,12,18,4,30,0,0,3.5,23.900000000000002,93.16
2020,12,18,4,45,0,0,3.5,23.900000000000002,92.73
2020,12,18,5,0,0,0,3.5,23.900000000000002,92.73
2020,12,18,5,15,0,0,3.5,23.900000000000002,92.73
2020,12,18,5,30,0,0,3.5,23.900000000000002,92.73
2020,12,18,5,45,0,0,3.5,23.900000000000002,92.37
2020,12,18,6,0,0,0,3.5,23.900000000000002,92.37
2020,12,18,6,15,0,0,3.5,24,91.91
2020,12,18,6,30,0,0,3.5,24.200000000000003,90.82000000000001
2020,12,18,6,45,0,0,3.6,24.3,92.03
2020,12,18,7,0,19,129,3.6,24.400000000000002,91.49
2020,12,18,7,15,33,36,3.6,24.6,90.4
2020,12,18,7,30,99,441,3.7,24.8,89.33
2020,12,18,7,45,150,540,3.8000000000000003,25,89.29
2020,12,18,8,0,203,615,3.8000000000000003,25.200000000000003,88.33
2020,12,18,8,15,98,0,3.8000000000000003,25.3,87.81
2020,12,18,8,30,311,719,3.8000000000000003,25.400000000000002,87.29
2020,12,18,8,45,62,0,3.9000000000000004,25.5,85.65
2020,12,18,9,0,223,83,3.9000000000000004,25.6,85.15
2020,12,18,9,15,48,0,3.9000000000000004,25.8,84.15
2020,12,18,9,30,135,0,3.9000000000000004,25.900000000000002,83.66
2020,12,18,9,45,104,0,3.8000000000000003,26,82.05
2020,12,18,10,0,594,863,3.8000000000000003,26.200000000000003,81.09
2020,12,18,10,15,631,876,3.8000000000000003,26.3,80.62
2020,12,18,10,30,664,888,3.8000000000000003,26.400000000000002,80.14
2020,12,18,10,45,442,168,3.8000000000000003,26.5,79.06
2020,12,18,11,0,722,914,3.8000000000000003,26.6,78.60000000000001
2020,12,18,11,15,744,920,3.8000000000000003,26.700000000000003,78.06
2020,12,18,11,30,293,22,3.8000000000000003,26.8,77.61
2020,12,18,11,45,774,928,3.7,26.8,77.38
2020,12,18,12,0,783,931,3.7,26.900000000000002,76.93
2020,12,18,12,15,787,932,3.7,27,76.4
2020,12,18,12,30,162,1,3.7,27,76.4
2020,12,18,12,45,781,929,3.7,27,76.3
2020,12,18,13,0,771,927,3.7,27.1,75.86
2020,12,18,13,15,243,11,3.7,27.1,75.78
2020,12,18,13,30,358,55,3.6,27.1,75.78
2020,12,18,13,45,440,146,3.6,27.1,75.58
2020,12,18,14,0,689,903,3.6,27.1,75.58
2020,12,18,14,15,660,895,3.6,27.1,75.58
2020,12,18,14,30,625,884,3.6,27,76.03
2020,12,18,14,45,587,870,3.6,27,75.96000000000001
2020,12,18,15,0,545,854,3.7,27,75.89
2020,12,18,15,15,501,835,3.6,26.900000000000002,76.33
2020,12,18,15,30,453,812,3.6,26.8,76.78
2020,12,18,15,45,404,787,3.6,26.700000000000003,77.72
2020,12,18,16,0,353,754,3.6,26.6,78.18
2020,12,18,16,15,299,715,3.5,26.400000000000002,79.10000000000001
2020,12,18,16,30,245,666,3.5,26.200000000000003,80.04
2020,12,18,16,45,191,602,3.4000000000000004,26.1,82.18
2020,12,18,17,0,138,522,3.4000000000000004,25.900000000000002,83.16
2020,12,18,17,15,88,415,3.4000000000000004,25.700000000000003,84.14
2020,12,18,17,30,44,270,3.4000000000000004,25.5,85.14
2020,12,18,17,45,13,85,3.4000000000000004,25.3,86.87
2020,12,18,18,0,0,0,3.4000000000000004,25.200000000000003,87.38
2020,12,18,18,15,0,0,3.5,25.1,87.9
2020,12,18,18,30,0,0,3.5,25.1,87.99
2020,12,18,18,45,0,0,3.6,25,89.15
2020,12,18,19,0,0,0,3.6,24.900000000000002,89.68
2020,12,18,19,15,0,0,3.6,24.900000000000002,89.68
2020,12,18,19,30,0,0,3.6,24.900000000000002,89.68
2020,12,18,19,45,0,0,3.6,24.900000000000002,89.68
2020,12,18,20,0,0,0,3.6,24.700000000000003,91.35000000000001
2020,12,18,20,15,0,0,3.6,24.6,91.89
2020,12,18,20,30,0,0,3.7,24.6,91.99
2020,12,18,20,45,0,0,3.7,24.5,92.81
2020,12,18,21,0,0,0,3.7,24.5,92.81
2020,12,18,21,15,0,0,3.7,24.5,92.81
2020,12,18,21,30,0,0,3.7,24.400000000000002,93.37
2020,12,18,21,45,0,0,3.7,24.400000000000002,93.17
2020,12,18,22,0,0,0,3.8000000000000003,24.400000000000002,93.17
2020,12,18,22,15,0,0,3.7,24.400000000000002,93.17
2020,12,18,22,30,0,0,3.7,24.400000000000002,93.08
2020,12,18,22,45,0,0,3.7,24.400000000000002,92.89
2020,12,18,23,0,0,0,3.7,24.400000000000002,92.89
2020,12,18,23,15,0,0,3.7,24.400000000000002,92.89
2020,12,18,23,30,0,0,3.7,24.3,93.45
2020,12,18,23,45,0,0,3.7,24.3,93.08
2020,12,19,0,0,0,0,3.7,24.3,93.08
2020,12,19,0,15,0,0,3.7,24.3,93.08
2020,12,19,0,30,0,0,3.7,24.3,93.08
2020,12,19,0,45,0,0,3.7,24.3,92.39
2020,12,19,1,0,0,0,3.7,24.3,92.39
2020,12,19,1,15,0,0,3.7,24.200000000000003,92.85000000000001
2020,12,19,1,30,0,0,3.7,24.200000000000003,92.85000000000001
2020,12,19,1,45,0,0,3.7,24.200000000000003,91.87
2020,12,19,2,0,0,0,3.7,24.200000000000003,91.87
2020,12,19,2,15,0,0,3.7,24.200000000000003,91.87
2020,12,19,2,30,0,0,3.7,24.200000000000003,91.87
2020,12,19,2,45,0,0,3.7,24.1,91.61
2020,12,19,3,0,0,0,3.7,24.1,91.61
2020,12,19,3,15,0,0,3.6,24.1,91.61
2020,12,19,3,30,0,0,3.6,24.1,91.61
2020,12,19,3,45,0,0,3.6,24.1,91.11
2020,12,19,4,0,0,0,3.6,24.1,91.11
2020,12,19,4,15,0,0,3.6,24.1,91.11
2020,12,19,4,30,0,0,3.6,24.1,91.11
2020,12,19,4,45,0,0,3.6,24.1,90.72
2020,12,19,5,0,0,0,3.6,24.1,90.72
2020,12,19,5,15,0,0,3.6,24.1,90.72
2020,12,19,5,30,0,0,3.6,24.1,90.72
2020,12,19,5,45,0,0,3.6,24.1,90.56
2020,12,19,6,0,0,0,3.6,24.1,90.56
2020,12,19,6,15,0,0,3.7,24.200000000000003,90.02
2020,12,19,6,30,0,0,3.7,24.3,89.49
2020,12,19,6,45,0,0,3.8000000000000003,24.3,91.11
2020,12,19,7,0,18,140,3.8000000000000003,24.400000000000002,90.56
2020,12,19,7,15,53,320,3.9000000000000004,24.6,89.49
2020,12,19,7,30,98,453,4,24.700000000000003,88.96000000000001
2020,12,19,7,45,148,543,4.1000000000000005,24.900000000000002,89.29
2020,12,19,8,0,202,618,4.2,25,88.76
2020,12,19,8,15,9,0,4.3,25.1,88.23
2020,12,19,8,30,310,724,4.3,25.200000000000003,87.71000000000001
2020,12,19,8,45,362,754,4.4,25.400000000000002,85.92
2020,12,19,9,0,413,786,4.4,25.5,85.5
2020,12,19,9,15,462,812,4.5,25.6,85
2020,12,19,9,30,509,834,4.5,25.8,84
2020,12,19,9,45,552,849,4.6000000000000005,25.900000000000002,82.41
2020,12,19,10,0,593,865,4.6000000000000005,26,81.93
2020,12,19,10,15,632,880,4.6000000000000005,26.1,81.36
2020,12,19,10,30,315,50,4.6000000000000005,26.200000000000003,80.89
2020,12,19,10,45,697,909,4.6000000000000005,26.3,79.79
2020,12,19,11,0,723,917,4.6000000000000005,26.400000000000002,79.32000000000001
2020,12,19,11,15,446,132,4.6000000000000005,26.5,78.86
2020,12,19,11,30,763,927,4.6000000000000005,26.5,78.86
2020,12,19,11,45,775,928,4.6000000000000005,26.6,78.2
2020,12,19,12,0,471,133,4.6000000000000005,26.700000000000003,77.66
2020,12,19,12,15,789,933,4.6000000000000005,26.700000000000003,77.66
2020,12,19,12,30,213,7,4.6000000000000005,26.700000000000003,77.66
2020,12,19,12,45,532,217,4.6000000000000005,26.700000000000003,77.57000000000001
2020,12,19,13,0,326,32,4.6000000000000005,26.700000000000003,77.57000000000001
2020,12,19,13,15,761,924,4.6000000000000005,26.700000000000003,77.49
2020,12,19,13,30,742,919,4.6000000000000005,26.700000000000003,77.49
2020,12,19,13,45,216,8,4.6000000000000005,26.700000000000003,77.3
2020,12,19,14,0,691,897,4.6000000000000005,26.700000000000003,77.3
2020,12,19,14,15,659,885,4.6000000000000005,26.6,77.76
2020,12,19,14,30,57,0,4.6000000000000005,26.6,77.76
2020,12,19,14,45,299,67,4.6000000000000005,26.5,78.08
2020,12,19,15,0,546,846,4.6000000000000005,26.5,78.08
2020,12,19,15,15,501,826,4.6000000000000005,26.400000000000002,78.54
2020,12,19,15,30,19,0,4.5,26.3,79
2020,12,19,15,45,404,778,4.5,26.200000000000003,79.64
2020,12,19,16,0,353,746,4.5,26.1,80.11
2020,12,19,16,15,300,706,4.4,26,80.59
2020,12,19,16,30,246,656,4.3,25.8,81.54
2020,12,19,16,45,192,597,4.2,25.700000000000003,83.12
2020,12,19,17,0,139,517,4.1000000000000005,25.5,84.10000000000001
2020,12,19,17,15,89,410,4,25.3,85.11
2020,12,19,17,30,45,266,4,25.200000000000003,85.61
2020,12,19,17,45,7,0,3.9000000000000004,25,87.67
2020,12,19,18,0,0,0,3.8000000000000003,24.8,88.72
2020,12,19,18,15,0,0,3.8000000000000003,24.8,88.72
2020,12,19,18,30,0,0,3.9000000000000004,24.700000000000003,89.25
2020,12,19,18,45,0,0,3.9000000000000004,24.700000000000003,89.78
2020,12,19,19,0,0,0,3.9000000000000004,24.700000000000003,89.78
2020,12,19,19,15,0,0,3.9000000000000004,24.700000000000003,89.78
2020,12,19,19,30,0,0,3.9000000000000004,24.700000000000003,89.78
2020,12,19,19,45,0,0,3.9000000000000004,24.700000000000003,89.78
2020,12,19,20,0,0,0,3.9000000000000004,24.5,91.23
2020,12,19,20,15,0,0,3.9000000000000004,24.5,91.32000000000001
2020,12,19,20,30,0,0,3.9000000000000004,24.5,91.32000000000001
2020,12,19,20,45,0,0,3.9000000000000004,24.5,91.41
2020,12,19,21,0,0,0,3.9000000000000004,24.400000000000002,91.96000000000001
2020,12,19,21,15,0,0,3.9000000000000004,24.400000000000002,91.96000000000001
2020,12,19,21,30,0,0,3.9000000000000004,24.400000000000002,91.96000000000001
2020,12,19,21,45,0,0,3.9000000000000004,24.400000000000002,91.73
2020,12,19,22,0,0,0,3.9000000000000004,24.3,92.28
2020,12,19,22,15,0,0,3.9000000000000004,24.3,92.28
2020,12,19,22,30,0,0,3.9000000000000004,24.3,92.28
2020,12,19,22,45,0,0,3.9000000000000004,24.200000000000003,92.63
2020,12,19,23,0,0,0,3.9000000000000004,24.200000000000003,92.63
2020,12,19,23,15,0,0,3.9000000000000004,24.1,93.18
2020,12,19,23,30,0,0,3.9000000000000004,24.1,93.18
2020,12,19,23,45,0,0,3.9000000000000004,24.1,92.68
2020,12,20,0,0,0,0,3.9000000000000004,24,93.24
2020,12,20,0,15,0,0,3.9000000000000004,24,93.24
2020,12,20,0,30,0,0,3.9000000000000004,24,93.24
2020,12,20,0,45,0,0,3.9000000000000004,23.900000000000002,93.04
2020,12,20,1,0,0,0,3.9000000000000004,23.900000000000002,92.94
2020,12,20,1,15,0,0,3.9000000000000004,23.900000000000002,92.94
2020,12,20,1,30,0,0,3.9000000000000004,23.8,93.5
2020,12,20,1,45,0,0,3.9000000000000004,23.8,92.81
2020,12,20,2,0,0,0,3.9000000000000004,23.8,92.81
2020,12,20,2,15,0,0,3.9000000000000004,23.8,92.81
2020,12,20,2,30,0,0,3.9000000000000004,23.700000000000003,93.37
2020,12,20,2,45,0,0,4,23.700000000000003,92.74
2020,12,20,3,0,0,0,4,23.700000000000003,92.74
2020,12,20,3,15,0,0,4,23.700000000000003,92.74
2020,12,20,3,30,0,0,4,23.700000000000003,92.74
2020,12,20,3,45,0,0,4,23.700000000000003,92.4
2020,12,20,4,0,0,0,4.1000000000000005,23.6,92.95
2020,12,20,4,15,0,0,4.1000000000000005,23.6,92.95
2020,12,20,4,30,0,0,4.1000000000000005,23.6,92.95
2020,12,20,4,45,0,0,4.1000000000000005,23.6,92.69
2020,12,20,5,0,0,0,4.1000000000000005,23.6,92.69
2020,12,20,5,15,0,0,4.1000000000000005,23.6,92.69
2020,12,20,5,30,0,0,4.1000000000000005,23.700000000000003,92.13
2020,12,20,5,45,0,0,4.1000000000000005,23.700000000000003,91.99
2020,12,20,6,0,0,0,4.1000000000000005,23.700000000000003,92.08
2020,12,20,6,15,0,0,4.1000000000000005,23.8,91.53
2020,12,20,6,30,0,0,4.2,23.900000000000002,90.99
2020,12,20,6,45,0,0,4.2,24.1,91.12
2020,12,20,7,0,17,152,4.2,24.200000000000003,90.57000000000001
2020,12,20,7,15,53,339,4.3,24.400000000000002,89.5
2020,12,20,7,30,99,476,4.4,24.6,88.53
2020,12,20,7,45,151,575,4.5,24.900000000000002,87.08
2020,12,20,8,0,205,649,4.6000000000000005,25.1,86.06
2020,12,20,8,15,260,706,4.7,25.200000000000003,85.55
2020,12,20,8,30,314,751,4.7,25.400000000000002,84.54
2020,12,20,8,45,367,785,4.800000000000001,25.6,82.01
2020,12,20,9,0,418,813,4.9,25.700000000000003,81.53
2020,12,20,9,15,468,838,4.9,25.900000000000002,80.57000000000001
2020,12,20,9,30,37,0,4.9,26,80.10000000000001
2020,12,20,9,45,559,876,4.9,26.1,78.48
2020,12,20,10,0,600,891,4.9,26.3,77.56
2020,12,20,10,15,638,903,4.9,26.400000000000002,77.11
2020,12,20,10,30,672,914,4.9,26.5,76.65
2020,12,20,10,45,701,913,4.9,26.6,75.71000000000001
2020,12,20,11,0,727,921,4.9,26.700000000000003,75.26
2020,12,20,11,15,749,927,4.9,26.700000000000003,75.26
2020,12,20,11,30,767,932,4.9,26.8,74.82000000000001
2020,12,20,11,45,780,935,4.9,26.8,74.51
2020,12,20,12,0,789,937,4.800000000000001,26.900000000000002,74.08
2020,12,20,12,15,792,936,4.800000000000001,26.900000000000002,74.08
2020,12,20,12,30,792,936,4.800000000000001,26.900000000000002,74.08
2020,12,20,12,45,787,935,4.800000000000001,26.900000000000002,73.92
2020,12,20,13,0,778,933,4.7,26.900000000000002,73.92
2020,12,20,13,15,764,929,4.7,26.8,74.28
2020,12,20,13,30,746,924,4.7,26.8,74.28
2020,12,20,13,45,723,918,4.7,26.8,74.48
2020,12,20,14,0,695,908,4.7,26.8,74.48
2020,12,20,14,15,664,899,4.7,26.700000000000003,74.92
2020,12,20,14,30,630,887,4.7,26.700000000000003,74.92
2020,12,20,14,45,591,871,4.6000000000000005,26.6,75.74
2020,12,20,15,0,550,854,4.6000000000000005,26.6,75.74
2020,12,20,15,15,505,835,4.6000000000000005,26.5,76.19
2020,12,20,15,30,458,813,4.6000000000000005,26.400000000000002,76.64
2020,12,20,15,45,408,783,4.6000000000000005,26.3,77.56
2020,12,20,16,0,356,751,4.6000000000000005,26.200000000000003,78.01
2020,12,20,16,15,303,711,4.5,26,78.94
2020,12,20,16,30,248,662,4.4,25.8,79.87
2020,12,20,16,45,194,597,4.3,25.700000000000003,81.84
2020,12,20,17,0,141,517,4.3,25.5,82.81
2020,12,20,17,15,90,411,4.2,25.3,83.88
2020,12,20,17,30,46,266,4.1000000000000005,25.200000000000003,84.38
2020,12,20,17,45,14,87,4,25,87.13
2020,12,20,18,0,0,0,4,24.900000000000002,87.65
2020,12,20,18,15,0,0,4,24.900000000000002,87.65
2020,12,20,18,30,0,0,4,24.8,88.17
2020,12,20,18,45,0,0,4,24.8,89.25
2020,12,20,19,0,0,0,4,24.8,89.34
2020,12,20,19,15,0,0,4,24.8,89.34
2020,12,20,19,30,0,0,4,24.8,89.34
2020,12,20,19,45,0,0,4,24.8,89.34
2020,12,20,20,0,0,0,4,24.6,90.87
2020,12,20,20,15,0,0,4,24.5,91.41
2020,12,20,20,30,0,0,4,24.5,91.41
2020,12,20,20,45,0,0,4,24.400000000000002,92.36
2020,12,20,21,0,0,0,4,24.400000000000002,92.36
2020,12,20,21,15,0,0,4,24.400000000000002,92.36
2020,12,20,21,30,0,0,4,24.3,92.91
2020,12,20,21,45,0,0,4,24.3,93.21000000000001
2020,12,20,22,0,0,0,4,24.3,93.21000000000001
2020,12,20,22,15,0,0,4,24.3,93.21000000000001
2020,12,20,22,30,0,0,4.1000000000000005,24.3,93.21000000000001
2020,12,20,22,45,0,0,4.1000000000000005,24.200000000000003,93.78
2020,12,20,23,0,0,0,4.1000000000000005,24.200000000000003,93.78
2020,12,20,23,15,0,0,4.1000000000000005,24.200000000000003,93.78
2020,12,20,23,30,0,0,4.1000000000000005,24.200000000000003,93.78
2020,12,20,23,45,0,0,4.1000000000000005,24.1,94.16
2020,12,21,0,0,0,0,4.1000000000000005,24.1,94.16
2020,12,21,0,15,0,0,4.1000000000000005,24.1,94.16
2020,12,21,0,30,0,0,4.1000000000000005,24.1,94.16
2020,12,21,0,45,0,0,4.1000000000000005,24,94.5
2020,12,21,1,0,0,0,4.1000000000000005,24,94.5
2020,12,21,1,15,0,0,4.1000000000000005,24,94.41
2020,12,21,1,30,0,0,4.1000000000000005,24,94.41
2020,12,21,1,45,0,0,4.1000000000000005,23.900000000000002,94.71000000000001
2020,12,21,2,0,0,0,4.1000000000000005,23.900000000000002,94.71000000000001
2020,12,21,2,15,0,0,4.1000000000000005,23.900000000000002,94.71000000000001
2020,12,21,2,30,0,0,4.1000000000000005,23.900000000000002,94.71000000000001
2020,12,21,2,45,0,0,4.1000000000000005,23.8,94.92
2020,12,21,3,0,0,0,4.1000000000000005,23.8,94.92
2020,12,21,3,15,0,0,4.1000000000000005,23.8,94.92
2020,12,21,3,30,0,0,4.1000000000000005,23.8,94.92
2020,12,21,3,45,0,0,4.1000000000000005,23.8,94.53
2020,12,21,4,0,0,0,4.2,23.8,94.53
2020,12,21,4,15,0,0,4.2,23.8,94.53
2020,12,21,4,30,0,0,4.2,23.8,94.53
2020,12,21,4,45,0,0,4.2,23.700000000000003,94.65
2020,12,21,5,0,0,0,4.2,23.700000000000003,94.65
2020,12,21,5,15,0,0,4.2,23.700000000000003,94.74
2020,12,21,5,30,0,0,4.2,23.700000000000003,94.74
2020,12,21,5,45,0,0,4.1000000000000005,23.700000000000003,94.25
2020,12,21,6,0,0,0,4.1000000000000005,23.700000000000003,94.25
2020,12,21,6,15,0,0,4.2,23.8,93.68
2020,12,21,6,30,0,0,4.2,23.900000000000002,93.13
2020,12,21,6,45,0,0,4.2,24,93.74
2020,12,21,7,0,17,170,4.3,24.1,93.18
2020,12,21,7,15,26,0,4.4,24.3,92.07000000000001
2020,12,21,7,30,49,21,4.5,24.400000000000002,91.52
2020,12,21,7,45,149,581,4.6000000000000005,24.5,91.57000000000001
2020,12,21,8,0,202,653,4.6000000000000005,24.700000000000003,90.49
2020,12,21,8,15,257,711,4.7,24.8,90.04
2020,12,21,8,30,311,755,4.800000000000001,25,88.98
2020,12,21,8,45,364,785,4.9,25.1,86.68
2020,12,21,9,0,416,815,4.9,25.3,85.66
2020,12,21,9,15,466,842,5,25.400000000000002,85.15
2020,12,21,9,30,513,863,5,25.6,84.15
2020,12,21,9,45,556,871,5.1000000000000005,25.700000000000003,81.68
2020,12,21,10,0,597,886,5.1000000000000005,25.900000000000002,80.72
2020,12,21,10,15,637,901,5.1000000000000005,26,80.24
2020,12,21,10,30,671,912,5.1000000000000005,26.1,79.77
2020,12,21,10,45,700,916,5.1000000000000005,26.3,77.91
2020,12,21,11,0,727,923,5.2,26.400000000000002,77.45
2020,12,21,11,15,749,930,5.1000000000000005,26.5,76.92
2020,12,21,11,30,767,934,5.1000000000000005,26.6,76.47
2020,12,21,11,45,780,933,5.1000000000000005,26.6,76.15
2020,12,21,12,0,790,937,5.1000000000000005,26.700000000000003,75.71000000000001
2020,12,21,12,15,793,936,5,26.8,75.27
2020,12,21,12,30,793,936,5,26.8,75.19
2020,12,21,12,45,787,930,5,26.8,75.03
2020,12,21,13,0,778,927,5,26.900000000000002,74.59
2020,12,21,13,15,764,924,4.9,26.900000000000002,74.59
2020,12,21,13,30,746,919,4.9,26.900000000000002,74.59
2020,12,21,13,45,724,914,4.9,26.900000000000002,74.36
2020,12,21,14,0,698,906,4.800000000000001,26.900000000000002,74.36
2020,12,21,14,15,667,897,4.800000000000001,26.900000000000002,74.36
2020,12,21,14,30,633,885,4.800000000000001,26.8,74.8
2020,12,21,14,45,593,863,4.800000000000001,26.8,74.81
2020,12,21,15,0,551,847,4.800000000000001,26.700000000000003,75.25
2020,12,21,15,15,507,827,4.7,26.700000000000003,75.25
2020,12,21,15,30,459,804,4.7,26.6,75.69
2020,12,21,15,45,409,773,4.6000000000000005,26.5,76.76
2020,12,21,16,0,357,739,4.6000000000000005,26.400000000000002,77.21000000000001
2020,12,21,16,15,304,699,4.5,26.200000000000003,78.13
2020,12,21,16,30,250,649,4.3,26,79.05
2020,12,21,16,45,194,576,4.2,25.8,81.56
2020,12,21,17,0,141,494,4.1000000000000005,25.700000000000003,82.04
2020,12,21,17,15,91,386,4,25.5,83.10000000000001
2020,12,21,17,30,46,242,3.9000000000000004,25.400000000000002,83.59
2020,12,21,17,45,15,66,3.9000000000000004,25.200000000000003,85.49
2020,12,21,18,0,0,0,3.8000000000000003,25.1,85.99
2020,12,21,18,15,0,0,3.8000000000000003,25,86.51
2020,12,21,18,30,0,0,3.8000000000000003,24.900000000000002,87.02
2020,12,21,18,45,0,0,3.8000000000000003,24.900000000000002,87.27
2020,12,21,19,0,0,0,3.8000000000000003,24.8,87.79
2020,12,21,19,15,0,0,3.8000000000000003,24.8,87.79
2020,12,21,19,30,0,0,3.8000000000000003,24.8,87.79
2020,12,21,19,45,0,0,3.8000000000000003,24.8,87.79
2020,12,21,20,0,0,0,3.8000000000000003,24.6,89.38
2020,12,21,20,15,0,0,3.8000000000000003,24.6,89.38
2020,12,21,20,30,0,0,3.8000000000000003,24.6,89.38
2020,12,21,20,45,0,0,3.8000000000000003,24.6,90.07000000000001
2020,12,21,21,0,0,0,3.8000000000000003,24.6,90.16
2020,12,21,21,15,0,0,3.8000000000000003,24.6,90.16
2020,12,21,21,30,0,0,3.8000000000000003,24.5,90.7
2020,12,21,21,45,0,0,3.8000000000000003,24.5,91.16
2020,12,21,22,0,0,0,3.8000000000000003,24.5,91.16
2020,12,21,22,15,0,0,3.8000000000000003,24.400000000000002,91.7
2020,12,21,22,30,0,0,3.9000000000000004,24.400000000000002,91.7
2020,12,21,22,45,0,0,3.9000000000000004,24.400000000000002,91.91
2020,12,21,23,0,0,0,3.9000000000000004,24.3,92.46000000000001
2020,12,21,23,15,0,0,3.9000000000000004,24.3,92.46000000000001
2020,12,21,23,30,0,0,3.9000000000000004,24.3,92.46000000000001
2020,12,21,23,45,0,0,3.9000000000000004,24.200000000000003,93.38
2020,12,22,0,0,0,0,3.9000000000000004,24.200000000000003,93.38
2020,12,22,0,15,0,0,3.9000000000000004,24.200000000000003,93.38
2020,12,22,0,30,0,0,3.9000000000000004,24.200000000000003,93.38
2020,12,22,0,45,0,0,4,24.200000000000003,93.53
2020,12,22,1,0,0,0,4,24.200000000000003,93.53
2020,12,22,1,15,0,0,4,24.200000000000003,93.53
2020,12,22,1,30,0,0,4,24.1,94.09
2020,12,22,1,45,0,0,4,24.1,93.85000000000001
2020,12,22,2,0,0,0,4,24.1,93.85000000000001
2020,12,22,2,15,0,0,4,24.1,93.85000000000001
2020,12,22,2,30,0,0,4,24.1,93.85000000000001
2020,12,22,2,45,0,0,4.1000000000000005,24.1,93.76
2020,12,22,3,0,0,0,4.1000000000000005,24,94.22
2020,12,22,3,15,0,0,4.1000000000000005,24,94.22
2020,12,22,3,30,0,0,4.1000000000000005,24.1,93.76
2020,12,22,3,45,0,0,4.2,24.1,93.67
2020,12,22,4,0,0,0,4.2,24.1,93.67
2020,12,22,4,15,0,0,4.2,24.1,93.67
2020,12,22,4,30,0,0,4.3,24.1,93.67
2020,12,22,4,45,0,0,4.3,24.1,93.16
2020,12,22,5,0,0,0,4.3,24.1,93.16
2020,12,22,5,15,0,0,4.3,24.1,93.16
2020,12,22,5,30,0,0,4.3,24.1,93.16
2020,12,22,5,45,0,0,4.3,24.1,92.32000000000001
2020,12,22,6,0,0,0,4.3,24.1,92.32000000000001
2020,12,22,6,15,0,0,4.4,24.200000000000003,91.77
2020,12,22,6,30,0,0,4.4,24.3,91.32000000000001
2020,12,22,6,45,0,0,4.4,24.400000000000002,91.17
2020,12,22,7,0,16,133,4.4,24.5,90.63
2020,12,22,7,15,50,322,4.5,24.700000000000003,89.56
2020,12,22,7,30,95,461,4.6000000000000005,24.900000000000002,88.5
2020,12,22,7,45,146,559,4.7,25,87.8
2020,12,22,8,0,200,635,4.7,25.200000000000003,86.85000000000001
2020,12,22,8,15,255,694,4.800000000000001,25.400000000000002,85.83
2020,12,22,8,30,309,740,4.9,25.5,85.32000000000001
2020,12,22,8,45,362,772,4.9,25.700000000000003,82.36
2020,12,22,9,0,414,803,5,25.8,81.88
2020,12,22,9,15,464,829,5,26,80.92
2020,12,22,9,30,511,851,5.1000000000000005,26.1,80.44
2020,12,22,9,45,555,866,5.1000000000000005,26.200000000000003,78.28
2020,12,22,10,0,597,882,5.1000000000000005,26.400000000000002,77.37
2020,12,22,10,15,635,895,5.1000000000000005,26.5,76.92
2020,12,22,10,30,669,906,5.1000000000000005,26.6,76.47
2020,12,22,10,45,698,908,5.2,26.700000000000003,75.18
2020,12,22,11,0,725,916,5.2,26.8,74.74
2020,12,22,11,15,747,922,5.2,26.8,74.67
2020,12,22,11,30,765,927,5.1000000000000005,26.900000000000002,74.23
2020,12,22,11,45,779,931,5.1000000000000005,26.900000000000002,73.99
2020,12,22,12,0,788,933,5.1000000000000005,27,73.56
2020,12,22,12,15,793,935,5.1000000000000005,27,73.48
2020,12,22,12,30,793,935,5.1000000000000005,27,73.48
2020,12,22,12,45,789,933,5.1000000000000005,27,73.27
2020,12,22,13,0,779,931,5,27,73.27
2020,12,22,13,15,766,927,5,27,73.27
2020,12,22,13,30,748,922,5,27,73.19
2020,12,22,13,45,725,911,5,27,73.09
2020,12,22,14,0,698,903,5,27,73.09
2020,12,22,14,15,668,893,4.9,26.900000000000002,73.52
2020,12,22,14,30,633,882,4.9,26.900000000000002,73.52
2020,12,22,14,45,595,868,4.9,26.8,73.96000000000001
2020,12,22,15,0,554,852,4.9,26.8,73.96000000000001
2020,12,22,15,15,509,833,4.800000000000001,26.700000000000003,74.39
2020,12,22,15,30,462,810,4.800000000000001,26.6,74.83
2020,12,22,15,45,412,784,4.800000000000001,26.5,75.68
2020,12,22,16,0,80,0,4.7,26.400000000000002,76.13
2020,12,22,16,15,308,714,4.6000000000000005,26.200000000000003,77.03
2020,12,22,16,30,254,666,4.5,26.1,77.48
2020,12,22,16,45,199,607,4.4,25.900000000000002,79.49
2020,12,22,17,0,146,529,4.3,25.700000000000003,80.43
2020,12,22,17,15,95,424,4.3,25.6,80.91
2020,12,22,17,30,49,282,4.3,25.400000000000002,81.87
2020,12,22,17,45,16,103,4.2,25.200000000000003,84.03
2020,12,22,18,0,0,0,4.2,25.1,84.61
2020,12,22,18,15,0,0,4.2,25,85.12
2020,12,22,18,30,0,0,4.2,25,85.12
2020,12,22,18,45,0,0,4.2,24.900000000000002,86.19
2020,12,22,19,0,0,0,4.2,24.900000000000002,86.19
2020,12,22,19,15,0,0,4.2,24.900000000000002,86.19
2020,12,22,19,30,0,0,4.2,24.900000000000002,86.19
2020,12,22,19,45,0,0,4.2,24.900000000000002,86.19
2020,12,22,20,0,0,0,4.1000000000000005,24.700000000000003,87.28
2020,12,22,20,15,0,0,4.1000000000000005,24.6,87.8
2020,12,22,20,30,0,0,4.1000000000000005,24.6,87.8
2020,12,22,20,45,0,0,4.1000000000000005,24.5,87.92
2020,12,22,21,0,0,0,4,24.5,87.92
2020,12,22,21,15,0,0,4,24.400000000000002,88.45
2020,12,22,21,30,0,0,4,24.400000000000002,88.45
2020,12,22,21,45,0,0,4,24.3,88.45
2020,12,22,22,0,0,0,4,24.3,88.45
2020,12,22,22,15,0,0,4,24.3,88.45
2020,12,22,22,30,0,0,4,24.200000000000003,88.98
2020,12,22,22,45,0,0,4,24.200000000000003,88.46000000000001
2020,12,22,23,0,0,0,3.9000000000000004,24.1,88.99
2020,12,22,23,15,0,0,3.9000000000000004,24.1,88.99
2020,12,22,23,30,0,0,3.9000000000000004,24.1,88.99
2020,12,22,23,45,0,0,3.9000000000000004,24.1,88.45
2020,12,23,0,0,0,0,3.9000000000000004,24,88.98
2020,12,23,0,15,0,0,3.9000000000000004,24,88.98
2020,12,23,0,30,0,0,3.9000000000000004,24,88.98
2020,12,23,0,45,0,0,3.9000000000000004,23.900000000000002,88.8
2020,12,23,1,0,0,0,3.9000000000000004,23.900000000000002,88.71000000000001
2020,12,23,1,15,0,0,4,23.900000000000002,88.71000000000001
2020,12,23,1,30,0,0,4,23.8,89.25
2020,12,23,1,45,0,0,4,23.8,88.46000000000001
2020,12,23,2,0,0,0,4,23.8,88.46000000000001
2020,12,23,2,15,0,0,4,23.700000000000003,88.99
2020,12,23,2,30,0,0,4,23.700000000000003,88.99
2020,12,23,2,45,0,0,4,23.700000000000003,88.31
2020,12,23,3,0,0,0,4,23.6,88.75
2020,12,23,3,15,0,0,4.1000000000000005,23.6,88.75
2020,12,23,3,30,0,0,4.1000000000000005,23.6,88.75
2020,12,23,3,45,0,0,4.1000000000000005,23.6,87.8
2020,12,23,4,0,0,0,4.2,23.6,87.8
2020,12,23,4,15,0,0,4.2,23.700000000000003,87.28
2020,12,23,4,30,0,0,4.2,23.700000000000003,87.28
2020,12,23,4,45,0,0,4.2,23.700000000000003,86.67
2020,12,23,5,0,0,0,4.2,23.700000000000003,86.67
2020,12,23,5,15,0,0,4.2,23.700000000000003,86.76
2020,12,23,5,30,0,0,4.2,23.700000000000003,86.76
2020,12,23,5,45,0,0,4.2,23.700000000000003,86.51
2020,12,23,6,0,0,0,4.2,23.700000000000003,86.51
2020,12,23,6,15,0,0,4.2,23.8,85.99
2020,12,23,6,30,0,0,4.2,24,84.97
2020,12,23,6,45,0,0,4.2,24.1,84.85000000000001
2020,12,23,7,0,16,145,4.2,24.200000000000003,84.35000000000001
2020,12,23,7,15,50,342,4.3,24.400000000000002,83.34
2020,12,23,7,30,97,483,4.4,24.6,82.44
2020,12,23,7,45,149,584,4.5,24.8,81.01
2020,12,23,8,0,204,658,4.6000000000000005,25,80.05
2020,12,23,8,15,259,716,4.6000000000000005,25.1,79.58
2020,12,23,8,30,314,762,4.6000000000000005,25.3,78.64
2020,12,23,8,45,368,798,4.7,25.400000000000002,77.5
2020,12,23,9,0,421,829,4.7,25.6,76.59
2020,12,23,9,15,470,852,4.7,25.700000000000003,76.14
2020,12,23,9,30,518,873,4.7,25.8,75.69
2020,12,23,9,45,563,891,4.7,25.900000000000002,75.09
2020,12,23,10,0,167,0,4.7,26,74.64
2020,12,23,10,15,157,0,4.7,26.1,74.21000000000001
2020,12,23,10,30,677,927,4.7,26.200000000000003,73.77
2020,12,23,10,45,706,922,4.6000000000000005,26.200000000000003,74.05
2020,12,23,11,0,415,114,4.6000000000000005,26.3,73.62
2020,12,23,11,15,754,934,4.6000000000000005,26.400000000000002,73.19
2020,12,23,11,30,62,0,4.5,26.400000000000002,73.19
2020,12,23,11,45,786,945,4.5,26.5,72.99
2020,12,23,12,0,178,3,4.4,26.5,72.92
2020,12,23,12,15,327,30,4.4,26.5,72.92
2020,12,23,12,30,801,948,4.4,26.5,72.92
2020,12,23,12,45,422,85,4.3,26.6,72.62
2020,12,23,13,0,786,945,4.3,26.6,72.62
2020,12,23,13,15,773,941,4.3,26.6,72.55
2020,12,23,13,30,755,937,4.3,26.5,72.98
2020,12,23,13,45,732,928,4.2,26.5,72.8
2020,12,23,14,0,288,28,4.2,26.5,72.8
2020,12,23,14,15,675,911,4.2,26.5,72.8
2020,12,23,14,30,641,900,4.1000000000000005,26.400000000000002,73.23
2020,12,23,14,45,603,890,4.1000000000000005,26.400000000000002,73.01
2020,12,23,15,0,562,874,4,26.3,73.44
2020,12,23,15,15,517,856,4,26.200000000000003,73.87
2020,12,23,15,30,470,834,3.9000000000000004,26.200000000000003,73.87
2020,12,23,15,45,420,815,3.9000000000000004,26.1,74.24
2020,12,23,16,0,368,784,3.8000000000000003,26,74.68
2020,12,23,16,15,315,747,3.7,25.8,75.57000000000001
2020,12,23,16,30,260,701,3.6,25.6,76.47
2020,12,23,16,45,205,647,3.6,25.400000000000002,78.83
2020,12,23,17,0,151,572,3.5,25.3,79.3
2020,12,23,17,15,99,472,3.5,25.1,80.25
2020,12,23,17,30,53,335,3.5,24.900000000000002,81.21000000000001
2020,12,23,17,45,17,151,3.5,24.700000000000003,83.05
2020,12,23,18,0,0,0,3.5,24.5,84.05
2020,12,23,18,15,0,0,3.5,24.400000000000002,84.63
2020,12,23,18,30,0,0,3.6,24.400000000000002,84.63
2020,12,23,18,45,0,0,3.6,24.400000000000002,85.72
2020,12,23,19,0,0,0,3.7,24.3,86.23
2020,12,23,19,15,0,0,3.7,24.3,86.23
2020,12,23,19,30,0,0,3.7,24.3,86.23
2020,12,23,19,45,0,0,3.7,24.3,86.23
2020,12,23,20,0,0,0,3.8000000000000003,24.200000000000003,88.07000000000001
2020,12,23,20,15,0,0,3.9000000000000004,24.200000000000003,88.07000000000001
2020,12,23,20,30,0,0,3.9000000000000004,24.200000000000003,88.07000000000001
2020,12,23,20,45,0,0,3.9000000000000004,24.200000000000003,89.83
2020,12,23,21,0,0,0,4,24.200000000000003,89.83
2020,12,23,21,15,0,0,4,24.1,90.36
2020,12,23,21,30,0,0,4.1000000000000005,24.1,90.36
2020,12,23,21,45,0,0,4.1000000000000005,24.1,92.23
2020,12,23,22,0,0,0,4.2,24.1,92.23
2020,12,23,22,15,0,0,4.2,24,92.78
2020,12,23,22,30,0,0,4.3,24,92.78
2020,12,23,22,45,0,0,4.4,24,93.91
2020,12,23,23,0,0,0,4.4,24,93.91
2020,12,23,23,15,0,0,4.5,24.1,93.35000000000001
2020,12,23,23,30,0,0,4.6000000000000005,24.1,93.35000000000001
2020,12,23,23,45,0,0,4.7,24.200000000000003,93.41
2020,12,24,0,0,0,0,4.800000000000001,24.200000000000003,93.41
2020,12,24,0,15,0,0,4.9,24.200000000000003,93.41
2020,12,24,0,30,0,0,5,24.200000000000003,93.41
2020,12,24,0,45,0,0,5,24.200000000000003,92.38
2020,12,24,1,0,0,0,5.1000000000000005,24.200000000000003,92.38
2020,12,24,1,15,0,0,5.2,24.200000000000003,92.38
2020,12,24,1,30,0,0,5.2,24.1,92.94
2020,12,24,1,45,0,0,5.2,24.1,90.83
2020,12,24,2,0,0,0,5.2,24,91.37
2020,12,24,2,15,0,0,5.2,24,91.37
2020,12,24,2,30,0,0,5.2,23.900000000000002,91.92
2020,12,24,2,45,0,0,5.300000000000001,23.900000000000002,90.14
2020,12,24,3,0,0,0,5.300000000000001,23.900000000000002,90.14
2020,12,24,3,15,0,0,5.300000000000001,23.8,90.68
2020,12,24,3,30,0,0,5.300000000000001,23.8,90.68
2020,12,24,3,45,0,0,5.300000000000001,23.8,89.62
2020,12,24,4,0,0,0,5.300000000000001,23.700000000000003,90.16
2020,12,24,4,15,0,0,5.300000000000001,23.700000000000003,90.16
2020,12,24,4,30,0,0,5.300000000000001,23.700000000000003,90.16
2020,12,24,4,45,0,0,5.300000000000001,23.700000000000003,89.53
2020,12,24,5,0,0,0,5.300000000000001,23.700000000000003,89.53
2020,12,24,5,15,0,0,5.300000000000001,23.700000000000003,89.53
2020,12,24,5,30,0,0,5.4,23.700000000000003,89.53
2020,12,24,5,45,0,0,5.4,23.700000000000003,89.05
2020,12,24,6,0,0,0,5.4,23.700000000000003,89.05
2020,12,24,6,15,0,0,5.4,23.8,88.61
2020,12,24,6,30,0,0,5.5,23.900000000000002,88.08
2020,12,24,6,45,0,0,5.5,24,88.14
2020,12,24,7,0,14,89,5.6000000000000005,24,88.14
2020,12,24,7,15,46,277,5.7,24.200000000000003,87.10000000000001
2020,12,24,7,30,91,423,5.800000000000001,24.400000000000002,86.06
2020,12,24,7,45,141,517,5.9,24.5,86
2020,12,24,8,0,194,599,6.1000000000000005,24.700000000000003,84.98
2020,12,24,8,15,45,0,6.2,24.900000000000002,83.98
2020,12,24,8,30,47,0,6.4,25,83.56
2020,12,24,8,45,354,729,6.6000000000000005,25.200000000000003,80.79
2020,12,24,9,0,405,761,6.7,25.3,80.31
2020,12,24,9,15,455,790,6.800000000000001,25.5,79.37
2020,12,24,9,30,502,814,6.800000000000001,25.6,78.9
2020,12,24,9,45,544,820,6.9,25.8,76.65
2020,12,24,10,0,585,838,6.9,25.900000000000002,76.2
2020,12,24,10,15,623,853,6.9,26,75.75
2020,12,24,10,30,657,864,6.9,26.1,75.31
2020,12,24,10,45,686,867,6.9,26.200000000000003,74.8
2020,12,24,11,0,713,876,6.800000000000001,26.200000000000003,74.8
2020,12,24,11,15,734,881,6.800000000000001,26.3,74.28
2020,12,24,11,30,753,887,6.7,26.3,74.28
2020,12,24,11,45,492,167,6.7,26.3,75.01
2020,12,24,12,0,775,891,6.6000000000000005,26.3,75.01
2020,12,24,12,15,779,893,6.6000000000000005,26.3,75.01
2020,12,24,12,30,780,893,6.5,26.3,74.93
2020,12,24,12,45,526,206,6.5,26.3,75.83
2020,12,24,13,0,558,269,6.4,26.3,75.83
2020,12,24,13,15,751,878,6.4,26.200000000000003,76.28
2020,12,24,13,30,734,873,6.300000000000001,26.200000000000003,76.28
2020,12,24,13,45,711,867,6.2,26.200000000000003,76.89
2020,12,24,14,0,685,859,6.2,26.200000000000003,76.89
2020,12,24,14,15,655,848,6.1000000000000005,26.1,77.35000000000001
2020,12,24,14,30,244,20,6.1000000000000005,26.1,77.35000000000001
2020,12,24,14,45,135,0,6,26,78.49
2020,12,24,15,0,137,0,5.9,25.900000000000002,78.95
2020,12,24,15,15,83,0,5.9,25.8,79.42
2020,12,24,15,30,153,0,5.800000000000001,25.700000000000003,79.89
2020,12,24,15,45,184,30,5.7,25.6,81.38
2020,12,24,16,0,147,12,5.6000000000000005,25.5,81.86
2020,12,24,16,15,89,0,5.5,25.400000000000002,82.35000000000001
2020,12,24,16,30,31,0,5.4,25.200000000000003,83.33
2020,12,24,16,45,190,509,5.2,25,86.02
2020,12,24,17,0,139,425,5.1000000000000005,24.900000000000002,86.54
2020,12,24,17,15,90,319,5,24.8,87.05
2020,12,24,17,30,26,0,4.9,24.6,88.09
2020,12,24,17,45,5,0,4.800000000000001,24.5,90.46000000000001
2020,12,24,18,0,0,0,4.7,24.400000000000002,91
2020,12,24,18,15,0,0,4.800000000000001,24.3,91.55
2020,12,24,18,30,0,0,4.800000000000001,24.3,91.55
2020,12,24,18,45,0,0,4.800000000000001,24.3,92.51
2020,12,24,19,0,0,0,4.9,24.3,92.51
2020,12,24,19,15,0,0,4.9,24.3,92.51
2020,12,24,19,30,0,0,4.9,24.3,92.51
2020,12,24,19,45,0,0,4.9,24.3,92.51
2020,12,24,20,0,0,0,4.9,24.200000000000003,93.87
2020,12,24,20,15,0,0,4.9,24.200000000000003,93.97
2020,12,24,20,30,0,0,4.9,24.200000000000003,93.97
2020,12,24,20,45,0,0,5,24.200000000000003,94.27
2020,12,24,21,0,0,0,5,24.1,94.83
2020,12,24,21,15,0,0,5,24.1,94.83
2020,12,24,21,30,0,0,5,24.1,94.83
2020,12,24,21,45,0,0,5,24.1,95.04
2020,12,24,22,0,0,0,5,24.1,95.04
2020,12,24,22,15,0,0,4.9,24.1,95.04
2020,12,24,22,30,0,0,4.9,24.1,94.94
2020,12,24,22,45,0,0,4.9,24.1,95
2020,12,24,23,0,0,0,4.800000000000001,24.1,95
2020,12,24,23,15,0,0,4.800000000000001,24.1,95
2020,12,24,23,30,0,0,4.800000000000001,24.1,95
2020,12,24,23,45,0,0,4.7,24.1,94.83
2020,12,25,0,0,0,0,4.7,24.1,94.83
2020,12,25,0,15,0,0,4.7,24.1,94.83
2020,12,25,0,30,0,0,4.7,24.1,94.83
2020,12,25,0,45,0,0,4.7,24,94.41
2020,12,25,1,0,0,0,4.7,24,94.41
2020,12,25,1,15,0,0,4.7,24,94.32000000000001
2020,12,25,1,30,0,0,4.7,24,94.32000000000001
2020,12,25,1,45,0,0,4.7,24,93.33
2020,12,25,2,0,0,0,4.7,23.900000000000002,93.89
2020,12,25,2,15,0,0,4.7,23.900000000000002,93.89
2020,12,25,2,30,0,0,4.7,23.900000000000002,93.89
2020,12,25,2,45,0,0,4.7,23.900000000000002,93.36
2020,12,25,3,0,0,0,4.7,23.900000000000002,93.36
2020,12,25,3,15,0,0,4.7,23.900000000000002,93.36
2020,12,25,3,30,0,0,4.7,23.8,93.92
2020,12,25,3,45,0,0,4.7,23.8,93.26
2020,12,25,4,0,0,0,4.7,23.8,93.26
2020,12,25,4,15,0,0,4.7,23.8,93.26
2020,12,25,4,30,0,0,4.7,23.8,93.26
2020,12,25,4,45,0,0,4.7,23.8,92.8
2020,12,25,5,0,0,0,4.7,23.8,92.8
2020,12,25,5,15,0,0,4.7,23.8,92.8
2020,12,25,5,30,0,0,4.7,23.8,92.8
2020,12,25,5,45,0,0,4.7,23.8,92.61
2020,12,25,6,0,0,0,4.7,23.8,92.61
2020,12,25,6,15,0,0,4.7,23.900000000000002,92.06
2020,12,25,6,30,0,0,4.7,23.900000000000002,92.06
2020,12,25,6,45,0,0,4.7,24,92.4
2020,12,25,7,0,4,0,4.800000000000001,24.1,91.85000000000001
2020,12,25,7,15,25,0,4.800000000000001,24.200000000000003,91.3
2020,12,25,7,30,84,356,4.9,24.3,90.76
2020,12,25,7,45,133,459,4.9,24.5,90.42
2020,12,25,8,0,185,543,5,24.6,89.88
2020,12,25,8,15,238,608,5,24.8,88.91
2020,12,25,8,30,291,661,5.1000000000000005,24.900000000000002,88.38
2020,12,25,8,45,37,0,5.2,25,86.17
2020,12,25,9,0,95,0,5.2,25.200000000000003,85.16
2020,12,25,9,15,442,754,5.300000000000001,25.3,84.65
2020,12,25,9,30,48,0,5.300000000000001,25.400000000000002,84.15
2020,12,25,9,45,530,779,5.300000000000001,25.6,81.17
2020,12,25,10,0,277,49,5.4,25.700000000000003,80.69
2020,12,25,10,15,28,0,5.4,25.8,80.22
2020,12,25,10,30,268,25,5.4,25.900000000000002,79.75
2020,12,25,10,45,263,20,5.4,26,77.4
2020,12,25,11,0,91,0,5.4,26.1,76.94
2020,12,25,11,15,355,53,5.300000000000001,26.200000000000003,76.49
2020,12,25,11,30,423,99,5.2,26.3,76.04
2020,12,25,11,45,490,164,5.2,26.400000000000002,73.78
2020,12,25,12,0,295,21,5.1000000000000005,26.400000000000002,73.71000000000001
2020,12,25,12,15,348,38,5,26.5,73.28
2020,12,25,12,30,782,904,4.9,26.5,73.28
2020,12,25,12,45,368,49,4.800000000000001,26.5,71.48
2020,12,25,13,0,472,140,4.7,26.5,71.4
2020,12,25,13,15,757,898,4.6000000000000005,26.5,71.4
2020,12,25,13,30,741,894,4.5,26.6,70.99
2020,12,25,13,45,721,896,4.4,26.6,69.21000000000001
2020,12,25,14,0,696,889,4.3,26.6,69.14
2020,12,25,14,15,666,879,4.3,26.5,69.55
2020,12,25,14,30,632,868,4.2,26.5,69.55
2020,12,25,14,45,596,856,4.1000000000000005,26.400000000000002,68.51
2020,12,25,15,0,555,839,4,26.400000000000002,68.51
2020,12,25,15,15,361,255,3.9000000000000004,26.3,68.91
2020,12,25,15,30,202,29,3.9000000000000004,26.200000000000003,69.32000000000001
2020,12,25,15,45,249,133,3.8000000000000003,26.1,69.36
2020,12,25,16,0,246,209,3.7,26,69.77
2020,12,25,16,15,207,192,3.7,25.8,70.59
2020,12,25,16,30,156,121,3.6,25.6,71.43
2020,12,25,16,45,151,253,3.5,25.3,74.13
2020,12,25,17,0,149,513,3.4000000000000004,25.1,75.01
2020,12,25,17,15,98,410,3.4000000000000004,24.900000000000002,75.91
2020,12,25,17,30,40,122,3.4000000000000004,24.6,77.28
2020,12,25,17,45,18,97,3.4000000000000004,24.400000000000002,78.23
2020,12,25,18,0,0,0,3.4000000000000004,24.200000000000003,79.17
2020,12,25,18,15,0,0,3.4000000000000004,24.1,79.64
2020,12,25,18,30,0,0,3.4000000000000004,24.1,79.64
2020,12,25,18,45,0,0,3.5,24,81.29
2020,12,25,19,0,0,0,3.5,24,81.29
2020,12,25,19,15,0,0,3.5,24,81.29
2020,12,25,19,30,0,0,3.5,24,81.29
2020,12,25,19,45,0,0,3.5,24,81.29
2020,12,25,20,0,0,0,3.6,23.8,83.84
2020,12,25,20,15,0,0,3.5,23.700000000000003,84.35000000000001
2020,12,25,20,30,0,0,3.5,23.700000000000003,84.35000000000001
2020,12,25,20,45,0,0,3.5,23.700000000000003,85.95
2020,12,25,21,0,0,0,3.5,23.6,86.46000000000001
2020,12,25,21,15,0,0,3.5,23.6,86.46000000000001
2020,12,25,21,30,0,0,3.5,23.6,86.46000000000001
2020,12,25,21,45,0,0,3.4000000000000004,23.5,88.37
2020,12,25,22,0,0,0,3.4000000000000004,23.5,88.37
2020,12,25,22,15,0,0,3.4000000000000004,23.5,88.28
2020,12,25,22,30,0,0,3.3000000000000003,23.5,88.28
2020,12,25,22,45,0,0,3.3000000000000003,23.5,89.23
2020,12,25,23,0,0,0,3.3000000000000003,23.400000000000002,89.77
2020,12,25,23,15,0,0,3.3000000000000003,23.400000000000002,89.77
2020,12,25,23,30,0,0,3.2,23.400000000000002,89.77
2020,12,25,23,45,0,0,3.2,23.5,89.68
2020,12,26,0,0,0,0,3.2,23.5,89.68
2020,12,26,0,15,0,0,3.2,23.400000000000002,90.22
2020,12,26,0,30,0,0,3.2,23.400000000000002,90.13
2020,12,26,0,45,0,0,3.2,23.3,90.78
2020,12,26,1,0,0,0,3.2,23.3,90.78
2020,12,26,1,15,0,0,3.2,23.3,90.78
2020,12,26,1,30,0,0,3.1,23.200000000000003,91.33
2020,12,26,1,45,0,0,3.1,23.200000000000003,91.13
2020,12,26,2,0,0,0,3.1,23.200000000000003,91.04
2020,12,26,2,15,0,0,3.1,23.200000000000003,91.04
2020,12,26,2,30,0,0,3.1,23.1,91.59
2020,12,26,2,45,0,0,3.1,23.1,91.23
2020,12,26,3,0,0,0,3.1,23.1,91.23
2020,12,26,3,15,0,0,3.1,23.1,91.23
2020,12,26,3,30,0,0,3.1,23.1,91.23
2020,12,26,3,45,0,0,3.1,23.1,90.7
2020,12,26,4,0,0,0,3.1,23.1,90.7
2020,12,26,4,15,0,0,3,23.1,90.7
2020,12,26,4,30,0,0,3,23.1,90.7
2020,12,26,4,45,0,0,3,23.1,90.07000000000001
2020,12,26,5,0,0,0,3,23.1,90.07000000000001
2020,12,26,5,15,0,0,3,23.1,90.07000000000001
2020,12,26,5,30,0,0,2.9000000000000004,23.1,90.07000000000001
2020,12,26,5,45,0,0,2.9000000000000004,23,89.91
2020,12,26,6,0,0,0,2.9000000000000004,23,89.91
2020,12,26,6,15,0,0,2.9000000000000004,23.200000000000003,88.83
2020,12,26,6,30,0,0,2.9000000000000004,23.3,88.39
2020,12,26,6,45,0,0,2.9000000000000004,23.5,88.74
2020,12,26,7,0,13,109,2.9000000000000004,23.6,88.21000000000001
2020,12,26,7,15,45,304,2.9000000000000004,23.8,87.16
2020,12,26,7,30,90,449,3,24,86.12
2020,12,26,7,45,141,559,3.1,24.3,85.07000000000001
2020,12,26,8,0,195,637,3.1,24.5,84.06
2020,12,26,8,15,249,694,3.1,24.6,83.64
2020,12,26,8,30,303,741,3,24.700000000000003,83.15
2020,12,26,8,45,357,780,3,24.8,80.13
2020,12,26,9,0,409,811,3,24.900000000000002,79.66
2020,12,26,9,15,459,837,2.9000000000000004,25.1,78.72
2020,12,26,9,30,185,10,2.8000000000000003,25.200000000000003,78.25
2020,12,26,9,45,552,876,2.7,25.3,76.63
2020,12,26,10,0,594,892,2.6,25.5,75.73
2020,12,26,10,15,632,905,2.5,25.6,75.28
2020,12,26,10,30,667,916,2.4000000000000004,25.700000000000003,74.84
2020,12,26,10,45,697,918,2.4000000000000004,25.8,73.72
2020,12,26,11,0,725,926,2.3000000000000003,25.900000000000002,73.28
2020,12,26,11,15,747,933,2.2,26,72.78
2020,12,26,11,30,766,938,2.2,26.1,72.35000000000001
2020,12,26,11,45,781,942,2.1,26.200000000000003,71.65
2020,12,26,12,0,790,945,2.1,26.3,71.23
2020,12,26,12,15,796,946,2.1,26.3,71.23
2020,12,26,12,30,796,947,2,26.400000000000002,70.74
2020,12,26,12,45,793,946,2,26.400000000000002,70.33
2020,12,26,13,0,784,944,1.9000000000000001,26.5,69.92
2020,12,26,13,15,771,941,1.9000000000000001,26.5,69.92
2020,12,26,13,30,754,936,1.8,26.5,69.92
2020,12,26,13,45,732,929,1.8,26.5,69.33
2020,12,26,14,0,706,922,1.8,26.5,69.33
2020,12,26,14,15,676,913,1.8,26.5,69.33
2020,12,26,14,30,644,904,1.8,26.5,69.33
2020,12,26,14,45,606,891,1.8,26.400000000000002,69.62
2020,12,26,15,0,565,876,1.8,26.400000000000002,69.62
2020,12,26,15,15,521,858,1.8,26.400000000000002,69.62
2020,12,26,15,30,474,837,1.8,26.3,70.03
2020,12,26,15,45,424,813,1.9000000000000001,26.200000000000003,71.43
2020,12,26,16,0,372,783,1.9000000000000001,26.1,71.85000000000001
2020,12,26,16,15,319,747,1.9000000000000001,25.900000000000002,72.7
2020,12,26,16,30,266,704,1.9000000000000001,25.700000000000003,73.57000000000001
2020,12,26,16,45,210,646,1.9000000000000001,25.5,77.23
2020,12,26,17,0,156,573,1.9000000000000001,25.3,78.15
2020,12,26,17,15,104,476,2,25.1,79.08
2020,12,26,17,30,29,1,2,24.900000000000002,80.02
2020,12,26,17,45,6,0,2.1,24.700000000000003,80.79
2020,12,26,18,0,0,0,2.1,24.5,81.76
2020,12,26,18,15,0,0,2.2,24.400000000000002,82.33
2020,12,26,18,30,0,0,2.2,24.3,82.82000000000001
2020,12,26,18,45,0,0,2.3000000000000003,24.200000000000003,83.72
2020,12,26,19,0,0,0,2.4000000000000004,24.200000000000003,83.72
2020,12,26,19,15,0,0,2.4000000000000004,24.200000000000003,83.72
2020,12,26,19,30,0,0,2.4000000000000004,24.200000000000003,83.72
2020,12,26,19,45,0,0,2.4000000000000004,24.200000000000003,83.72
2020,12,26,20,0,0,0,2.5,23.900000000000002,85.68
2020,12,26,20,15,0,0,2.6,23.8,86.2
2020,12,26,20,30,0,0,2.6,23.8,86.2
2020,12,26,20,45,0,0,2.6,23.8,86.51
2020,12,26,21,0,0,0,2.6,23.700000000000003,87.03
2020,12,26,21,15,0,0,2.6,23.700000000000003,87.03
2020,12,26,21,30,0,0,2.6,23.6,87.55
2020,12,26,21,45,0,0,2.6,23.6,87.69
2020,12,26,22,0,0,0,2.6,23.6,87.69
2020,12,26,22,15,0,0,2.6,23.6,87.69
2020,12,26,22,30,0,0,2.6,23.5,88.22
2020,12,26,22,45,0,0,2.5,23.5,88.2
2020,12,26,23,0,0,0,2.5,23.400000000000002,88.74
2020,12,26,23,15,0,0,2.5,23.400000000000002,88.74
2020,12,26,23,30,0,0,2.4000000000000004,23.400000000000002,88.74
2020,12,26,23,45,0,0,2.4000000000000004,23.3,88.79
2020,12,27,0,0,0,0,2.4000000000000004,23.3,88.79
2020,12,27,0,15,0,0,2.4000000000000004,23.3,88.79
2020,12,27,0,30,0,0,2.3000000000000003,23.3,88.79
2020,12,27,0,45,0,0,2.3000000000000003,23.3,88
2020,12,27,1,0,0,0,2.3000000000000003,23.3,88
2020,12,27,1,15,0,0,2.3000000000000003,23.3,88
2020,12,27,1,30,0,0,2.3000000000000003,23.3,88
2020,12,27,1,45,0,0,2.2,23.3,87.03
2020,12,27,2,0,0,0,2.2,23.200000000000003,87.56
2020,12,27,2,15,0,0,2.2,23.200000000000003,87.56
2020,12,27,2,30,0,0,2.2,23.200000000000003,87.56
2020,12,27,2,45,0,0,2.2,23.200000000000003,86.9
2020,12,27,3,0,0,0,2.2,23.1,87.42
2020,12,27,3,15,0,0,2.2,23.1,87.42
2020,12,27,3,30,0,0,2.2,23.1,87.42
2020,12,27,3,45,0,0,2.2,23.1,86.82000000000001
2020,12,27,4,0,0,0,2.2,23.1,86.82000000000001
2020,12,27,4,15,0,0,2.2,23.1,86.82000000000001
2020,12,27,4,30,0,0,2.2,23.1,86.82000000000001
2020,12,27,4,45,0,0,2.3000000000000003,23.1,86.25
2020,12,27,5,0,0,0,2.3000000000000003,23,86.78
2020,12,27,5,15,0,0,2.3000000000000003,23,86.78
2020,12,27,5,30,0,0,2.3000000000000003,23,86.78
2020,12,27,5,45,0,0,2.3000000000000003,23,86.42
2020,12,27,6,0,0,0,2.3000000000000003,23.1,85.9
2020,12,27,6,15,0,0,2.3000000000000003,23.200000000000003,85.38
2020,12,27,6,30,0,0,2.3000000000000003,23.3,84.87
2020,12,27,6,45,0,0,2.2,23.400000000000002,86.63
2020,12,27,7,0,0,0,2.2,23.6,85.68
2020,12,27,7,15,44,323,2.3000000000000003,23.8,84.66
2020,12,27,7,30,89,465,2.3000000000000003,24.1,83.16
2020,12,27,7,45,140,572,2.4000000000000004,24.3,82.27
2020,12,27,8,0,194,648,2.4000000000000004,24.6,80.9
2020,12,27,8,15,248,704,2.4000000000000004,24.700000000000003,80.42
2020,12,27,8,30,303,750,2.4000000000000004,24.8,79.94
2020,12,27,8,45,356,789,2.4000000000000004,24.900000000000002,77.49
2020,12,27,9,0,408,820,2.4000000000000004,25,77.03
2020,12,27,9,15,458,845,2.3000000000000003,25.1,76.57000000000001
2020,12,27,9,30,506,866,2.3000000000000003,25.200000000000003,76.12
2020,12,27,9,45,551,885,2.3000000000000003,25.400000000000002,74.85000000000001
2020,12,27,10,0,593,901,2.2,25.5,74.41
2020,12,27,10,15,631,913,2.2,25.6,73.97
2020,12,27,10,30,666,924,2.2,25.700000000000003,73.54
2020,12,27,10,45,696,924,2.2,25.8,72.92
2020,12,27,11,0,723,931,2.2,25.900000000000002,72.5
2020,12,27,11,15,747,938,2.2,26,72.07000000000001
2020,12,27,11,30,765,943,2.2,26.1,71.57000000000001
2020,12,27,11,45,780,949,2.2,26.200000000000003,71.16
2020,12,27,12,0,790,951,2.2,26.3,70.74
2020,12,27,12,15,795,953,2.3000000000000003,26.400000000000002,70.33
2020,12,27,12,30,796,953,2.3000000000000003,26.400000000000002,70.33
2020,12,27,12,45,793,954,2.3000000000000003,26.5,69.69
2020,12,27,13,0,784,952,2.3000000000000003,26.5,69.69
2020,12,27,13,15,772,948,2.3000000000000003,26.5,69.69
2020,12,27,13,30,754,944,2.3000000000000003,26.6,69.28
2020,12,27,13,45,733,937,2.3000000000000003,26.6,68.88
2020,12,27,14,0,707,930,2.3000000000000003,26.6,68.88
2020,12,27,14,15,677,921,2.3000000000000003,26.5,69.29
2020,12,27,14,30,644,911,2.3000000000000003,26.5,69.29
2020,12,27,14,45,606,897,2.3000000000000003,26.5,69.24
2020,12,27,15,0,566,883,2.3000000000000003,26.400000000000002,69.65
2020,12,27,15,15,522,866,2.3000000000000003,26.400000000000002,69.65
2020,12,27,15,30,475,845,2.4000000000000004,26.3,70.06
2020,12,27,15,45,425,820,2.4000000000000004,26.200000000000003,71.41
2020,12,27,16,0,373,789,2.5,26.1,71.84
2020,12,27,16,15,320,754,2.5,25.900000000000002,72.69
2020,12,27,16,30,267,712,2.5,25.700000000000003,73.62
2020,12,27,16,45,212,656,2.5,25.400000000000002,77.81
2020,12,27,17,0,158,586,2.5,25.200000000000003,78.74
2020,12,27,17,15,106,492,2.6,25,79.68
2020,12,27,17,30,59,365,2.6,24.8,80.63
2020,12,27,17,45,21,191,2.7,24.6,81.92
2020,12,27,18,0,0,0,2.7,24.400000000000002,82.9
2020,12,27,18,15,0,0,2.8000000000000003,24.3,83.4
2020,12,27,18,30,0,0,2.8000000000000003,24.3,83.48
2020,12,27,18,45,0,0,2.9000000000000004,24.200000000000003,84.64
2020,12,27,19,0,0,0,2.9000000000000004,24.1,85.15
2020,12,27,19,15,0,0,2.9000000000000004,24.1,85.15
2020,12,27,19,30,0,0,2.9000000000000004,24.1,85.15
2020,12,27,19,45,0,0,2.9000000000000004,24.1,85.15
2020,12,27,20,0,0,0,3,24,86.07000000000001
2020,12,27,20,15,0,0,3,23.900000000000002,86.59
2020,12,27,20,30,0,0,3,23.8,87.11
2020,12,27,20,45,0,0,3,23.8,87.09
2020,12,27,21,0,0,0,3,23.700000000000003,87.62
2020,12,27,21,15,0,0,3,23.700000000000003,87.62
2020,12,27,21,30,0,0,3,23.6,88.14
2020,12,27,21,45,0,0,3,23.6,88.18
2020,12,27,22,0,0,0,3,23.5,88.71000000000001
2020,12,27,22,15,0,0,3,23.5,88.71000000000001
2020,12,27,22,30,0,0,3,23.5,88.71000000000001
2020,12,27,22,45,0,0,2.9000000000000004,23.5,88.71000000000001
2020,12,27,23,0,0,0,2.9000000000000004,23.400000000000002,89.16
2020,12,27,23,15,0,0,2.9000000000000004,23.400000000000002,89.16
2020,12,27,23,30,0,0,2.9000000000000004,23.400000000000002,89.16
2020,12,27,23,45,0,0,2.8000000000000003,23.400000000000002,89.13
2020,12,28,0,0,0,0,2.8000000000000003,23.400000000000002,89.13
2020,12,28,0,15,0,0,2.8000000000000003,23.3,89.66
2020,12,28,0,30,0,0,2.7,23.3,89.66
2020,12,28,0,45,0,0,2.7,23.3,89.2
2020,12,28,1,0,0,0,2.7,23.3,89.2
2020,12,28,1,15,0,0,2.7,23.3,89.2
2020,12,28,1,30,0,0,2.6,23.3,89.2
2020,12,28,1,45,0,0,2.6,23.3,88.64
2020,12,28,2,0,0,0,2.6,23.3,88.64
2020,12,28,2,15,0,0,2.6,23.3,88.55
2020,12,28,2,30,0,0,2.5,23.3,88.55
2020,12,28,2,45,0,0,2.5,23.3,87.74
2020,12,28,3,0,0,0,2.5,23.3,87.74
2020,12,28,3,15,0,0,2.5,23.3,87.74
2020,12,28,3,30,0,0,2.4000000000000004,23.3,87.74
2020,12,28,3,45,0,0,2.4000000000000004,23.3,87.04
2020,12,28,4,0,0,0,2.4000000000000004,23.3,87.04
2020,12,28,4,15,0,0,2.4000000000000004,23.3,87.13
2020,12,28,4,30,0,0,2.3000000000000003,23.3,87.13
2020,12,28,4,45,0,0,2.3000000000000003,23.3,86.49
2020,12,28,5,0,0,0,2.3000000000000003,23.3,86.49
2020,12,28,5,15,0,0,2.3000000000000003,23.3,86.49
2020,12,28,5,30,0,0,2.3000000000000003,23.3,86.49
2020,12,28,5,45,0,0,2.3000000000000003,23.3,85.82000000000001
2020,12,28,6,0,0,0,2.2,23.3,85.82000000000001
2020,12,28,6,15,0,0,2.2,23.400000000000002,85.3
2020,12,28,6,30,0,0,2.2,23.5,84.79
2020,12,28,6,45,0,0,2.2,23.700000000000003,86.41
2020,12,28,7,0,0,0,2.1,23.8,85.9
2020,12,28,7,15,23,0,2.2,24.1,84.37
2020,12,28,7,30,46,29,2.2,24.3,83.37
2020,12,28,7,45,137,546,2.3000000000000003,24.6,82.67
2020,12,28,8,0,190,624,2.3000000000000003,24.8,81.7
2020,12,28,8,15,244,684,2.3000000000000003,25,80.81
2020,12,28,8,30,298,731,2.3000000000000003,25.1,80.33
2020,12,28,8,45,351,764,2.3000000000000003,25.200000000000003,78.42
2020,12,28,9,0,403,795,2.2,25.3,77.96000000000001
2020,12,28,9,15,453,822,2.2,25.400000000000002,77.5
2020,12,28,9,30,411,440,2.2,25.6,76.58
2020,12,28,9,45,148,0,2.2,25.700000000000003,76.51
2020,12,28,10,0,586,876,2.2,25.8,76.06
2020,12,28,10,15,302,54,2.2,25.900000000000002,75.53
2020,12,28,10,30,383,118,2.2,26,75.09
2020,12,28,10,45,405,122,2.2,26.1,75.22
2020,12,28,11,0,244,13,2.2,26.200000000000003,74.77
2020,12,28,11,15,363,58,2.2,26.3,74.34
2020,12,28,11,30,522,225,2.2,26.3,74.34
2020,12,28,11,45,772,923,2.2,26.400000000000002,74.23
2020,12,28,12,0,782,926,2.2,26.5,73.8
2020,12,28,12,15,518,187,2.1,26.5,73.8
2020,12,28,12,30,601,329,2.1,26.6,73.36
2020,12,28,12,45,590,313,2.1,26.6,73.65
2020,12,28,13,0,775,922,2.1,26.700000000000003,73.15
2020,12,28,13,15,763,918,2,26.700000000000003,73.15
2020,12,28,13,30,745,912,2,26.700000000000003,73.15
2020,12,28,13,45,722,900,1.9000000000000001,26.700000000000003,73.07000000000001
2020,12,28,14,0,697,893,1.9000000000000001,26.700000000000003,73.07000000000001
2020,12,28,14,15,182,3,1.8,26.6,73.5
2020,12,28,14,30,633,871,1.7000000000000002,26.6,73.5
2020,12,28,14,45,467,358,1.7000000000000002,26.6,73.16
2020,12,28,15,0,284,66,1.6,26.5,73.59
2020,12,28,15,15,23,0,1.5,26.400000000000002,74.03
2020,12,28,15,30,20,0,1.5,26.3,74.46000000000001
2020,12,28,15,45,16,0,1.5,26.3,75.21000000000001
2020,12,28,16,0,14,0,1.4000000000000001,26.200000000000003,75.65
2020,12,28,16,15,46,0,1.5,26,76.55
2020,12,28,16,30,260,657,1.5,25.8,77.46000000000001
2020,12,28,16,45,117,74,1.5,25.6,80.65
2020,12,28,17,0,98,111,1.5,25.400000000000002,81.61
2020,12,28,17,15,63,70,1.6,25.200000000000003,82.66
2020,12,28,17,30,33,16,1.6,25,83.65
2020,12,28,17,45,7,0,1.7000000000000002,24.900000000000002,84.65
2020,12,28,18,0,0,0,1.7000000000000002,24.700000000000003,85.66
2020,12,28,18,15,0,0,1.8,24.6,86.17
2020,12,28,18,30,0,0,1.8,24.5,86.69
2020,12,28,18,45,0,0,1.9000000000000001,24.5,87.07000000000001
2020,12,28,19,0,0,0,1.9000000000000001,24.400000000000002,87.59
2020,12,28,19,15,0,0,1.9000000000000001,24.400000000000002,87.59
2020,12,28,19,30,0,0,1.9000000000000001,24.400000000000002,87.59
2020,12,28,19,45,0,0,1.9000000000000001,24.400000000000002,87.59
2020,12,28,20,0,0,0,2.2,24.200000000000003,88.92
2020,12,28,20,15,0,0,2.2,24.1,89.45
2020,12,28,20,30,0,0,2.2,24,89.99
2020,12,28,20,45,0,0,2.3000000000000003,24,90.2
2020,12,28,21,0,0,0,2.3000000000000003,23.900000000000002,90.74
2020,12,28,21,15,0,0,2.4000000000000004,23.900000000000002,90.74
2020,12,28,21,30,0,0,2.4000000000000004,23.900000000000002,90.74
2020,12,28,21,45,0,0,2.4000000000000004,23.8,91.29
2020,12,28,22,0,0,0,2.5,23.8,91.29
2020,12,28,22,15,0,0,2.5,23.700000000000003,91.84
2020,12,28,22,30,0,0,2.5,23.700000000000003,91.84
2020,12,28,22,45,0,0,2.5,23.700000000000003,91.49
2020,12,28,23,0,0,0,2.5,23.6,92.04
2020,12,28,23,15,0,0,2.4000000000000004,23.6,92.04
2020,12,28,23,30,0,0,2.4000000000000004,23.6,92.04
2020,12,28,23,45,0,0,2.4000000000000004,23.6,91.02
2020,12,29,0,0,0,0,2.3000000000000003,23.5,91.57000000000001
2020,12,29,0,15,0,0,2.3000000000000003,23.5,91.57000000000001
2020,12,29,0,30,0,0,2.2,23.5,91.57000000000001
2020,12,29,0,45,0,0,2.1,23.5,90.34
2020,12,29,1,0,0,0,2.1,23.5,90.34
2020,12,29,1,15,0,0,2,23.5,90.25
2020,12,29,1,30,0,0,2,23.5,90.25
2020,12,29,1,45,0,0,1.9000000000000001,23.400000000000002,89.56
2020,12,29,2,0,0,0,1.9000000000000001,23.400000000000002,89.56
2020,12,29,2,15,0,0,1.8,23.400000000000002,89.56
2020,12,29,2,30,0,0,1.8,23.400000000000002,89.56
2020,12,29,2,45,0,0,1.8,23.400000000000002,88.7
2020,12,29,3,0,0,0,1.8,23.400000000000002,88.7
2020,12,29,3,15,0,0,1.8,23.3,89.24
2020,12,29,3,30,0,0,1.8,23.3,89.24
2020,12,29,3,45,0,0,1.8,23.3,88.84
2020,12,29,4,0,0,0,1.8,23.3,88.84
2020,12,29,4,15,0,0,1.9000000000000001,23.200000000000003,89.38
2020,12,29,4,30,0,0,1.9000000000000001,23.200000000000003,89.38
2020,12,29,4,45,0,0,1.9000000000000001,23.200000000000003,89.17
2020,12,29,5,0,0,0,1.9000000000000001,23.200000000000003,89.17
2020,12,29,5,15,0,0,2,23.200000000000003,89.17
2020,12,29,5,30,0,0,2,23.1,89.7
2020,12,29,5,45,0,0,2,23.1,89.55
2020,12,29,6,0,0,0,2.1,23.1,89.55
2020,12,29,6,15,0,0,2.1,23.200000000000003,89.11
2020,12,29,6,30,0,0,2.1,23.400000000000002,88.04
2020,12,29,6,45,0,0,2.1,23.5,90.37
2020,12,29,7,0,0,0,2.1,23.6,89.83
2020,12,29,7,15,42,305,2.2,23.8,88.76
2020,12,29,7,30,85,445,2.3000000000000003,24.1,87.18
2020,12,29,7,45,136,553,2.4000000000000004,24.3,88.03
2020,12,29,8,0,189,630,2.4000000000000004,24.5,86.99
2020,12,29,8,15,243,690,2.5,24.6,86.56
2020,12,29,8,30,297,736,2.5,24.700000000000003,86.04
2020,12,29,8,45,351,779,2.6,24.900000000000002,81.96000000000001
2020,12,29,9,0,402,808,2.6,25,81.47
2020,12,29,9,15,452,833,2.6,25.1,80.99
2020,12,29,9,30,500,855,2.6,25.3,80.04
2020,12,29,9,45,544,874,2.7,25.5,77.36
2020,12,29,10,0,586,890,2.7,25.6,76.9
2020,12,29,10,15,625,903,2.7,25.8,76
2020,12,29,10,30,660,914,2.8000000000000003,25.900000000000002,75.48
2020,12,29,10,45,689,909,2.8000000000000003,26.1,73.68
2020,12,29,11,0,715,916,2.9000000000000004,26.200000000000003,73.24
2020,12,29,11,15,740,924,2.9000000000000004,26.3,72.81
2020,12,29,11,30,759,929,3,26.400000000000002,72.39
2020,12,29,11,45,773,931,3,26.5,71.74
2020,12,29,12,0,783,933,3.1,26.5,71.67
2020,12,29,12,15,789,935,3.1,26.6,71.25
2020,12,29,12,30,790,935,3.2,26.6,71.25
2020,12,29,12,45,786,930,3.2,26.6,71.47
2020,12,29,13,0,778,928,3.3000000000000003,26.6,71.47
2020,12,29,13,15,765,925,3.4000000000000004,26.6,71.4
2020,12,29,13,30,748,921,3.4000000000000004,26.6,71.4
2020,12,29,13,45,728,916,3.5,26.6,71.88
2020,12,29,14,0,702,909,3.6,26.5,72.31
2020,12,29,14,15,673,900,3.7,26.5,72.31
2020,12,29,14,30,640,889,3.8000000000000003,26.400000000000002,72.73
2020,12,29,14,45,602,871,3.9000000000000004,26.3,73.81
2020,12,29,15,0,562,856,3.9000000000000004,26.200000000000003,74.25
2020,12,29,15,15,518,838,4,26.1,74.68
2020,12,29,15,30,472,817,4.1000000000000005,26,75.12
2020,12,29,15,45,422,788,4.1000000000000005,25.900000000000002,76.4
2020,12,29,16,0,134,0,4.2,25.8,76.85000000000001
2020,12,29,16,15,319,722,4.2,25.6,77.76
2020,12,29,16,30,78,0,4.2,25.400000000000002,78.69
2020,12,29,16,45,211,622,4.2,25.200000000000003,80.74
2020,12,29,17,0,158,551,4.1000000000000005,25,81.7
2020,12,29,17,15,63,61,4.1000000000000005,24.900000000000002,82.27
2020,12,29,17,30,60,328,4.1000000000000005,24.700000000000003,83.26
2020,12,29,17,45,23,160,4,24.6,84.83
2020,12,29,18,0,0,0,4,24.400000000000002,85.85000000000001
2020,12,29,18,15,0,0,4,24.3,86.36
2020,12,29,18,30,0,0,4,24.3,86.36
2020,12,29,18,45,0,0,4,24.200000000000003,87.21000000000001
2020,12,29,19,0,0,0,4,24.200000000000003,87.21000000000001
2020,12,29,19,15,0,0,4,24.200000000000003,87.21000000000001
2020,12,29,19,30,0,0,4,24.200000000000003,87.21000000000001
2020,12,29,19,45,0,0,4,24.200000000000003,87.21000000000001
2020,12,29,20,0,0,0,4.1000000000000005,24,87.75
2020,12,29,20,15,0,0,4.1000000000000005,24,87.75
2020,12,29,20,30,0,0,4.2,24,87.75
2020,12,29,20,45,0,0,4.2,23.900000000000002,87.34
2020,12,29,21,0,0,0,4.2,23.900000000000002,87.34
2020,12,29,21,15,0,0,4.3,23.900000000000002,87.34
2020,12,29,21,30,0,0,4.3,23.8,87.86
2020,12,29,21,45,0,0,4.3,23.8,86.9
2020,12,29,22,0,0,0,4.4,23.700000000000003,87.42
2020,12,29,22,15,0,0,4.4,23.700000000000003,87.42
2020,12,29,22,30,0,0,4.4,23.6,87.95
2020,12,29,22,45,0,0,4.4,23.6,87.15
2020,12,29,23,0,0,0,4.4,23.6,87.15
2020,12,29,23,15,0,0,4.4,23.5,87.68
2020,12,29,23,30,0,0,4.4,23.5,87.68
2020,12,29,23,45,0,0,4.4,23.5,87.25
2020,12,30,0,0,0,0,4.4,23.400000000000002,87.77
2020,12,30,0,15,0,0,4.4,23.400000000000002,87.77
2020,12,30,0,30,0,0,4.4,23.400000000000002,87.77
2020,12,30,0,45,0,0,4.4,23.400000000000002,87.58
2020,12,30,1,0,0,0,4.4,23.400000000000002,87.58
2020,12,30,1,15,0,0,4.4,23.3,88.02
2020,12,30,1,30,0,0,4.4,23.3,88.02
2020,12,30,1,45,0,0,4.4,23.3,88.32000000000001
2020,12,30,2,0,0,0,4.4,23.3,88.32000000000001
2020,12,30,2,15,0,0,4.5,23.3,88.32000000000001
2020,12,30,2,30,0,0,4.5,23.3,88.32000000000001
2020,12,30,2,45,0,0,4.6000000000000005,23.200000000000003,88.77
2020,12,30,3,0,0,0,4.6000000000000005,23.200000000000003,88.77
2020,12,30,3,15,0,0,4.6000000000000005,23.200000000000003,88.77
2020,12,30,3,30,0,0,4.7,23.200000000000003,88.77
2020,12,30,3,45,0,0,4.7,23.200000000000003,88.44
2020,12,30,4,0,0,0,4.800000000000001,23.3,87.91
2020,12,30,4,15,0,0,4.800000000000001,23.3,87.91
2020,12,30,4,30,0,0,4.800000000000001,23.3,87.91
2020,12,30,4,45,0,0,4.800000000000001,23.3,87.23
2020,12,30,5,0,0,0,4.800000000000001,23.3,87.23
2020,12,30,5,15,0,0,4.9,23.400000000000002,86.71000000000001
2020,12,30,5,30,0,0,4.9,23.400000000000002,86.71000000000001
2020,12,30,5,45,0,0,4.9,23.400000000000002,86
2020,12,30,6,0,0,0,5,23.5,85.48
2020,12,30,6,15,0,0,5.1000000000000005,23.6,84.97
2020,12,30,6,30,0,0,5.1000000000000005,23.700000000000003,84.55
2020,12,30,6,45,0,0,5.2,23.8,83.69
2020,12,30,7,0,0,0,5.300000000000001,23.8,83.69
2020,12,30,7,15,24,9,5.4,24,82.69
2020,12,30,7,30,81,352,5.6000000000000005,24.200000000000003,81.71000000000001
2020,12,30,7,45,132,478,5.7,24.3,80.31
2020,12,30,8,0,185,565,5.800000000000001,24.5,79.44
2020,12,30,8,15,240,633,5.9,24.700000000000003,78.5
2020,12,30,8,30,295,687,5.9,24.8,78.03
2020,12,30,8,45,351,738,6,24.900000000000002,76.56
2020,12,30,9,0,405,776,6.1000000000000005,25.1,75.65
2020,12,30,9,15,455,802,6.1000000000000005,25.200000000000003,75.2
2020,12,30,9,30,503,827,6.1000000000000005,25.3,74.76
2020,12,30,9,45,550,851,6.1000000000000005,25.5,73.48
2020,12,30,10,0,593,868,6.1000000000000005,25.6,73.05
2020,12,30,10,15,632,883,6.1000000000000005,25.700000000000003,72.62
2020,12,30,10,30,668,895,6.1000000000000005,25.8,72.19
2020,12,30,10,45,704,924,6.1000000000000005,25.8,72.2
2020,12,30,11,0,732,932,6,25.900000000000002,71.78
2020,12,30,11,15,756,939,6,26,71.35000000000001
2020,12,30,11,30,775,944,6,26,71.35000000000001
2020,12,30,11,45,790,945,6,26,71.32000000000001
2020,12,30,12,0,800,947,6,26.1,70.9
2020,12,30,12,15,806,949,6,26.1,70.9
2020,12,30,12,30,807,949,6,26.1,70.9
2020,12,30,12,45,467,124,6,26.1,71.03
2020,12,30,13,0,392,63,6,26.1,71.03
2020,12,30,13,15,783,941,5.9,26.1,71.03
2020,12,30,13,30,766,936,5.9,26,71.37
2020,12,30,13,45,744,930,5.9,26,71.23
2020,12,30,14,0,487,230,5.9,26,71.23
2020,12,30,14,15,689,913,5.9,25.900000000000002,71.65
2020,12,30,14,30,655,902,5.9,25.8,72.07000000000001
2020,12,30,14,45,286,48,5.9,25.8,71.92
2020,12,30,15,0,353,158,6,25.700000000000003,72.35000000000001
2020,12,30,15,15,532,853,6,25.6,72.78
2020,12,30,15,30,484,831,6,25.5,73.21000000000001
2020,12,30,15,45,434,802,6,25.400000000000002,73.59
2020,12,30,16,0,382,771,6,25.200000000000003,74.47
2020,12,30,16,15,328,734,6,25.1,74.91
2020,12,30,16,30,273,688,5.9,24.900000000000002,75.88
2020,12,30,16,45,217,625,5.9,24.700000000000003,77.05
2020,12,30,17,0,163,550,5.800000000000001,24.6,77.51
2020,12,30,17,15,110,453,5.800000000000001,24.400000000000002,78.44
2020,12,30,17,30,62,320,5.800000000000001,24.3,78.91
2020,12,30,17,45,24,137,5.7,24.200000000000003,80.11
2020,12,30,18,0,0,0,5.7,24.1,80.59
2020,12,30,18,15,0,0,5.7,24.1,80.59
2020,12,30,18,30,0,0,5.800000000000001,24.1,80.67
2020,12,30,18,45,0,0,5.800000000000001,24,81.43
2020,12,30,19,0,0,0,5.800000000000001,24,81.43
2020,12,30,19,15,0,0,5.800000000000001,24,81.43
2020,12,30,19,30,0,0,5.800000000000001,24,81.43
2020,12,30,19,45,0,0,5.800000000000001,24,81.43
2020,12,30,20,0,0,0,5.800000000000001,23.900000000000002,82.46000000000001
2020,12,30,20,15,0,0,5.800000000000001,23.900000000000002,82.46000000000001
2020,12,30,20,30,0,0,5.800000000000001,23.900000000000002,82.46000000000001
2020,12,30,20,45,0,0,5.800000000000001,24,82.18
2020,12,30,21,0,0,0,5.800000000000001,24,82.18
2020,12,30,21,15,0,0,5.800000000000001,23.900000000000002,82.67
2020,12,30,21,30,0,0,5.800000000000001,23.900000000000002,82.67
2020,12,30,21,45,0,0,5.800000000000001,23.900000000000002,82.83
2020,12,30,22,0,0,0,5.800000000000001,23.900000000000002,82.83
2020,12,30,22,15,0,0,5.7,23.900000000000002,82.83
2020,12,30,22,30,0,0,5.7,23.900000000000002,82.83
2020,12,30,22,45,0,0,5.7,23.900000000000002,83.4
2020,12,30,23,0,0,0,5.7,23.8,83.9
2020,12,30,23,15,0,0,5.7,23.8,83.9
2020,12,30,23,30,0,0,5.7,23.8,83.9
2020,12,30,23,45,0,0,5.7,23.8,84.48
2020,12,31,0,0,0,0,5.7,23.8,84.48
2020,12,31,0,15,0,0,5.7,23.8,84.48
2020,12,31,0,30,0,0,5.7,23.700000000000003,84.99
2020,12,31,0,45,0,0,5.7,23.700000000000003,85.46000000000001
2020,12,31,1,0,0,0,5.7,23.700000000000003,85.46000000000001
2020,12,31,1,15,0,0,5.7,23.700000000000003,85.46000000000001
2020,12,31,1,30,0,0,5.6000000000000005,23.700000000000003,85.46000000000001
2020,12,31,1,45,0,0,5.6000000000000005,23.6,86.36
2020,12,31,2,0,0,0,5.6000000000000005,23.6,86.36
2020,12,31,2,15,0,0,5.6000000000000005,23.6,86.36
2020,12,31,2,30,0,0,5.6000000000000005,23.6,86.36
2020,12,31,2,45,0,0,5.6000000000000005,23.5,87.11
2020,12,31,3,0,0,0,5.6000000000000005,23.5,87.11
2020,12,31,3,15,0,0,5.5,23.5,87.11
2020,12,31,3,30,0,0,5.5,23.5,87.11
2020,12,31,3,45,0,0,5.5,23.5,87.44
2020,12,31,4,0,0,0,5.5,23.5,87.44
2020,12,31,4,15,0,0,5.5,23.5,87.44
2020,12,31,4,30,0,0,5.5,23.400000000000002,87.96000000000001
2020,12,31,4,45,0,0,5.4,23.400000000000002,88.4
2020,12,31,5,0,0,0,5.4,23.400000000000002,88.4
2020,12,31,5,15,0,0,5.4,23.400000000000002,88.4
2020,12,31,5,30,0,0,5.4,23.5,87.88
2020,12,31,5,45,0,0,5.5,23.5,88.33
2020,12,31,6,0,0,0,5.5,23.5,88.33
2020,12,31,6,15,0,0,5.5,23.6,87.8
2020,12,31,6,30,0,0,5.6000000000000005,23.700000000000003,87.28
2020,12,31,6,45,0,0,5.6000000000000005,23.700000000000003,88
2020,12,31,7,0,0,0,5.6000000000000005,23.8,87.47
2020,12,31,7,15,37,190,5.7,24,86.52
2020,12,31,7,30,79,345,5.800000000000001,24.1,86
2020,12,31,7,45,128,458,5.9,24.3,85.48
2020,12,31,8,0,181,547,6,24.5,84.46000000000001
2020,12,31,8,15,45,0,6.2,24.6,83.96000000000001
2020,12,31,8,30,11,0,6.300000000000001,24.8,83.05
2020,12,31,8,45,87,0,6.5,24.900000000000002,81.17
2020,12,31,9,0,394,737,6.6000000000000005,25.1,80.21000000000001
2020,12,31,9,15,445,768,6.7,25.200000000000003,79.74
2020,12,31,9,30,493,793,6.9,25.3,79.27
2020,12,31,9,45,536,798,7,25.5,76.71000000000001
2020,12,31,10,0,578,817,7.1000000000000005,25.6,76.26
2020,12,31,10,15,617,833,7.1000000000000005,25.700000000000003,75.81
2020,12,31,10,30,653,846,7.2,25.8,75.37
2020,12,31,10,45,318,44,7.2,25.8,74.61
2020,12,31,11,0,329,44,7.2,25.900000000000002,74.17
2020,12,31,11,15,738,883,7.2,25.900000000000002,74.17
2020,12,31,11,30,150,0,7.2,26,73.66
2020,12,31,11,45,771,885,7.2,26,73.32000000000001
2020,12,31,12,0,782,888,7.2,26,73.32000000000001
2020,12,31,12,15,391,59,7.2,26,73.32000000000001
2020,12,31,12,30,789,890,7.2,26,73.32000000000001
2020,12,31,12,45,457,114,7.2,26,72.91
2020,12,31,13,0,777,880,7.2,26,72.91
2020,12,31,13,15,230,9,7.1000000000000005,26,72.91
2020,12,31,13,30,35,0,7.1000000000000005,26,72.91
2020,12,31,13,45,731,882,7.1000000000000005,25.900000000000002,72.87
2020,12,31,14,0,706,874,7,25.900000000000002,72.87
2020,12,31,14,15,678,866,7,25.900000000000002,72.87
2020,12,31,14,30,644,854,7,25.900000000000002,72.87
2020,12,31,14,45,608,841,6.9,25.8,72.83
2020,12,31,15,0,567,824,6.9,25.8,72.83
2020,12,31,15,15,523,804,6.800000000000001,25.700000000000003,73.26
2020,12,31,15,30,478,782,6.800000000000001,25.6,73.7
2020,12,31,15,45,428,755,6.7,25.5,73.82000000000001
2020,12,31,16,0,377,724,6.7,25.400000000000002,74.26
2020,12,31,16,15,324,683,6.6000000000000005,25.3,74.7
2020,12,31,16,30,270,636,6.5,25.200000000000003,75.22
2020,12,31,16,45,215,576,6.4,25,76.13
2020,12,31,17,0,161,498,6.300000000000001,24.900000000000002,76.58
2020,12,31,17,15,109,399,6.2,24.700000000000003,77.49
2020,12,31,17,30,62,266,6.2,24.6,77.96000000000001
2020,12,31,17,45,25,112,6.1000000000000005,24.5,78.3
2020,12,31,18,0,0,0,6.1000000000000005,24.400000000000002,78.85000000000001
2020,12,31,18,15,0,0,6.1000000000000005,24.400000000000002,78.85000000000001
2020,12,31,18,30,0,0,6.1000000000000005,24.400000000000002,78.85000000000001
2020,12,31,18,45,0,0,6.1000000000000005,24.3,78.74
2020,12,31,19,0,0,0,6.1000000000000005,24.3,78.82000000000001
2020,12,31,19,15,0,0,6.1000000000000005,24.3,78.82000000000001
2020,12,31,19,30,0,0,6.1000000000000005,24.3,78.82000000000001
2020,12,31,19,45,0,0,6.1000000000000005,24.3,78.82000000000001
2020,12,31,20,0,0,0,1.8,25.200000000000003,90.43
2020,12,31,20,15,0,0,1.8,25.1,90.97
2020,12,31,20,30,0,0,1.8,25.1,90.97
2020,12,31,20,45,0,0,1.8,25.1,91.04
2020,12,31,21,0,0,0,1.8,25,91.58
2020,12,31,21,15,0,0,1.9000000000000001,25,91.58
2020,12,31,21,30,0,0,1.9000000000000001,24.900000000000002,92.12
2020,12,31,21,45,0,0,1.9000000000000001,24.900000000000002,92.34
2020,12,31,22,0,0,0,2,24.900000000000002,92.34
2020,12,31,22,15,0,0,2,24.8,92.89
2020,12,31,22,30,0,0,2,24.8,92.89
2020,12,31,22,45,0,0,2.1,24.700000000000003,93.68
2020,12,31,23,0,0,0,2.1,24.700000000000003,93.68
2020,12,31,23,15,0,0,2.2,24.700000000000003,93.58
2020,12,31,23,30,0,0,2.2,24.6,94.14
2020,12,31,23,45,0,0,2.2,24.6,94.31
